   4.5552817e-02  -8.9914077e-02   1.8894686e-01   1.0215714e-01  -6.2251165e-02   4.7296163e-02  -2.7716434e-02  -1.4920039e-01  -1.5873442e-01   4.4331131e-02  -6.9057013e-02   2.4425868e-02   4.8204525e-02   1.9395725e-01  -5.2646449e-02  -4.3965811e-02  -1.7440613e-03   8.5487338e-02  -2.1476593e-01  -2.2453011e-02   4.5984349e-03   8.9168923e-02   9.4908808e-02  -2.1899144e-02  -4.3708116e-02  -9.1673460e-02   3.1928336e-02
  -5.5995835e-02   2.4263860e-02   1.0700010e-01  -4.8565049e-02  -1.6058103e-02   5.4086295e-02   2.2693912e-02   6.1453061e-02   2.0274795e-02   9.3658882e-02   4.2363901e-02  -6.1769949e-02   2.7962254e-02  -2.6824213e-02  -9.9564175e-02   3.3316437e-02   3.5373405e-03  -2.6069876e-02  -7.4591672e-03   8.5706004e-02  -1.8154254e-02  -7.1593455e-03  -4.9558874e-02   4.7672162e-02   2.7061400e-02  -5.9639649e-02   1.1937547e-01
   4.3268081e-01   2.9353699e-01   5.1640243e-02   8.0296336e-02  -1.3501022e-01   1.2107805e-01  -1.9815065e-01  -1.8655526e-01   2.7766878e-01   1.2364279e-01   2.8875546e-01  -2.0980913e-01  -1.2188210e-01   9.6394974e-02  -4.3215322e-01   3.0989342e-01  -1.8449753e-01  -1.0842414e-01   2.5087128e-01   2.7306684e-01   5.9607421e-04  -2.0613571e-01  -4.7403572e-01   1.6057133e-01   1.0215931e-01  -7.0383742e-02   2.6777795e-01
  -7.3929814e-02   4.8090656e-02   1.6844253e-01  -4.5566032e-02  -1.0553636e-01   3.1479112e-02   2.0806762e-02   3.3031651e-01   4.7565721e-02   3.3794726e-02   2.7519963e-02  -3.9414061e-02   9.2767995e-02   2.5971166e-02  -1.0075022e-01   6.5199561e-03  -4.4555582e-02  -3.3281467e-02   1.3331615e-01   1.6755360e-01  -5.1381581e-03   1.6894314e-02   1.6600947e-02   6.3124101e-02   6.0928384e-02  -3.5107133e-01   3.0385805e-01
   6.0435960e-02   1.9359346e-01  -6.0651743e-01   2.1476677e-01  -7.9082540e-01   5.5518972e-02  -2.2750734e-01  -4.7231270e-01  -2.8450264e-02  -4.1051398e-01   1.5718471e-01  -2.6606997e-01   2.1433383e-01   2.3394024e-01  -1.9336468e-01   9.9198070e-02  -1.9174161e-01  -1.6410451e-01   4.5826544e-01  -9.1925036e-02  -1.5388864e-01  -1.7132528e-01   3.4241194e-02   9.9367442e-02   1.3947859e-02   5.7842308e-01   2.6491047e-01
   1.9887107e-02  -2.0003950e-02  -8.9544022e-03  -4.0172053e-02   5.2022174e-02  -2.8139421e-02   4.2045144e-02   4.3999621e-02  -1.1821590e-02   9.4425673e-04  -3.5425437e-02   3.5018034e-02   1.9791155e-02  -1.6247456e-03   3.2409186e-02  -8.6704235e-03   4.9657956e-02   4.5641663e-03  -1.2369971e-02  -2.7411585e-02   2.3698231e-02   6.0946920e-02   6.1887563e-02   1.4849298e-02  -1.5588537e-02  -2.1929033e-02  -1.4975459e-02
   4.1124323e-02  -3.8365888e-02  -3.5323250e-02  -1.6690938e-03   2.7388572e-02  -4.8846379e-02   1.4469453e-02   7.9552850e-04  -4.5793765e-02  -6.8047015e-02  -4.8837195e-02   2.5679570e-02  -1.2212428e-03   1.8688950e-02   6.2111774e-02  -1.7655986e-02   2.4910228e-02   2.5376622e-02  -3.6256790e-02  -6.4550753e-02   1.7756896e-02   3.9470130e-02   9.5112091e-02  -2.9767655e-02  -3.0054665e-02   4.6628390e-02  -1.1117437e-02
   3.9278093e-02  -1.0361031e-02  -4.6915881e-02   4.2842307e-03   1.8894379e-02  -3.5296470e-02  -1.1624306e-02  -1.4607540e-02  -1.5589851e-02  -4.0136679e-02  -2.0980841e-02   8.0211501e-03  -4.2675050e-03   5.2876591e-03   5.4789331e-02   9.5687908e-03   2.3738447e-02   1.2303880e-02  -1.2057670e-02  -4.1966523e-02   8.7393340e-03   2.4538610e-02   4.7632146e-02  -1.8330811e-02  -2.1744872e-02   1.6183396e-03  -1.6127349e-02
  -2.2214741e-02   1.7919302e-02   3.6595286e-03  -3.9171649e-02   2.5681272e-02   2.7640948e-02   1.8658573e-02   4.5456698e-02   4.8428801e-02   5.7823058e-02   1.3043453e-03   1.8360073e-02   4.5030153e-02  -2.0478561e-02  -3.4335752e-02  -8.8945441e-03   2.5007187e-02  -2.1451834e-02   2.6326633e-02   5.0213231e-02   4.8699271e-03   3.1756133e-02  -1.7676782e-02   4.1140282e-02   8.7688006e-03  -5.1992338e-02  -2.1502672e-03
  -2.5331007e-01   1.9687962e-01  -1.1247145e-02  -2.1230671e-01  -5.4807126e-02   5.9561203e-02  -9.0101996e-02   8.0356777e-02   3.5963656e-01  -1.5001611e-01   2.0009052e-02  -3.6011435e-01  -5.5388988e-03   5.2089494e-02  -1.4395555e-02   1.6628004e-01   1.0215760e-01  -1.2913169e-01   2.5185648e-01   2.5603965e-01  -1.2025744e-02  -4.7510553e-02  -2.6859804e-01   9.4689396e-02   1.2850447e-01  -3.0596091e-01  -3.0141575e-01
   5.0217678e-02  -6.1724724e-02  -1.3314037e-02   2.7436323e-02   1.1144274e-02  -7.3868819e-02   2.4908292e-02  -6.6241201e-02  -1.1234031e-01  -1.0238684e-01  -4.6007483e-02   1.8935442e-02  -4.7422162e-02   5.2108036e-02   9.8234502e-02   6.8316903e-04   1.6296848e-02   4.4717746e-02  -9.6700413e-02  -1.3192300e-01   1.0264963e-02   1.4421610e-02   1.1845668e-01  -6.2255902e-02  -4.4265654e-02   1.7626595e-01   6.0030776e-05
  -7.5074777e-01  -4.1301549e-01   4.0584881e-01  -9.2406545e-02   3.9906883e-01  -5.7744318e-01   5.4290473e-01   2.6737922e-01  -3.4109866e-01  -4.7257821e-01  -2.6406138e-01  -5.3986033e-01  -3.5165211e-01  -5.7709678e-02   6.9010253e-02   8.0146815e-02   1.6724367e-01   7.4754119e-02  -2.7193724e-01  -4.7346462e-01   2.2538297e-01   3.9491150e-01   2.0714073e-01  -2.6303100e-01  -1.0005766e-01   3.8495875e-01  -4.7857382e-02
  -5.1491842e-02   6.1121842e-02   4.1818726e-03  -3.4677054e-02   3.0464304e-03   7.7577996e-02  -2.0211502e-02   9.6546965e-02   1.3310446e-01   9.9446932e-02   3.5415623e-02  -5.6022606e-03   6.1006588e-02  -6.4972220e-02  -1.2065590e-01  -1.9073062e-02  -1.9775127e-02  -4.7264988e-02   1.2013859e-01   1.5055630e-01  -5.8870014e-03  -6.4571822e-03  -1.0912752e-01   6.1727780e-02   4.8224827e-02  -1.9894831e-01   9.7395260e-04
  -1.7532350e-01  -2.0861323e-01  -2.4842887e-02  -6.7263934e-02   3.4354112e-01  -2.0552614e-01   1.0119244e-01  -8.1442791e-02  -1.5689952e-01   1.3946315e-01  -1.1860083e-01   7.4018428e-02  -5.6819661e-02   1.8755710e-02   4.8268005e-02  -1.7346760e-01   5.8016437e-02   1.2220620e-01  -7.3335369e-02  -3.3435851e-02   1.4843630e-01   1.7727621e-01   8.5552214e-02  -9.4211969e-02  -1.0501842e-01  -2.5542820e-01   3.4476203e-01
   2.8954771e-02  -3.5851531e-02  -2.6803233e-02   1.5157334e-02   4.7678001e-03  -6.0969504e-02   4.7135108e-03  -2.9959840e-02  -6.1865414e-02  -8.3891398e-02  -2.4727995e-02   7.2505643e-04  -3.8571658e-02   2.2578288e-02   6.6702004e-02   3.5726103e-04   9.2804908e-05   3.0287856e-02  -4.2276959e-02  -7.9454868e-02   9.8657191e-03  -1.4212776e-03   6.7220990e-02  -4.3977866e-02  -3.1965095e-02   8.5178820e-02   5.1229847e-03
  -5.3412631e-02   7.4663964e-02   6.8997223e-03  -2.5096360e-02  -8.6816924e-03   8.4122348e-02  -1.7164837e-02   1.0298640e-01   1.5497334e-01   1.2649664e-01   5.0285857e-02  -3.1056284e-02   5.9581565e-02  -8.6036334e-02  -1.2012692e-01  -6.2153433e-03  -3.3514077e-02  -6.2221476e-02   1.3459698e-01   1.7125433e-01  -1.2088171e-02  -1.9113104e-02  -1.4870823e-01   7.3126818e-02   5.9931834e-02  -2.4715967e-01  -2.0111305e-02
  -3.7243603e-02   6.7777614e-02   4.8736546e-02   1.4904937e-02  -6.1736087e-02   7.7742194e-02  -3.3259705e-02  -3.0050389e-02   7.6424881e-02   8.6748761e-02   7.3810094e-02  -3.4864976e-02  -1.0475718e-02  -2.8626164e-02  -8.0633328e-02   4.1766658e-02  -4.3483841e-02  -4.4425857e-02   5.3129310e-02   8.8520620e-02  -3.5296548e-02  -7.1351157e-02  -1.6078480e-01   4.3670052e-02   5.3377339e-02  -7.9245073e-02  -4.5451960e-03
  -3.5052229e-01   1.6729910e-01   1.4941657e-01   2.4380255e-01  -4.4600898e-01   1.3907264e-01   2.7761679e-03   2.3293920e-01   4.5650926e-01   3.1929572e-01  -1.5782033e-02   2.3227842e-01  -1.3496810e-02  -2.4558270e-01   3.8710613e-01  -6.7547923e-02  -2.1444220e-01  -2.7325436e-01   7.4529733e-02  -3.6851759e-03  -1.7743841e-01  -1.5485930e-02  -1.2285065e-01   7.4667661e-02   1.9058859e-01  -1.6283060e-01  -1.9543881e-01
   3.8805526e-01  -3.5020007e-02   6.0821822e-01  -4.4534882e-01   2.4648057e-01   1.7080732e-01  -1.2154746e-01   3.7155965e-01   1.4962995e-01   1.0930625e-01  -1.0326945e-01  -9.3956146e-02   8.1115142e-02  -8.4770055e-02  -1.9946929e-01  -1.8540897e-01   2.4342673e-01  -2.4446444e-02  -1.8885478e-01   2.0705802e-02  -6.6614289e-02   1.0825737e-01   1.4875152e-01   1.8290843e-02   9.5850419e-02  -7.0777658e-02   5.2533843e-01
   1.0473298e-02  -7.4597265e-03  -6.8745372e-03   4.1083222e-03   2.4509514e-04  -1.1610758e-02  -2.2845722e-03  -5.3971691e-03  -1.1472034e-02  -1.8146087e-02  -6.9135070e-03   1.1221067e-03  -7.1725470e-03   4.7874291e-03   1.3650062e-02  -7.2230702e-04  -9.3519317e-04   6.3922519e-03  -6.9332274e-03  -1.6357275e-02   2.5595899e-03   1.3087972e-03   1.3463010e-02  -9.5694156e-03  -6.1281828e-03   9.8857522e-03   1.7698540e-03
  -2.7676396e-01  -7.1278054e-02   4.2328157e-01  -1.6738043e-02   5.0556024e-01  -2.9848166e-01   6.1616279e-01  -1.6162264e-01  -1.8975836e-02  -4.4893171e-03  -5.7489526e-02   1.3001367e-01  -2.9515513e-01  -4.3587639e-01   3.1046177e-01   1.7452693e-02   3.1150152e-01  -1.5995247e-02  -3.2607477e-01  -1.8710383e-01   2.5598989e-02   6.0279593e-03  -1.9063277e-01  -1.0342569e-02   2.9740344e-02   1.6280094e-01   5.6757932e-01
  -5.8321284e-02   2.4642550e-02   6.1915173e-02  -5.6000186e-02  -1.0962405e-03   4.2477309e-02   2.6751459e-02   7.9465388e-02   4.8246836e-02   7.3873425e-02   2.2062552e-02   3.7823504e-03   4.0623754e-02  -1.6373441e-02  -7.5730868e-02  -3.5881657e-03   1.6562117e-02  -2.9041106e-02  -1.1863627e-02   7.0765517e-02  -1.3474311e-02   1.4570213e-02  -1.9957498e-02   4.8938332e-02   2.2403686e-02  -4.3123071e-02   1.1066660e-01
   3.4979609e-02  -2.2143610e-02  -6.7009781e-02   1.7403897e-02   1.1047010e-02  -3.0104782e-02  -1.4095117e-02  -2.4521808e-02  -2.4414050e-02  -7.3632774e-02  -3.4516966e-02   2.1138184e-02  -2.3890361e-02   1.1637275e-02   5.4049525e-02  -1.0620780e-03  -1.1187498e-03   1.7079365e-02  -2.6259938e-02  -5.6778082e-02   8.2907438e-03   8.1173352e-03   3.8832095e-02  -4.1181832e-02  -2.2472552e-02   5.9391679e-02  -3.7346663e-02
   8.4685481e-01  -3.7716754e-01  -1.5011838e-02   7.6961349e-01   1.3882714e-01  -1.4782090e-01  -6.2777557e-01   2.1026389e-01  -2.3494449e-01   3.9154505e-01  -4.3554522e-01   8.4829865e-01  -3.0847540e-01  -3.2700799e-01   6.4823841e-01  -4.9721695e-01  -6.2955461e-01   1.3318095e-01  -5.2073963e-01  -4.7783999e-01   1.7147642e-01   5.3746920e-01   3.3946851e-01  -2.5077003e-01  -7.6520619e-02   3.2087311e-01  -7.8525619e-01
   4.7764940e-01  -1.2391892e-01  -4.8458966e-01   2.4294734e-01  -2.9432618e-01  -2.6675106e-01  -4.3052866e-01  -1.0735658e+00  -2.0135373e-01  -5.7774926e-01  -1.8254180e-01   3.2721845e-01  -2.0352647e-01   2.9581648e-01   3.6312537e-01  -2.1456673e-01  -1.9499160e-01  -3.1753736e-02  -2.3524913e-01  -2.7510815e-01  -5.2882762e-02   1.9074887e-01  -9.3873242e-02  -2.1718128e-01  -1.5075279e-01   9.4636056e-02   1.2961538e-01
   3.7910971e-02  -4.9047971e-02  -1.0808359e-02   2.7452354e-02   8.0837086e-04  -7.0419662e-02   1.5158155e-02  -5.7705062e-02  -9.6115305e-02  -9.1952927e-02  -2.9783158e-02  -2.4828011e-03  -5.2273778e-02   3.9389653e-02   8.7568391e-02   1.0514338e-02   6.3655583e-03   3.8773658e-02  -7.4880593e-02  -1.0990441e-01   7.7553433e-03  -9.2967393e-04   8.7626068e-02  -5.4261004e-02  -3.5791115e-02   1.2937225e-01   2.5407603e-03
