   1.1065474e+00
   1.7590813e-01
  -1.2097932e-01
   2.4985693e-01
  -1.5148131e-01
  -3.5935159e-01
   2.7860841e-01
  -1.0103460e-01
  -4.5181980e-01
   4.5550284e-01
  -3.7784853e-02
   4.2395855e-01
   1.9868765e-01
   2.7064337e-01
   1.1629633e-01
  -3.9760359e-01
   3.3749926e-01
   3.2913633e-01
   2.1625894e-01
   2.6904165e-01
  -3.1017051e-02
   6.1229633e-01
  -1.1720953e-01
   5.2108129e-01
  -2.3894635e-01
   2.0125630e-01
   3.2194977e-01
   6.0534474e-01
  -8.7968907e-02
   3.1642515e-01
   2.3321994e-01
   9.9351899e-01
  -1.3088311e-01
