  -6.8827236e-01  -4.6754331e-01  -4.2659283e-01   1.6177796e-01  -3.8342087e-01  -3.7829052e-01  -5.4235301e-02
   1.6476626e+00  -2.9825549e-01  -9.5280780e-02  -1.0713770e+00   8.1382250e-01   7.9887728e-01   8.4500971e-02
   4.0871093e-01  -2.8511188e-01  -2.2125974e-01  -5.4198050e-01  -5.4650275e-01  -3.3493321e-01   6.3111819e-01
  -4.2679348e-02   8.0335826e-01   2.3530487e-01   3.9440992e-01  -1.0362847e-01  -7.3182717e-03  -2.4510434e-02
  -7.3990682e-01   3.2050090e-01  -1.2877421e+00   6.9617542e-01   1.1448252e+00   5.6776835e-01   1.8698635e-01
   1.4782226e-02  -1.4073203e+00   1.3923086e+00   1.3960871e+00  -2.8759026e+00  -8.7306630e-01   2.5189350e-01
   2.6435863e-01   8.4118550e-03  -6.5428523e-02   7.5260939e-02   1.6946197e-01   6.3888941e-02  -2.4631588e-01
   3.4498356e-01  -7.1544964e-01  -7.8721565e-01   5.4825461e-01   2.5895050e-02   5.8474175e-01  -6.6832217e-02
   2.5432861e-02   1.4952706e-02  -2.6204764e-02   1.7531793e-01  -2.0395970e-01   9.2755423e-02  -3.2401488e-01
   1.8061898e-01  -1.6566692e-01   2.8363805e-02  -2.3673879e-01   1.1835225e-01   1.9212138e-01   1.9089851e-01
   1.1265118e-02  -4.6530006e-01  -2.6457315e-02   1.2739370e-01  -1.1133978e-01  -3.9230875e-02   2.1256181e-01
  -6.1307004e-01  -6.0264209e-01   2.1369018e+00   9.8517433e-01   8.6878947e-01   3.4856610e-01  -7.8919128e-01
   4.5250349e-01   1.2049940e-02   1.1076097e+00  -1.1487642e+00  -2.7267379e-01   2.4479799e-02  -4.6195347e-01
  -3.0808207e-02   3.5880694e-02   8.5399417e-03   3.3646375e-01   1.2631753e+00  -5.7619345e-01   4.9870970e-01
   2.9881835e-01  -7.3792758e-01  -9.0833183e-01  -1.5355992e-02  -2.9560536e-01   8.8806133e-01  -6.7944393e-01
  -1.3461609e-01  -1.6786091e-01  -2.6673589e-01   1.7958789e-02   2.9735954e-02   7.9335362e-02  -4.0307835e-01
   2.3703113e-02  -1.5661946e-01   1.4254436e-01   3.9219411e-01   1.3261213e-01   1.7260003e-01  -5.5232587e-01
   1.9161757e-01  -8.7529144e-01  -9.8481627e-01  -1.1151586e+00   1.5609898e+00  -5.3630309e-01  -1.6854656e-01
  -3.4550153e-01   2.3394709e-01   6.3431395e-01   1.2068301e-01   7.6097524e-01  -1.0792889e-01   1.7112238e-02
   2.3705001e-01   3.5446272e-02  -5.4093894e-01  -4.1696733e-02   1.9686260e-01  -1.2411163e-01  -4.5644845e-02
   1.9074067e-01  -3.2357496e-01  -7.5795005e-02   9.2740374e-02  -2.4538252e-01  -8.8958123e-02   2.1324139e-01
  -8.8926083e-01   1.6250257e-01   1.0924631e+00   6.1984346e-01   4.2252358e-01   4.1464558e-01  -1.1421984e-01
   1.1902947e-01   1.6084181e-01   6.9442230e-02   2.7581280e-03  -5.8757006e-01   9.4472999e-02  -3.3914540e-01
   1.2769672e-01  -1.0415227e+00  -3.4941815e-01  -6.2730260e-01   2.3432294e-01  -1.4123480e-01   2.0626352e-01
   2.0075723e-01   6.7848145e-02   1.1042808e-01   3.4129607e-03  -7.6736961e-02   4.5858148e-02   4.0522640e-02
  -2.7034037e-01   3.8477455e-02  -3.3722783e-01  -2.1410245e-01   6.2718005e-02   1.7336094e-01   4.4291093e-02
  -4.3674509e-01  -2.5528167e-01   6.0264039e-02  -1.4533207e+00  -2.0771194e-01  -9.5648601e-01   5.9447161e-02
   1.5309022e-01  -3.4454219e-01   1.9216077e-03   9.6880567e-02  -4.2251482e-02  -3.1567953e-01  -2.8460221e-01
