   7.7959181e-03   2.3885303e-02  -7.3191857e-03  -3.9796433e-02  -1.4978191e-02  -1.3468858e-05   5.6683582e-03   6.4918980e-03   5.1742529e-03  -1.0852232e-02   4.5185572e-03  -2.3570823e-03  -1.8467441e-02  -1.3316377e-03  -5.1051777e-04   2.1973166e-03   3.8430198e-03   3.2241402e-03  -1.2737376e-02   8.6248433e-03   6.2681706e-03   3.0108481e-03  -2.7028572e-03  -6.5042832e-03  -6.7521081e-04   8.3569013e-04  -2.2456963e-02   1.2173349e-02
   7.5688546e-02  -1.9035516e-01   1.7882267e-01   6.9316549e-02  -7.6542355e-01  -1.1314593e-01   4.3904302e-01  -3.9020689e-02  -4.0839679e-01   3.1377681e-02  -1.6695384e-01   1.0379539e+00   1.5117215e-01   8.7891832e-02  -5.7348813e-02  -8.3418353e-02   5.4242546e-01   1.5598594e-01  -1.8473170e-02  -5.2908441e-01  -1.2065089e-01  -5.8709632e-02  -2.9323839e-01  -3.2507633e-01  -2.8655258e-01  -3.2147984e-01  -7.5796788e-02   3.2168682e-02
   1.8143195e-02  -1.0170009e-01   3.5010516e-02   7.6685439e-02  -2.1734714e-02  -1.2002825e-02   5.1559667e-02  -2.2935447e-03  -1.4048431e-02   1.1186292e-02  -5.4435995e-04   3.1399553e-02   3.9467222e-02   4.2708692e-03   3.4242655e-03   5.0176491e-04  -2.6480456e-03   2.3590980e-04  -1.3171369e-04  -4.5938234e-02  -6.4732376e-03  -2.9458021e-02   1.0991685e-02  -9.9057994e-03   2.0836403e-03   8.0546971e-02   6.4332482e-03  -2.5889048e-02
   1.8731966e-05  -7.6005873e-02   6.5500394e-03   3.1972065e-02   1.6299690e-02  -2.3271797e-03   2.4483163e-02  -3.9676011e-03  -6.0512353e-02   1.3129878e-03   1.1939295e-02  -1.8361457e-02  -2.7539306e-02   1.0945634e-02   1.4899818e-03   6.3253346e-03   4.5431182e-03   1.2838357e-02   8.9532497e-03  -9.3170014e-04  -1.9840183e-03  -8.2908487e-03   1.6020253e-02   1.2634891e-02   2.1172689e-02   6.6401635e-02   4.9093050e-03  -1.6063642e-02
   8.1705192e-01  -7.3627614e-01   5.4900830e-01  -5.3284341e-01  -5.2852368e-01  -4.1907058e-02   7.7106341e-01  -2.1376918e-02  -1.8495918e-01   2.0679178e-01  -2.9843927e-01  -1.8668318e-01  -3.3766431e-02   4.1070327e-02   1.0239177e-01   8.8507566e-03   2.0943538e-01   1.5351689e-01  -2.5966959e-02  -3.5987610e-01  -3.5121603e-01   9.5904329e-02  -1.8418636e-01   6.0045253e-02  -3.6814291e-01   7.6449826e-01   3.5203924e-02   1.1121520e-01
  -5.6413302e-02  -3.8168404e-01   1.1028653e-01  -6.6387302e-02   3.8583799e-01   2.1123170e-01  -4.5069828e-02   2.2650935e-01   3.7084084e-03   7.0708500e-02   1.1222748e-02  -4.6112025e-01  -2.6631587e-01  -2.3251847e-02   6.3010909e-02   3.2723474e-02  -5.3632644e-01   8.7184589e-02  -7.7488106e-02  -6.3481988e-01   5.6352301e-01   3.3544050e-01   1.0250156e-01  -9.4091584e-02   5.2006498e-03   1.7200097e-01   1.4374125e-01  -1.6153249e-02
  -2.3245214e-01   7.4600149e-02   3.7168617e-02   1.8662451e-01   2.0272183e-01   7.0626549e-02  -2.8063166e-01   3.4854090e-02   1.9226207e-01  -9.4308419e-03   9.4948421e-02   1.8602614e-01   3.5576645e-01  -1.1432352e-01  -1.5419401e-02  -2.5504612e-02  -4.1313782e-01  -1.8318011e-01   2.6818812e-02   4.2492665e-01   5.0428063e-02  -1.4933434e-02   1.5091976e-01  -4.7858823e-02   4.8418055e-02   3.3699316e-01   1.6776978e-01  -3.4566532e-02
   5.4664520e-02  -2.7721285e-02   2.8566324e-04   1.3571059e-02  -1.5787781e-01  -9.7008199e-02   1.2484128e-01  -7.3013709e-02  -1.3992806e-01  -3.4272305e-02  -1.3522906e-01   1.5084958e-01  -3.2639896e-01   1.4144732e-02   1.0794995e-02  -2.2114555e-02   2.1637664e-01   1.3370047e-01  -3.4208444e-02   7.9682134e-02  -1.2552275e-01  -1.6803603e-01  -2.9061272e-01   5.3862305e-01  -1.5805251e-01   8.5192692e-02  -1.0539910e-01   1.4170196e-01
   1.1199145e-02   7.6366974e-02  -6.3062860e-02  -4.7876824e-02  -3.2064269e-03   1.5523493e-02  -5.4986769e-02   1.2573098e-02   1.9301482e-02  -2.8427933e-02  -2.0678324e-03  -1.4128047e-02  -4.0975808e-02  -4.8631800e-03  -1.2348386e-02   1.0448094e-02  -3.3849160e-02  -1.8800914e-02  -1.5739473e-02  -1.2284352e-02   1.0231449e-01   1.1581240e-01   1.2484866e-03   3.1171017e-02  -1.6118700e-02  -9.5443082e-02  -1.1768339e-02   4.3629856e-02
  -1.4850934e-02   5.6162900e-02  -8.2897202e-03  -7.1789160e-02  -8.8915538e-03   9.1640936e-03  -3.6375213e-02  -1.6820188e-03  -5.6134051e-03  -2.2429354e-02  -6.2645251e-05  -2.9733952e-02  -2.5303663e-02   8.6983238e-03  -1.0026451e-02   8.3416612e-03  -1.4873227e-03  -1.2649286e-02  -5.6144357e-03   5.4556500e-02   4.9277032e-02   6.0306140e-02  -1.1637094e-02   3.1771002e-02  -2.2018812e-03  -5.6455291e-02  -2.1784597e-02   1.6251453e-02
  -2.8478949e-01  -9.5224939e-02  -1.0922585e-02   7.0241061e-02   7.2285711e-02  -7.1864985e-03   1.8998050e-01  -1.6941754e-02  -1.5321433e-01  -6.0893043e-02  -6.4810546e-02   6.4490395e-02   3.8707811e-01   1.7501690e-02   3.9940976e-03  -2.0691104e-03   8.0606876e-01   3.6625180e-02  -1.1777236e-02   1.7737241e-01   3.6395305e-01   8.6169489e-02  -1.4886940e-01   6.1392976e-01  -1.2390053e-01  -1.0235942e-01  -5.9881398e-02   5.5736470e-02
   1.0902896e-03   1.6793719e-02  -7.2579017e-03  -1.2855465e-02  -7.6169573e-03  -4.8944202e-04  -6.4862368e-03  -3.1475167e-04  -5.9228695e-04  -7.9719050e-03   4.6086801e-04  -1.4523687e-03  -4.1583247e-03  -9.5132326e-04  -1.4979611e-03   2.1182698e-03   7.8128026e-03  -5.3676957e-03  -3.5072731e-03   6.9621994e-03   1.4367451e-02   1.4910422e-02  -1.4631131e-03   5.2303849e-03  -1.9640851e-03  -1.6199114e-02  -6.7050364e-03   3.3116081e-03
   5.6924900e-03   6.6395684e-02  -3.0502795e-02  -4.9442545e-02  -4.4856944e-03  -7.1346277e-03  -1.5085369e-02   8.6579268e-04  -1.1537048e-02  -1.9810169e-02  -5.2216730e-03   1.2828797e-02  -1.3387364e-02  -4.6609092e-03   5.1776505e-03   1.4935563e-03   3.6398615e-02  -2.1144801e-02  -3.2104542e-03   6.4418827e-03   3.0765432e-02   3.7104261e-02   7.1380433e-03   1.7115976e-02  -9.9691602e-03  -8.9185652e-02  -1.1744851e-02   1.9484310e-02
  -6.2750382e-02   1.0034206e-02   1.4319464e-02  -1.0848867e-02   7.4497359e-02   4.1699691e-02  -4.1515407e-02   1.9038590e-02   1.1113590e-02   4.4945707e-02   9.2987344e-03  -2.3689458e-02  -4.6005341e-02   1.2367529e-02  -1.7621750e-02  -6.0976806e-03  -6.8048920e-02   5.2631899e-02   9.1927213e-03  -5.2767140e-02  -6.3009862e-02  -2.6544565e-02   2.7012732e-03  -4.9921421e-02   1.9392796e-02  -8.1208884e-03   4.9925619e-02  -1.8678057e-02
  -9.1844194e-03  -1.0783334e-02  -7.1484143e-03   1.1310918e-02   1.5679813e-02  -6.0837925e-04   1.1194820e-02  -4.9976327e-04   2.4096181e-03   6.4687617e-03  -5.7892119e-04  -2.1458502e-02  -3.9752451e-03   4.4350231e-03  -2.8689485e-04   2.7045005e-03  -1.5432943e-02   1.3520797e-02  -6.0709472e-03   2.5402025e-03   7.2556339e-03   3.7134450e-03  -1.1455053e-02  -7.9010810e-03  -7.6156470e-04   7.4558850e-03  -1.2358525e-02  -1.7811285e-02
  -6.3527535e-02  -1.9274426e-01   5.9911422e-02  -1.3604828e-01  -6.2394247e-01  -3.7009075e-02   1.3870852e-02  -7.6075502e-02   1.3188248e-01  -6.9381826e-02   4.3267438e-02  -1.7066583e-01  -5.1517931e-02   8.3265259e-02   3.2541144e-02   1.1466549e-01   4.6452550e-01  -8.7567891e-02  -1.1069473e-02  -9.6145244e-02   6.0223522e-02  -1.4771700e-01  -1.6556844e-01  -7.6990533e-02   3.5419787e-02   9.8134233e-02  -1.8376218e-01   7.0156033e-02
  -5.7974113e-03  -1.0789858e-01   7.0177619e-02   7.7886860e-02   3.9079002e-03   6.4503730e-03   2.0582427e-02  -1.9173824e-03   9.8615346e-03   1.7879834e-02   1.1597499e-02  -3.7391167e-02   1.6815392e-02   5.3603125e-03  -6.9852584e-03  -1.0390217e-03  -5.1306358e-02   1.7021000e-02   3.8371518e-03   5.8329357e-03  -3.6084918e-02  -3.8664972e-02  -1.6199105e-03  -3.0677806e-02   1.8797711e-02   1.5829678e-01   1.1245516e-02  -3.3856984e-02
   2.8469731e-02   2.2898781e-02  -7.4723742e-03  -2.1029827e-02  -5.5737265e-02  -2.2688653e-02   4.4741839e-03  -8.9492712e-04  -1.8748710e-02  -5.0252928e-02  -6.4164131e-04   3.7110383e-02  -9.9938484e-05  -1.4998743e-03   1.8213640e-02   1.6636083e-02   8.9036608e-02  -6.5041324e-02  -1.3985391e-02  -3.0745633e-02   7.8605762e-02   5.7124391e-02   1.6490425e-02   3.3732364e-02  -1.2055483e-02  -7.7488650e-02  -3.3203455e-02   2.6064693e-02
   2.8558993e-01   5.5227514e-02  -3.0863626e-02   2.1802939e-01  -4.6910674e-01  -2.9137198e-02  -1.5215317e-01  -6.8977133e-02   2.5900477e-01  -3.1984968e-02  -4.1904009e-02   1.7016843e-02  -2.2624441e-01  -7.7299635e-02   3.1114696e-02  -2.7631353e-02  -6.0258602e-02   1.6500014e-02   8.6561094e-03   2.5697706e-01  -2.2054889e-01  -4.3501768e-01  -2.7522705e-01  -2.5357497e-02  -6.5499962e-02   5.7360658e-01  -6.2382498e-02   1.8720187e-01
  -1.8918556e-02  -6.9659386e-02  -2.3116675e-02  -6.8997279e-03  -9.2085855e-02   4.8647302e-02   1.8151144e-02   1.6866897e-02   2.4884789e-01  -1.3835333e-03   1.7554233e-02  -2.0320655e-01  -1.1464234e-01   8.1355711e-04   1.6927783e-02   4.8413037e-02   5.8159138e-03   9.3723933e-04  -9.8069054e-03   3.9324085e-02   2.0723415e-01  -3.6238414e-02  -7.4167727e-02   6.7774566e-01  -5.0603024e-03   1.5667224e-01  -2.6026651e-02   7.9056763e-02
