  -7.7549293e-02   1.1678973e-02   2.3237240e-02   1.2753501e-02   1.7580523e-02  -5.0966457e-02  -4.2912448e-04  -7.9271500e-02   1.3270634e-01   1.7620495e-02   7.7023068e-02  -6.9262487e-03   7.7071198e-02   1.1473228e-01   1.2084670e-02   2.2286445e-02  -5.1960625e-02   3.4557231e-02   3.4763385e-02   2.9652349e-02   1.1824987e-02  -5.8053266e-03   1.9538134e-02  -4.7614043e-02   8.4370758e-02   6.6053635e-02   2.4952495e-02
   1.4396974e-02  -3.5622780e-03  -2.2262058e-02  -1.2648785e-02   9.9749988e-02   1.1609257e-01  -1.8163021e-03   8.1827642e-02   2.3551667e-02  -2.0753528e-02   3.5006647e-02  -1.0648161e-01  -1.1446538e-01  -1.6933516e-01  -3.6533491e-02   1.7109169e-03   4.1888951e-02  -7.2910263e-03  -4.1157946e-02   7.9732867e-02   1.2377634e-01   2.8273712e-02  -6.4000284e-02  -1.0899949e-02   3.0811748e-02   2.9451011e-02   7.4397943e-02
  -1.4040861e-01  -4.8700319e-01   2.9588459e-01   2.4690536e-01   4.2520271e-01   1.2353747e-01  -2.9584906e-01  -1.4833591e-01   2.0108122e-01  -1.6590286e-01  -1.1990374e-01   1.3090056e-01  -1.4504210e-01   9.9012684e-02   1.9553110e-01  -1.2353468e-02   3.8874121e-01  -7.4387823e-02   1.7505400e-01   1.7994325e-01   5.5341721e-01  -1.7844227e-01   2.9832101e-01  -1.5345114e-01   1.0796181e-01  -1.3249894e-02   6.1598728e-02
  -2.8720466e-03   4.6421366e-02   9.5849751e-02  -1.1217943e-02   1.1554738e-01   1.0156068e-02  -2.0768578e-02  -1.4237429e-01   5.4588011e-02  -2.3241595e-02  -3.7149830e-02   4.2312247e-02   2.7292566e-03   9.1180724e-02   2.9439740e-02   1.8928087e-02  -3.5466718e-02  -2.1895293e-03  -4.8717773e-03   9.5520299e-03  -3.4692119e-02  -3.0381558e-02   1.1098773e-02  -8.0609758e-03   4.2228300e-02   2.2551210e-02  -2.4041387e-02
   3.1316442e-03  -2.9595324e-02  -4.6381350e-02  -2.5768064e-02   4.1252405e-02   1.0408566e-01  -3.2763584e-02   1.4662528e-01   2.8967266e-03  -1.8184921e-02   4.3257297e-02  -7.0250785e-02  -7.9429759e-02  -1.9581212e-01  -9.3122011e-02   1.0537875e-02   2.9440883e-04   1.3835108e-02  -8.5160834e-02   2.3279838e-02  -6.0493496e-03   2.5570689e-02  -1.3067607e-01  -4.2176338e-04  -5.3061037e-02  -8.4832801e-03  -2.0042561e-02
   1.3275880e-01   1.6156559e-01   6.1366836e-02  -1.1823844e-01   9.8841668e-02  -1.4905168e-01   2.3300498e-01  -4.1463639e-02   4.7072028e-02   1.8376025e-01  -8.1194517e-03   2.0793981e-02   8.7418050e-02   3.2198598e-01  -7.2326541e-02   1.0913807e-01  -1.1207444e-01  -1.6303679e-02   4.2481955e-02  -3.8039513e-02   4.7547354e-02   3.2418802e-02   6.0402045e-02  -2.0057773e-02   5.6283591e-02  -8.5145449e-03   1.5230390e-01
   1.3186127e-02  -1.0185022e-02   3.1326927e-02   3.9842030e-03   4.0758369e-02   4.4549579e-04   5.6331492e-03  -5.9172997e-02   8.5068716e-03  -3.2284367e-02  -1.7783525e-02   3.3028736e-02  -1.8778461e-02   6.1030572e-02   5.3594133e-02  -2.1332970e-02   3.3498623e-02  -8.4390748e-03   4.2458406e-03  -1.4911234e-02   3.4332799e-02  -4.1726932e-02   4.4771261e-02  -2.2424798e-02   1.4768399e-02   1.0020488e-03   5.9346268e-03
   4.1859334e-02  -2.9573132e-01  -3.4318674e-01   4.8387225e-02  -4.7870877e-01  -2.7835998e-02  -1.2783463e-01   5.1626171e-01  -2.1539768e-01   3.0317965e-01   1.2431263e-01   9.8942723e-02  -1.3276016e-01  -3.4640208e-01  -6.9414709e-02  -1.7656814e-01   5.7449271e-02   1.2159248e-02   7.9472782e-03   1.1013178e-01   4.6496808e-03   1.2574075e-01  -1.7472042e-02  -8.5872808e-02  -2.7292203e-01  -4.5142388e-02  -2.8900353e-02
   1.8921996e-01   2.3343039e-01   1.6723722e-02  -1.1380723e-01  -3.8959875e-03   2.2707743e-01  -1.0081972e-01  -3.4302249e-01  -1.1929650e-02  -1.0245602e-01   2.2839209e-04  -1.5124792e-01  -1.8287922e-01  -3.5271948e-01   5.9777807e-02   2.6200202e-01   2.6442233e-01  -1.4237999e-01  -8.3143744e-02   2.5095581e-02   8.2255110e-02   3.1525564e-02  -2.0083878e-01  -1.2279927e-02  -6.8782388e-02  -8.2185755e-02   1.4754295e-01
  -1.1321708e-02  -4.3983577e-02  -4.7011828e-02   7.8000073e-02   1.3591441e-01  -2.8368707e-02   1.2199375e-01   1.6116196e-01   5.8440917e-02   1.9745442e-02  -4.8141420e-02  -6.4040952e-03  -3.1491175e-02   1.0858122e-01  -3.7965873e-02  -1.3265595e-01  -1.4981176e-02   1.5068708e-02   2.7236580e-02   6.5551985e-02   7.9045868e-02  -3.0854843e-02   1.1965764e-01  -5.6141492e-02   7.2706118e-02   1.9693662e-02  -2.2659279e-02
   1.3246641e-02   1.1369248e-01   3.2088146e-02  -3.8143232e-02  -8.7808770e-02  -1.5387057e-02  -6.6828526e-02  -6.8799461e-02  -3.0934327e-02   1.9154133e-02   7.0914410e-03  -9.4597097e-03   8.9108005e-02  -7.3566722e-02  -1.0862786e-01   1.2126195e-01  -1.2414846e-01   2.3834981e-02  -5.2634090e-02  -2.2216607e-02  -2.2201586e-01   2.8047787e-02  -1.6300635e-01   1.0153934e-01  -6.1670558e-02  -7.1543259e-02  -1.3200297e-01
   1.5221861e-03  -1.5385351e-03  -2.0121957e-02  -2.8824094e-03  -2.4074514e-02   2.6191435e-03  -1.6521994e-04   2.7418896e-02  -5.1354945e-03   7.8640528e-03   9.0946316e-03  -2.4756169e-02   3.8926532e-03  -3.3719012e-02  -1.7110925e-02   1.4541067e-02  -5.4211608e-03  -1.6105424e-04  -1.7640984e-03  -2.0993038e-03  -2.5419341e-04   1.7235568e-02  -1.7894211e-02   8.1016792e-03  -1.0878094e-02  -4.4309410e-03   9.5809708e-03
  -6.0499103e-02  -4.0969421e-03   7.0799932e-03   2.8320680e-02   1.1777223e-01  -1.6031209e-02   4.6242994e-02  -1.3434450e-02   4.4103646e-02  -2.5341992e-02   3.5736695e-02  -3.2548893e-02  -1.3269859e-02   9.5523679e-02   1.2789594e-01  -1.3420658e-02   3.1973217e-02  -2.9958546e-02   6.5033104e-02   7.6205733e-02   7.3316530e-02   6.4227104e-02   6.9560652e-02   1.6473392e-02   5.4341052e-02   5.0981493e-02   2.2899590e-02
  -3.5701424e-02   1.8873677e-01   3.6687479e-03   2.6260366e-01  -9.8373897e-02  -3.8761002e-01   3.4112558e-01  -2.7838433e-01  -2.0452583e-01   1.1857247e-01  -2.9578074e-01   3.8346029e-01   1.9617495e-01   3.0954507e-01   1.4398190e-01   3.7601535e-02  -4.7057813e-01  -8.0436584e-02   2.3734815e-01  -1.5901359e-01  -3.8200264e-01  -1.0748144e-01   2.0271158e-01   8.2850950e-02   2.1729184e-02  -2.4869978e-01  -1.7249999e-01
   5.0422376e-02   1.1065336e-01   1.1451675e-01  -2.0856903e-02   9.2692568e-02   2.8512220e-02   3.3526490e-02  -6.8666111e-02  -7.6082584e-02  -9.2535063e-03  -6.9227581e-02   1.4023744e-01  -2.0760938e-02   3.9864502e-03   6.2424674e-02  -9.2005243e-03   4.8780088e-02  -1.1930119e-02  -5.1914821e-02  -6.3392769e-02  -3.9452363e-02  -1.1073449e-01  -1.3010079e-02   1.4249528e-02  -1.0961698e-02  -5.2309091e-02  -9.8779003e-02
  -5.0767827e-01  -5.2846518e-01   4.3113328e-01   2.0184805e-02   8.2300415e-01   4.5373752e-01  -4.2855129e-01  -7.8755249e-01   3.9578440e-01  -5.5265893e-01  -1.0414708e-01  -1.2854310e-01  -7.8979665e-02   1.8534730e-01   6.8519541e-01   3.6314634e-01   2.8680005e-01  -1.5861648e-01  -1.3012064e-01   8.9228598e-02   4.0457536e-01  -4.4356562e-01   4.4213278e-01   1.9557697e-01   1.6248503e-01   2.1893628e-01  -1.7721942e-01
  -1.2372401e-02   9.0310275e-04   2.4633307e-02   7.5310445e-03   2.7812793e-02  -3.5080481e-03  -1.3136757e-02  -3.6510228e-02   4.1800461e-03  -1.7029320e-02  -5.0716924e-03   3.3373615e-02  -2.7001060e-03   3.2545550e-02   1.8403956e-02  -2.9462200e-02   4.4693058e-03   7.7225509e-03  -6.9038078e-03   4.6861040e-03  -1.6957019e-02  -1.8629870e-02   8.6568212e-03  -6.6004886e-03   1.0521998e-02   3.2014778e-03  -2.5779913e-02
   2.0003792e-02   1.3410784e-02   5.0326368e-02  -6.8545791e-03   5.5329001e-02  -7.7558499e-03  -5.9939034e-03  -1.1816051e-01  -3.5338913e-02  -2.8384164e-02  -5.1691214e-02   5.3935321e-02   2.6238657e-03   8.8063119e-02   6.8743178e-02  -1.7209286e-02   6.6233699e-02   2.9580925e-03   2.3135772e-02  -2.0995937e-02   1.6988294e-02  -7.8972563e-02   5.0256708e-02  -2.7767055e-02   2.6123115e-02   1.5894310e-02  -3.2876937e-02
   5.3118683e-02  -1.9017143e-02   1.7544259e-02  -1.1715241e-02   5.9327008e-03   2.0021952e-02   2.3571429e-02  -2.7687448e-02   1.0299248e-02  -7.1078872e-03  -2.9610226e-02  -1.8811526e-03  -4.1054615e-02   3.7065716e-02   4.7875120e-02   4.9259787e-02   2.3825318e-02  -5.4681146e-02   1.2685301e-02  -1.5425906e-02   5.9749922e-02  -2.2094951e-02   4.6107926e-02   9.6207893e-04  -1.1814331e-02  -2.3020965e-02   4.8230941e-02
   7.0489159e-02   1.9011872e-01  -8.1472970e-02   1.7331321e-01   1.9831912e-01  -4.0349616e-02   7.0562433e-02   2.0483539e-01   3.1723185e-02  -3.8747598e-03   1.1828705e-01  -1.8584326e-01   6.0364110e-02   1.5264885e-01  -2.0096027e-01  -2.8550272e-02  -1.7577958e-01   3.9647931e-02   6.0818425e-02   9.6707755e-02   8.9854707e-03   1.1995758e-01  -2.7208443e-02  -5.4399130e-02  -7.1445224e-03   8.4741826e-03   5.1601114e-02
   1.4939533e-01  -8.7396358e-02   2.1642989e-02  -7.0413829e-03  -5.0299311e-02   2.8713842e-02   9.0847423e-02   2.0656422e-01  -1.0187842e-01  -6.4433853e-03  -2.5821341e-02   1.5597436e-01  -1.8265327e-01  -1.1515834e-02  -1.5632447e-01  -1.1506541e-01   6.0900525e-03  -3.5159421e-02  -2.2528409e-02   6.0388565e-02   7.7374522e-02   3.8500074e-02   4.2889301e-02  -1.7682074e-01  -3.0112863e-02  -7.9323076e-02   4.3008337e-02
   6.3910136e-02   4.0322663e-02  -5.2967195e-02  -3.9002334e-02  -9.0268922e-02   4.4323559e-02   6.2668592e-02   8.5067597e-03   4.3759666e-03  -3.6218806e-02   1.6394080e-02  -1.1985655e-01  -2.9830208e-02  -7.5070867e-02  -1.1229480e-02   8.2668444e-02   7.2540377e-02  -3.5715235e-02  -7.6804325e-03  -4.7070436e-02   1.1191093e-01   1.9684053e-03  -1.1930656e-02   1.4280172e-02  -5.6084435e-03  -3.6621861e-02   1.3299598e-01
   3.3276084e-02   8.1639731e-04  -2.1423998e-02  -7.4692558e-03  -2.3553384e-03   5.4987950e-03   7.3439540e-02   5.0034783e-02   8.7851841e-03   1.2212682e-02  -2.0393891e-02  -5.4827974e-02  -1.1088139e-02   1.7142649e-02  -5.9161246e-03   4.4811832e-02   2.2524231e-02  -1.6077071e-02   2.1650445e-02  -1.7166942e-02   1.1495829e-01   5.0441093e-03   3.8718206e-02  -1.5886807e-02   1.6113374e-02  -3.8243290e-03   1.0046743e-01
   9.7903643e-03  -1.6063456e-02   3.0101949e-02   2.3380023e-02   4.8818590e-02  -2.0407485e-02  -2.9159092e-02  -1.1928389e-01   5.9976586e-02  -7.1889311e-03  -3.0101283e-02   4.7938743e-03   3.9421408e-03   8.9775835e-02   7.7382404e-02   4.8697481e-02  -1.6905464e-02  -4.5348938e-02   2.9421757e-03  -2.6040952e-02   1.0172737e-02  -1.5145202e-02   5.4503889e-02   3.1139808e-02   1.3052450e-02  -1.5887898e-02   3.6340877e-02
  -5.7529239e-02  -3.2570819e-01  -3.8820386e-01   2.3295739e-02  -5.6308593e-01   4.0636325e-03  -1.6446671e-01   5.9872151e-01  -1.7859493e-01   2.5755936e-01   1.7436534e-01  -6.6850662e-04  -9.9463253e-02  -3.5943488e-01   2.8975958e-02  -1.7304131e-01   5.9750319e-02   5.7484105e-02  -1.4937981e-02   1.4699377e-01  -7.0116915e-03   2.2954239e-01  -2.7781323e-02  -5.1294262e-02  -2.9615195e-01   5.1542697e-02  -1.1814498e-01
   1.3877250e-01   9.9833458e-02  -9.1757141e-02  -8.1227306e-02   1.4590686e-01   8.2001441e-02  -9.3580539e-02  -1.4820893e-01   7.7501362e-02  -7.5530914e-02   4.4616570e-02  -3.3233713e-01  -2.6137375e-02  -1.6360619e-01   4.8053583e-02   3.1385715e-01   9.7639275e-02  -1.0165498e-01  -7.0320150e-02  -1.0724753e-02   1.0093078e-01   6.4768357e-02  -1.7860012e-01   6.0281501e-02  -1.4484034e-02  -1.1368226e-01   1.9667435e-01
   3.1693772e-02  -8.5129175e-03  -6.6009380e-02  -2.1293020e-02  -9.2603296e-02   2.6995442e-02  -1.9413557e-02   1.6895070e-01  -3.5784945e-02  -5.3029104e-02   5.4829546e-02  -5.5404669e-02  -4.1598180e-02  -2.1306489e-01  -5.7427371e-02   1.6664057e-02  -1.3212301e-02   4.1896991e-03  -8.6339601e-02   8.9727562e-04  -5.7726978e-02   8.9278817e-02  -2.0397908e-01   3.5115118e-02  -7.6588018e-02  -8.1587257e-02  -2.5831106e-02
