  -1.1655315e-01
   1.3770711e-01
   5.2276420e-02
  -3.9537521e-02
   3.1391918e-01
   4.5411823e-02
   2.0627667e-02
   3.6243053e-02
   9.8043000e-02
   3.0255145e-02
  -5.2408059e-02
   6.8786051e-02
  -1.3591194e-01
  -7.7237331e-02
  -5.4291616e-02
  -1.2625664e+00
   1.1931316e+00
  -2.7840309e-01
   1.9335337e-01
   8.4827289e-02
   1.1763914e-01
  -7.8310321e-02
  -2.3425329e-01
  -3.0560968e-02
  -1.0431169e-01
  -2.0676469e-01
   1.6484375e-02
  -3.0078335e-01
   9.3644021e-02
   3.3887661e-01
   7.2759019e-02
  -4.4669841e-01
  -1.9808770e-01
  -7.2441843e-03
  -7.3080285e-02
  -1.2473387e-01
  -4.5708543e-02
   3.4362596e-01
   3.0900276e-02
  -1.5867662e-01
   3.2933975e-02
   1.3841052e-01
  -4.8159390e-02
