  -7.7872196e-04   3.3052543e-02  -1.2037371e-02  -4.3037558e-03  -3.6279266e-02   2.4049258e-03   3.1481748e-02  -2.2625658e-02  -3.2079167e-02  -5.7258041e-02  -4.0041911e-02   5.3309836e-03   1.2972731e-02  -3.3187365e-02   7.3671224e-02  -3.9596345e-02  -2.1409323e-02   9.7528905e-03   4.6357744e-02   2.7905401e-02   4.0612054e-02   1.9052582e-02  -9.7289740e-02   2.5936612e-03   4.1029647e-02   6.3847815e-02  -5.3830600e-03  -3.0879763e-02   2.9682043e-02  -7.8515903e-02   2.0328382e-02  -5.9543897e-02   1.0694451e-02  -2.5553962e-02  -9.5267889e-04  -3.0975180e-02
   1.1325175e-02   7.1690987e-02  -1.1380277e-02  -3.6435621e-02  -8.2486065e-02   2.2308292e-02   1.9689450e-01  -8.4905647e-02   5.6260104e-03  -5.0803263e-02  -1.8569459e-01  -1.0511327e-01   2.7998779e-02   7.4539158e-03   2.9762456e-01  -8.7132271e-02  -5.8799860e-03   7.2643287e-02   8.5975188e-02  -1.0389015e-01   1.5684509e-01  -8.9007876e-03  -1.2483671e-01   1.0738496e-01   1.9926173e-02   2.4590807e-01   4.4738254e-04   6.9418168e-02   2.1247155e-02  -9.8194515e-03   3.9053707e-02  -1.1459281e-01  -7.0187586e-02  -5.6277130e-02   8.0608620e-02  -7.1446101e-02
   1.4387826e-01   6.3953782e-02  -9.3491111e-02  -8.2791823e-02  -1.8300643e-03   1.1710133e-02   1.0217838e-01  -2.1462744e-01   2.4540776e-01   1.6368788e-01   2.0654503e-01  -6.7593279e-02  -2.9561823e-02   2.6929931e-01   1.3178500e-01  -1.2561872e-01  -1.9630905e-01  -7.1634170e-02   2.1699083e-01   1.4022224e-01  -1.7669503e-01  -3.6816202e-01  -2.3372315e-01  -1.0783606e-01  -5.6481634e-02   5.9971889e-01  -1.1966052e-01   4.3198962e-01   8.3588636e-02  -8.2913238e-02  -3.9752095e-01   5.7306161e-03  -1.1978815e-01   6.8744702e-02   2.1127572e-01  -7.8911028e-02
   4.8069658e-02  -2.1443244e-02   1.3425996e-02  -5.2975852e-02   5.1713653e-02  -1.0141106e-01   4.5415914e-02  -6.9301346e-03   1.8704169e-02   3.3407911e-02  -1.1698579e-01  -4.7327730e-02   1.3739710e-02   2.0365355e-02  -1.2713584e-02  -6.3125136e-03   2.5833479e-02   4.1729059e-02   7.0183543e-03  -1.6614950e-01  -2.5590059e-02   5.9994683e-02   4.9233770e-02   3.2530905e-02  -1.7058792e-02  -3.9249365e-02   6.4135284e-02  -2.1007022e-02  -2.9295104e-02   9.0818677e-02   8.0218469e-02  -8.5553196e-02  -8.1035561e-02  -3.6275439e-02   5.2358757e-02  -1.2598846e-02
  -3.7763714e-01   1.5479119e-01  -7.1493110e-03   1.0370404e-01  -4.1524997e-01   2.2946588e-01  -1.2964747e-02   9.6527475e-02  -4.4523960e-01  -5.5524979e-01  -1.3840141e-01   2.0162630e-01   7.4450507e-03  -4.7998768e-01   4.8127624e-01   5.4715681e-02   1.1574626e-02   1.6057325e-01  -1.6417206e-01   1.1232366e-01   5.5203473e-01   2.6671836e-01  -1.8213861e-01   3.9966227e-01   1.7374423e-01  -3.9633281e-01   1.7017644e-01  -5.3541706e-02  -7.7392577e-02  -1.7383055e-01   1.7765312e-01  -1.1067922e-01   2.0084892e-01  -1.0721401e-01  -6.9569186e-02  -7.8346456e-02
   1.1497650e-01  -7.9987595e-02  -9.9012372e-02   6.3335013e-02   5.9963796e-02  -1.1950208e-01   1.3240047e-01   8.9798093e-02   5.3808950e-02  -4.2104622e-02   1.3092865e-01  -1.7567538e-02   4.3906548e-02  -1.1822603e-01   6.1113395e-05  -2.0772310e-01  -7.9207637e-02  -2.6902796e-02  -3.7437842e-02   9.8924609e-02  -5.8481736e-02  -1.9307711e-01   6.0579505e-02   5.5897191e-02  -3.9222693e-02   1.5401590e-02   8.1202126e-02   1.7275385e-01  -9.9048843e-02   2.8805015e-02  -1.2758354e-01  -3.5025012e-02  -8.1838399e-02   8.6966149e-02   1.5164028e-01   6.4493916e-02
  -4.8190219e-03   2.1416587e-02  -1.0212873e-02   4.1434630e-02  -1.1095506e-02   3.6575120e-02  -3.4374695e-02  -9.7612874e-03  -8.3075194e-03  -6.7235567e-03   2.8346621e-02  -1.1372620e-03   1.2622241e-02   2.7083102e-02  -5.3287347e-02  -2.4656183e-02  -1.5134822e-02   2.7117475e-03   2.7397512e-02   3.9014261e-02  -1.1810631e-02  -3.0513802e-02  -5.2629917e-02  -1.0609337e-02   2.8366408e-02   6.4224353e-02  -2.3004684e-02   3.1170753e-02   1.4844587e-02  -6.6299919e-02  -3.5142371e-02   2.4021988e-02   7.5208466e-03   2.5436850e-02  -1.4196071e-03   8.1703944e-03
   1.2939206e-01   1.6966530e-02  -3.1615269e-02   1.7786251e-01   1.1217092e-01  -3.2361160e-02  -4.6537748e-02  -4.0444589e-02  -3.9028985e-01  -1.4982642e-01   2.2791230e-01   6.8391853e-02   6.5011646e-02   1.1467704e-01   3.2973222e-01  -2.1635891e-01  -1.8290923e-01   3.9892141e-02   2.4345601e-01  -3.4460611e-02  -8.0474350e-02  -1.3103222e-01  -1.5906394e-01   1.0798218e-01   4.1964979e-02   1.8044391e-01   2.3656409e-02   3.0997017e-01  -6.6642376e-02  -4.4018130e-02  -2.5951765e-01   5.4298464e-02  -7.7523170e-02   2.8346441e-01   1.6918726e-01   1.7733850e-01
  -5.0821230e-03   2.3384319e-02   2.8192592e-02   4.1864106e-02   6.9298043e-03   3.3631911e-02  -7.0256122e-02  -8.5328678e-03  -5.9802190e-03   1.8185643e-02   1.6626673e-02  -1.3457123e-02   1.4340854e-02   4.5765030e-02  -6.3516603e-02  -4.4592638e-02   3.6446680e-03  -4.6566082e-04   1.9011503e-02   2.7912584e-02  -2.2227532e-02  -4.8923722e-02  -2.8786002e-02  -2.7994574e-02   3.4653410e-02   2.5738407e-02  -3.1454065e-02   2.0721850e-02   2.0646148e-02  -4.4210432e-02  -3.3049669e-02   2.3751152e-02   1.6991276e-02   2.9574289e-02  -1.5189884e-02   1.7856594e-02
  -9.6567184e-02  -3.7128551e-02   4.7965380e-02   1.0390939e-01  -2.6986694e-02   1.2912887e-03  -1.4859152e-01  -1.1851112e-02   2.0698015e-02  -1.2064167e-01   3.4465913e-01   2.0024494e-01   6.2380913e-03  -2.5335775e-01   9.7782615e-02   5.6133172e-02  -1.3297688e-01  -1.2059175e-01  -1.3044364e-01   2.9528620e-01  -7.4981870e-02  -1.0272739e-01  -6.1913587e-02  -5.3506276e-02   9.4913331e-03   7.9996568e-02   6.5863356e-02   8.0174717e-02  -1.1263600e-01  -1.1768425e-01  -1.2076416e-01   1.6226095e-01   6.8667314e-02   5.3732134e-02   1.0441943e-01   6.7814296e-02
  -4.9391927e-03   5.6663933e-02  -1.0917674e-01  -1.7399465e-01  -5.8157373e-02   1.1386136e-01   7.0807092e-02   1.7790194e-02  -2.3108173e-03   2.3064429e-01  -5.1424730e-02  -1.0905813e-01  -4.1991860e-02   1.5924590e-01   1.9279123e-01   1.3978189e-01   2.7252981e-01  -2.9431223e-02   1.2262743e-01   1.7593914e-01   5.5273738e-02   1.6778755e-01  -4.7558881e-02  -1.5281869e-01   6.2139421e-02  -9.6765435e-03  -3.5756454e-01  -2.3268429e-01   1.7204606e-01  -2.4378740e-02   1.0440391e-01   7.4394272e-02   1.0596167e-01  -1.4639536e-01  -2.1342427e-01  -1.3020255e-01
  -9.8239311e-03   1.4646217e-02   5.3510372e-02  -1.8887606e-02  -1.0855812e-02   4.7172662e-03  -2.8351243e-02  -7.5097205e-03  -8.4881034e-03  -5.7364303e-02   1.8808051e-02   3.8675565e-02   2.7062481e-02  -7.2445709e-02  -9.1004998e-04  -3.0150474e-02  -2.9500157e-02  -3.0733398e-02  -5.8098157e-02   4.2907197e-02   2.5313702e-02  -2.7659782e-02  -1.6468669e-02  -1.5058577e-02   1.8238696e-02  -8.7523089e-02   4.6883366e-02  -5.8028182e-02   2.9308588e-02  -4.2482359e-02   2.3548198e-03  -4.9147115e-02   6.4843663e-02  -1.9867657e-02  -2.7777959e-02  -1.5718302e-02
  -1.5229106e-02  -7.4047809e-02   2.2629187e-01   1.5737691e-02   9.9611532e-02   4.6617994e-02  -3.0250888e-01   8.0519663e-02   1.1232305e-01  -1.1913084e-01   2.7729954e-01   3.9165227e-01   9.3742937e-02  -1.9370160e-01  -4.3663706e-01  -9.5198085e-02  -2.6022422e-01  -1.4816347e-01  -1.9647327e-01  -5.2824079e-03  -2.2909260e-01   4.9986921e-02   1.2683288e-01  -8.5887094e-02   3.2839893e-02  -1.1488323e-01   7.1941704e-02  -4.7090189e-02  -1.1611107e-01   1.5257445e-01   5.0210873e-02   1.9224528e-01   1.4788938e-01   3.6280712e-02  -1.1158570e-02   9.0320739e-02
  -1.4641663e-01  -1.3903610e-02  -2.4207278e-02   8.3883439e-02  -2.3472254e-01  -2.1396337e-02   1.6887568e-01   4.4205104e-02   1.2241413e-01  -1.4955478e-01  -2.3682604e-01  -6.4793589e-02   2.0705241e-02  -2.8967221e-02   2.0945441e-01  -1.3635227e-01   1.5501397e-01   1.6290155e-02  -1.0730405e-01   2.3512077e-02   2.9236603e-01   1.1290104e-01  -8.1335983e-03   1.6248563e-01   5.1463116e-02  -1.0690873e-01   1.2908093e-01  -3.0224958e-02   1.2801353e-01  -3.1591868e-01   1.6643517e-01  -1.6641579e-01   2.0385420e-01  -1.6955950e-01  -1.3187417e-01  -1.2172323e-01
   2.1499373e-02  -4.0042043e-02  -4.2033528e-02   2.6271714e-02   1.6983170e-02  -1.7006939e-02   2.7603638e-03   3.6672281e-02  -1.8916761e-02  -8.1076017e-02   4.8990283e-02   7.7434582e-02   2.9971301e-02  -6.2483602e-02  -1.5747472e-02  -4.6501069e-02  -7.4448286e-02  -1.6923152e-02  -2.3144837e-02   5.3962280e-02  -5.1169074e-03   5.9459404e-04   2.2608640e-03   1.5468446e-02  -2.8218423e-02  -4.2378255e-02   4.4788107e-02   3.2917008e-03  -1.5948305e-02  -3.7697224e-02  -1.9649743e-02   1.2042990e-02   2.2336813e-02   2.9974199e-02   1.1351333e-02   2.5074249e-02
  -4.3247534e-02   8.0633729e-02  -1.1914358e-02   6.2939456e-02  -1.7212094e-02   1.5320781e-01  -3.9322484e-01  -2.6266810e-02  -6.4470526e-02  -7.7994702e-02  -2.1966203e-02   1.6006932e-01   9.2955399e-02  -2.0650484e-02  -3.8587550e-01  -1.3013999e-01  -6.7650746e-02   1.4128573e-01  -8.1861259e-02   3.6366497e-02  -6.8143985e-02   9.2788300e-03   1.3661857e-02   3.1151359e-02   5.1349087e-02  -1.7189345e-01   3.1392485e-01   1.6336133e-01  -1.8384360e-02  -1.2628494e-01  -1.2655937e-02   7.9400791e-02   1.4035707e-01   6.8681042e-02  -8.0798850e-03   3.1777394e-02
   4.1462081e-02  -4.8723773e-02  -4.8009174e-02   4.6668064e-02   7.8996160e-03  -5.7404132e-02   6.0223855e-02   5.9179395e-02  -3.7009199e-02  -1.6363259e-01   8.9603372e-02   1.2155584e-01   4.6870950e-02  -1.7844422e-01   6.1426069e-02  -6.4050195e-02  -9.5360546e-02  -2.6571663e-02  -3.3146742e-02   9.7537666e-02   2.6018181e-03  -2.3428097e-02  -5.3686972e-02   8.2017790e-02  -4.6307839e-02  -3.2820660e-02   1.3010240e-01   4.5049339e-02  -5.3124795e-02  -1.0187948e-01  -7.7293917e-02  -2.5752628e-02   4.3555136e-02   2.7969310e-02   9.3479583e-02   2.1035883e-02
   1.0223368e-01  -1.1177480e-01  -1.0864668e-01   5.3718934e-02   7.2746307e-02  -2.2522485e-02   1.2608837e-01   1.5140209e-01  -1.5251359e-01  -9.4967944e-02   1.1310226e-01   8.9365801e-02   1.6889312e-01  -6.3454591e-02   1.6562867e-01  -1.4247513e-01  -8.5300282e-02  -3.2193962e-02   9.3666027e-02   9.9460690e-02  -4.0591690e-02   9.3306651e-02   3.9407604e-02  -1.5010752e-02  -4.7667274e-02  -5.3650392e-02   7.8991263e-03  -8.3014854e-02  -2.3303443e-03  -6.2731239e-03   4.3100629e-02   9.6190620e-02   5.1190937e-02   4.9335331e-02  -1.6724581e-02   5.9093152e-02
  -4.8019493e-03  -1.3543737e-01   6.1593122e-02   1.1439913e-01   1.4881583e-01  -3.9683579e-02   1.2776098e-01   1.3447902e-01   1.7549775e-02   1.1158820e-01   1.6213308e-01  -6.7537376e-02  -1.8651526e-02   1.3768160e-01   2.1344482e-02   1.8835282e-01   7.6399943e-02  -8.1524348e-02  -2.7691350e-02  -9.2613150e-02  -1.0616745e-01   5.9067404e-02   2.1926722e-01  -7.0670621e-02  -4.5865795e-02  -3.5030228e-02  -3.1556435e-02  -3.0292342e-02   4.3648228e-02   1.1939289e-01  -8.0921896e-03   1.8129331e-01   1.3141844e-01   1.2852684e-01  -6.1602681e-02   1.9575957e-01
  -2.9313114e-02   1.2932867e-01  -6.7759189e-02  -1.1018249e-02   9.3852598e-03   1.9085719e-01  -1.0143301e-01   2.9467465e-02   1.3142049e-01   5.2776632e-01   2.2937489e-01  -1.8974871e-01   5.0869705e-02   4.0897052e-01  -6.9642437e-02  -7.2684233e-02   2.5475298e-01  -1.1781634e-01   1.2457930e-01   2.6635434e-01  -2.0330946e-01  -3.2108336e-01  -6.0140063e-02  -4.1734610e-01   3.5082264e-02   7.2366173e-05  -3.3743350e-01  -2.3985640e-02   2.3181113e-01  -1.2655438e-01  -2.0078512e-01   4.3795650e-01   1.2925873e-01  -3.1429347e-02  -1.6918077e-01  -8.8677700e-02
   1.7750771e-01   1.1405556e-02  -1.4457867e-02   3.5712422e-01   2.7844450e-02  -8.0230227e-03  -2.2383603e-01   1.5274367e-01  -1.8642651e-01   1.1481989e-02   2.6229493e-01  -8.1546397e-02   3.1902211e-01   4.5861651e-02  -2.4439375e-01  -2.1819416e-01   4.1086087e-02   1.5711384e-02   2.1694942e-01   2.7370750e-01  -2.7920363e-01  -3.7042609e-02   5.8874901e-02  -2.3488481e-02   1.2100647e-01   2.7540631e-02   2.6129436e-02  -3.1321185e-03  -7.1328485e-02  -1.3563766e-01   7.7721299e-02   3.1207767e-01   7.4391002e-02   1.2888129e-01  -8.2412643e-03   1.4276567e-01
  -4.1441854e-03  -6.2129798e-02   7.9480963e-03   3.9332852e-02   3.8463325e-04  -2.3994127e-01   2.5832738e-01  -1.2428562e-01   1.4432364e-02  -4.4017194e-01  -2.9972625e-01   1.4575462e-01  -1.2744793e-01  -2.4094445e-01  -3.7665472e-02   4.6265098e-02  -3.3081012e-01   1.2731073e-01  -4.8647774e-02  -3.8264242e-01   1.5522676e-01   1.5504486e-01  -1.2297656e-01   3.9015028e-01  -6.4330428e-02   2.7017883e-01   3.4810857e-01   2.3554258e-01  -1.2757761e-01  -6.3134306e-02  -9.9452185e-03  -4.2452795e-01  -1.9016921e-01   6.5072725e-02   2.4683597e-01   4.5208757e-02
  -1.3163921e-01   2.0591114e-01   2.6377286e-02   4.1341393e-02  -8.5464010e-02   1.6079412e-01  -1.0942649e-01  -6.5144135e-02  -1.3267585e-01   1.6146228e-01   8.0773956e-02  -1.5595024e-01  -2.7949181e-02   1.8664361e-01   5.8237583e-02  -5.1540715e-02   2.1009117e-01   7.7202503e-02   8.8747848e-02  -3.7939410e-03  -3.4807701e-02  -1.5374170e-01  -1.0419237e-01  -1.6512221e-03   8.7963988e-02  -5.7422327e-02  -7.2295108e-02   1.6519750e-01   9.1195057e-02  -1.1327592e-01  -1.2508002e-01   1.5688537e-01   5.5752171e-02  -2.3388743e-02  -4.1584888e-02  -8.9519519e-02
  -2.6697594e-02  -2.7383482e-02   5.5779270e-03  -1.1878777e-01  -1.4031528e-02  -3.5482136e-02   6.7282320e-02  -5.3249335e-03   2.2606888e-02  -1.4649482e-02  -6.3569613e-02   2.0422676e-02  -5.9922552e-02  -7.6852897e-02   1.2642599e-01   9.8279327e-02   2.3875947e-02  -5.2637634e-03  -6.6190261e-02  -5.8269754e-02   6.9450813e-02   8.7241264e-02   6.7949459e-02   2.5895657e-02  -4.1793436e-02  -1.0257932e-01   2.0611737e-02  -6.8392792e-02  -1.5754269e-02   1.1618793e-01   7.4428425e-02  -7.2890996e-02  -3.3536255e-04  -7.6896302e-02  -1.7329093e-02  -4.8994469e-02
  -4.8732320e-01   4.8410790e-01  -1.3039605e-01   1.8689278e-01  -4.8003568e-01   6.7965285e-01  -2.3273824e-01  -1.1740275e-01  -5.0540370e-01  -7.2219332e-02  -1.3609254e-01   7.2317764e-02  -8.9696084e-03   2.2602167e-01   1.7999398e-01   9.0936688e-02   2.0959679e-01   2.1078710e-01   6.2855577e-02   2.4231100e-01   3.6044934e-01  -1.7488081e-02  -5.0891309e-01   2.0360293e-01   1.9620701e-01  -2.1483279e-01  -3.7130308e-02   2.2750831e-01   1.4078139e-01  -5.2843652e-01  -6.5141076e-02   4.6798631e-01   3.1026116e-01  -6.6764158e-03  -1.7888762e-01  -1.4874669e-01
  -1.3794944e-01  -5.1990630e-03   2.2848538e-01  -2.6496897e-01   4.6295047e-03   7.6613517e-02  -1.1208682e-01  -2.0777679e-01   3.4983746e-01   4.9483650e-02  -1.0418918e-01   1.1477906e-01  -2.9346192e-01   1.8767401e-02  -5.3994489e-01   4.1180651e-01  -5.0919739e-02  -9.5552094e-02  -2.3067423e-01   2.0363814e-02  -4.3572619e-02   8.5039768e-02   1.5200792e-01  -3.1417716e-02  -4.3002462e-02   2.0645583e-02  -2.4039504e-02  -3.2156548e-02  -1.5612995e-01   3.1643677e-01   4.9851470e-02  -1.7562047e-01  -1.2815322e-01  -2.2739849e-03  -4.6742564e-02  -5.2649756e-03
