  -1.9690787e-01   1.3086941e-01   2.9528368e-01  -4.8547339e-01  -6.2961286e-02  -8.2442550e-02   3.0916555e-02   3.5744402e-01  -1.0805380e-01   1.2037525e-01   7.8899055e-01  -4.4691133e-02  -6.2452818e-01   2.1025417e-01  -8.0484457e-02   7.5510013e-02   8.5252575e-02   1.1882969e-01   3.0010272e-01   4.4844210e-02   4.9437942e-02   2.3390724e-01  -1.8777152e-01   4.5967127e-01   3.5811919e-03
   1.5013637e-01  -9.8515534e-02  -4.1443160e-01  -1.0758034e-01  -9.9813316e-02  -1.5169687e-01  -4.2916755e-01  -1.2014254e-01  -7.9384005e-02   9.3532150e-02   1.1580708e+00  -2.5524456e-01   4.6761063e-01  -3.5448127e-02  -3.8863547e-01  -2.2686815e-01   1.4002603e-01   2.2304516e-01  -2.2140115e-01   1.0939447e-01  -8.0088122e-02   1.2807723e-01  -6.9121307e-01   2.1014837e-01   2.7644154e-01
   3.2107834e-02  -1.2970274e-02  -9.1173672e-03  -3.5118257e-03  -2.7870284e-02  -2.3941835e-02  -2.1223860e-02   4.1393497e-02  -9.9959426e-03   1.7855225e-02  -3.2823658e-02  -2.5251844e-02   1.2903140e-02  -6.4543829e-02   4.2868250e-02  -3.2663559e-03   2.6665616e-02  -4.8332495e-04   2.4366859e-02   1.2884247e-02  -1.2656846e-02  -4.2891835e-02  -1.0401367e-02   1.5129657e-02   4.1346885e-02
  -1.9479818e-01   3.0599911e-01  -2.8787340e-01  -3.4719215e-01  -2.1523566e-02  -3.4703835e-02  -3.2555584e-01   5.5146466e-01   2.8087730e-01  -2.7020441e-02  -7.4656164e-01   5.8949417e-02   2.8457337e-01  -3.8816606e-01   1.2643567e-02  -4.8164624e-02  -1.4261488e-02  -4.1039464e-01   2.6500065e-02  -1.8472987e-01   3.4734403e-01  -7.0566662e-01   1.5721915e-01   1.0092225e-01  -4.6189416e-02
   6.3144703e-02   3.7573402e-01  -2.9031254e-01   2.7598940e-01   5.7290562e-02  -1.4117646e-01   1.6072923e-01   7.4264310e-02   3.3607534e-03  -5.4028291e-02   2.4564642e-01   1.3602764e-01  -9.4933129e-01   2.0695071e-01  -2.4193245e-01  -3.4240974e-01   2.1080853e-02  -1.4395391e-01   4.8627413e-01   8.7028559e-02   6.9754593e-02  -1.7413418e-01   5.2311009e-01  -1.3902506e-01  -1.2518965e-01
   1.6852020e-02  -9.8627675e-02   2.1347260e-01  -3.9808192e-02  -1.9908654e-01  -7.2817036e-02  -1.3154831e-01   3.3538962e-02  -9.9641030e-02   1.1113449e-01   2.4792021e-01  -9.8140263e-02  -1.2558155e-01   1.3100805e-01   2.0754533e-01   3.5426755e-02   1.0096928e-01   2.7376957e-02   2.0614911e-01   3.9667611e-02  -1.2875820e-01   3.7276620e-02  -1.2935185e-01   1.3673151e-01   8.4804568e-02
   3.1801386e-03   6.2953440e-03  -1.9823577e-05   1.4785321e-03   4.4169097e-03   1.2890279e-03  -6.7246748e-04  -8.4669817e-03  -7.9673574e-05  -4.0479731e-03   3.3177724e-03   2.2507361e-03   1.2462833e-03   2.3802831e-03  -6.3572491e-03  -3.1581610e-03  -1.8522478e-03   6.6086090e-03  -2.9540589e-03   1.1247027e-03  -1.0613449e-03   5.7616419e-03  -3.1753123e-04  -2.4673110e-03  -8.5676067e-04
   1.6424479e-02  -1.6993535e-02  -8.1424333e-03  -8.0037054e-03  -2.5080787e-02  -2.0374651e-02  -1.1167137e-02   4.8155883e-02  -9.8499929e-03   1.8045566e-02  -1.6104317e-02  -1.7042863e-02   6.9783625e-03  -5.1537243e-02   3.9807215e-02   3.0553720e-03   1.9720124e-02  -6.0723006e-03   2.1157151e-02   7.5151742e-03  -7.6930864e-03  -4.6306975e-02  -2.1412287e-03   1.3810066e-02   2.7518743e-02
   1.1544042e-02  -8.9191849e-03  -4.0142835e-03  -2.2538468e-03  -1.3425534e-02  -1.1139226e-02  -7.5905019e-03   2.3778059e-02  -2.8601864e-03   9.0640299e-03  -1.1131346e-02  -1.1697299e-02   4.5558310e-03  -2.1941034e-02   2.1781937e-02   7.8742354e-04   1.0410003e-02  -5.5016331e-03   1.1862869e-02   4.2348589e-03  -4.2259732e-03  -2.4171153e-02  -1.8846404e-03   8.2084405e-03   1.7800092e-02
  -8.6484230e-02  -7.2045370e-02   7.1710047e-02   8.4941671e-03  -1.5874649e-02   1.9052493e-02  -1.4142057e-02  -1.3299183e-01   9.3574223e-03   8.6961344e-03   1.3724280e-02   1.6884516e-02   5.2229876e-02   1.5025141e-01  -3.2672220e-02   8.6140130e-02  -3.8009246e-02  -4.5549027e-04  -3.4227023e-02  -1.7536498e-02   5.9533356e-03   1.2834781e-01   1.7326151e-02  -3.6889918e-03  -4.9853405e-02
  -8.9591928e-03  -5.4506387e-03   1.8730116e-03  -2.0358860e-04  -1.0236836e-03   4.3630610e-03   4.8638817e-03   7.7954447e-04  -1.5875194e-03   1.8013726e-03  -1.3799016e-02   3.1211080e-03  -7.5108163e-03  -9.8123608e-03  -1.1911019e-03   4.3853644e-03   2.5466300e-04  -1.9823047e-03   8.0749081e-04  -1.8546650e-03   7.7168719e-04   1.2319422e-03   1.4110592e-03   3.4842301e-04  -8.9450966e-03
  -1.3986528e-02  -2.0084052e-02  -2.6114005e-03  -3.4883020e-03  -7.4959650e-03   3.7385420e-03   5.2113139e-03   1.0333850e-02   3.1718586e-03   6.7913709e-03  -2.8831324e-02  -1.6817675e-04  -1.1570050e-02  -1.2471794e-02   7.6314879e-03   1.1123711e-02   2.3597142e-03  -2.2449684e-02   1.3020050e-03  -4.6693697e-03   2.5128453e-03  -1.1057233e-02   8.9075845e-03   1.6008796e-03  -8.2739861e-03
   9.6855844e-03  -2.2536806e-03  -1.8672070e-03  -2.1447336e-04  -6.1253601e-03  -6.0079893e-03  -4.5299621e-03   1.0136742e-02  -3.3263955e-03   3.3449786e-03  -9.3224811e-03  -4.9641372e-03   1.7378371e-03  -1.6749123e-02   1.0507608e-02  -1.0232325e-03   5.5910126e-03   3.4874208e-03   6.7337027e-03   4.1553481e-03  -4.6877666e-03  -1.2473902e-02  -2.0817625e-03   3.3824858e-03   9.7579248e-03
  -7.5824479e-02   1.0814857e-02   1.2773982e-01   9.9863036e-02   1.0473969e-01   1.1067038e-01   3.7647947e-02  -1.9945332e-01  -1.3721497e-02  -8.8090062e-02  -1.0649093e-01   1.1696126e-01  -2.1571555e-01   9.1817372e-02  -2.1582469e-01   4.3186677e-02  -9.3341846e-02   2.0569417e-01  -8.6245676e-02   1.2542748e-02   1.3911403e-02   9.1152716e-02   1.3336218e-01   6.8929708e-04  -1.8261261e-01
   1.5285278e-01  -4.3087037e-02  -1.7392594e-01   5.6478451e-02   3.0333881e-01   2.7262692e-01   2.4911155e-01  -2.7314553e-01  -2.5801417e-02  -1.6158875e-01  -2.1113786e-01   1.3800847e-01   8.3742899e-01   4.0029305e-01   8.1990876e-02   2.1402063e-01  -3.3423311e-01   3.6941287e-01  -5.2666038e-01   5.5266177e-02  -2.1834710e-01   2.0505328e-01  -7.6131329e-01  -1.7809772e-01  -5.4577008e-02
  -1.0953324e-01  -5.1452407e-02   1.7356269e-01   2.5016136e-02   1.4341895e-01   1.1746116e-01   1.5479643e-03  -2.6815311e-01   3.3393589e-02  -1.0646411e-01   3.4877235e-02   1.3462872e-01  -1.9570652e-01  -9.2517063e-02  -2.0083809e-01   8.7861741e-02  -1.2413228e-01   1.4097714e-01  -2.1023313e-01  -4.6669772e-03   5.7005619e-02  -6.0546687e-02   2.7677386e-01   1.7965054e-02  -1.8934303e-01
   8.8138458e-02  -2.1833759e-01   4.0745525e-01  -1.8856234e-01  -1.4454833e-01  -1.4553844e-01   3.3403977e-01   3.4627268e-01  -1.7607243e-01   1.7000206e-01   1.2074809e-01  -2.0061573e-01  -4.4364517e-01   1.6959242e-02   1.4755728e-01  -1.4881311e-01   2.0064119e-01  -1.1791947e-01   3.6241376e-02   2.8221487e-02   1.0723256e-01   5.5791061e-01   6.2542667e-02   1.4982211e-01   2.0934314e-01
   6.4852279e-03  -5.6381701e-03  -2.1945689e-03  -1.2493180e-03  -8.2847101e-03  -6.5859081e-03  -4.2012503e-03   1.4402811e-02  -1.8401444e-03   5.5455798e-03  -7.4244913e-03  -6.9011926e-03   2.2208337e-03  -1.3561898e-02   1.3214012e-02   8.4691948e-04   6.3197909e-03  -3.0124939e-03   7.1879306e-03   2.4160480e-03  -2.5498056e-03  -1.4535743e-02  -1.3891910e-03   5.1847395e-03   1.0183402e-02
  -4.5256032e-02   3.0890740e-02   7.5919565e-02   7.5309406e-02   5.5131982e-02   7.0622861e-02   2.9433849e-02  -1.6099422e-01  -1.3462020e-02  -5.1939865e-02  -3.9421879e-02   6.8575376e-02  -8.7448847e-02   1.5646660e-01  -1.2457497e-01   2.0783144e-02  -5.6363783e-02   1.1573949e-01  -3.1011574e-02   1.1295783e-03  -1.2847683e-02   1.2964148e-01   3.0173004e-02  -2.3672548e-02  -1.1158869e-01
   1.3471528e-01  -1.8745444e-01  -9.3858522e-02   1.1857100e-01   1.0495361e-01   1.0446439e-01  -1.2566317e-01  -1.3695398e-01   9.5240696e-03  -9.6866682e-02  -2.8769742e-01   4.6915494e-02   2.0195450e-01  -3.5102318e-02  -4.8356535e-03   8.7814295e-02  -1.3035053e-01   1.2694236e-01  -1.4962643e-01   6.6969845e-02  -1.6248118e-01  -4.4837580e-02  -3.5948447e-02  -1.4222044e-01   2.4511997e-02
  -5.7864516e-03   4.5380346e-03   2.2686216e-03   1.1588485e-03   7.3314976e-03   6.1163329e-03   4.0184504e-03  -1.3439498e-02   9.7142921e-04  -5.1697011e-03   4.5845963e-03   6.6504224e-03  -2.0580755e-03   9.1670987e-03  -1.2101556e-02  -4.7454871e-04  -5.4514213e-03   4.4382406e-03  -6.1455817e-03  -1.8856472e-03   1.5813655e-03   1.3409904e-02   7.1067617e-04  -4.5640919e-03  -9.9902411e-03
  -5.1246663e-02   4.9081635e-02   2.6468964e-01  -3.8960912e-02   1.3510839e-01   2.3681872e-01   1.4348497e-01   1.2634366e-01   2.7260222e-02  -8.1979612e-02  -2.8171442e-01   4.5924471e-02  -5.7894268e-01  -2.8303969e-01   2.3569057e-01  -1.6986897e-01   3.9595460e-03  -6.9397528e-02  -7.3196520e-02  -1.8505028e-01   1.3712955e-01  -5.1146078e-02   2.7182148e-01  -1.3100470e-01  -1.0074402e-01
