  -6.3848700e-02
   1.3020073e-01
  -1.1596307e-01
   1.3994645e-01
   8.3456642e-02
  -2.6742283e-03
  -2.5369624e-02
  -1.6272174e-01
   1.7721754e-01
  -1.1705815e-01
   9.8751676e-02
   1.2865535e-01
  -1.2384755e-01
   2.7508645e-02
   3.1981857e-01
  -1.0703166e-01
   7.5721134e-03
   1.9676727e-01
  -2.7596427e-01
  -9.5100771e-02
   6.1294253e-02
  -1.3838760e-01
  -1.5335444e-01
   1.1992739e-01
  -9.2449298e-02
   1.0948426e-01
  -2.3269214e-01
  -1.6714352e-01
  -1.1347299e-01
  -5.3212949e-03
   1.6043017e-01
  -1.0609294e-02
   7.5030651e-02
  -4.1503820e-03
   3.2705087e-01
  -2.8157946e-01
