  -1.5214608e-02   5.9521690e-02  -1.3733124e-01  -9.6607216e-02  -1.4379903e-01  -8.7789144e-02  -2.4124996e-01
   1.4445557e-01  -2.5870135e-02   3.6673815e-01  -9.9591669e-03   3.9415520e-01  -2.1208302e-02   9.1010282e-02
   9.1427830e-02  -1.8994978e-02  -3.2592451e-03  -1.6136720e-02  -2.6548772e-02   4.0414019e-02   3.1369096e-02
  -2.3141756e-02   1.8262615e-01  -2.2457041e-02  -1.4229475e-01  -1.2556727e-01  -7.9265830e-02  -1.0869823e-01
   2.0150805e-01   3.2141201e-01  -6.1400548e-01   3.7156222e-02  -4.4253214e-01  -8.0844718e-01   1.3549643e-01
   4.5773329e-02   1.1903110e-01  -2.5154829e-02   5.3312613e-03  -5.5277176e-02   2.8824795e-02  -2.3804046e-02
  -2.9256288e-02   1.4001616e-01   2.1046431e-01   3.8980904e-01   1.1046497e-01   1.1000559e+00   5.3543076e-01
  -9.4769763e-02   2.3745935e-01  -2.9477436e-02  -1.4090970e-01  -1.3643728e-01  -1.9591952e-02  -1.1769293e-01
   7.4358574e-02   2.3089942e-01  -9.8875011e-03  -1.1223803e-01  -5.0905893e-02  -3.4298967e-02  -3.8814212e-02
   1.4264248e-01   1.1196243e-01   1.4232578e-01  -1.1317737e-01  -1.4091561e-01  -3.9579691e-02   1.9086746e-01
  -5.4340252e-01  -2.4963912e-01   4.9688287e-02   1.2105709e+00  -1.0380767e+00   2.4723264e-01  -3.3093662e-01
  -4.1668519e-01   2.6144728e-02   8.3285030e-01  -5.0300736e-03   3.0619474e-01   3.6036587e-01  -1.1130991e-01
   7.8398227e-02  -1.9163652e-01  -7.6951447e-03   9.1458113e-02   1.2290489e-01   2.4926438e-02   1.1967313e-01
  -6.4149875e-01   1.1048043e+00   4.5908050e-01   5.5657903e-01   2.7124969e-01   4.1032228e-02  -2.6864361e-01
  -5.6024645e-01  -7.0232490e-01   2.7545748e-01   3.7904240e-01  -1.0304546e+00   4.9561893e-01  -9.7645649e-02
   5.1851759e-02   5.5512944e-02   9.2919129e-02   3.9491939e-01  -1.6877658e-01  -1.4736981e-01   1.3680353e-01
   1.5456319e-01   5.5977426e-01  -5.4614824e-01  -1.4841692e-01   2.2444356e-01  -2.2376891e-01  -3.5283240e-03
   1.8478119e-02   1.6144676e-01  -5.4060373e-02  -9.8714861e-02  -1.4034137e-01  -6.7622470e-02  -6.5538861e-02
  -1.1547274e-01   4.2786028e-02   9.4659700e-02  -6.7500831e-02  -8.4066092e-03  -6.6408674e-02   7.1760102e-02
  -2.5887192e-01  -4.3124382e-01  -1.4353951e-02  -1.2742438e-01  -4.6291724e-02  -2.3145748e-01   3.8193580e-01
  -7.5990189e-01   2.0430652e-01  -9.6341064e-01  -1.6899130e-01  -2.8762326e-01   1.5090282e-01  -2.3652295e-01
   1.8162769e-01  -3.0524454e-01   2.5624612e-01   3.0775203e-02  -1.7685022e-01   7.8705106e-02  -7.4852201e-02
  -1.7978740e-01  -7.8942403e-02  -1.0573104e-01   1.1775503e-02  -1.8366764e-02   1.8027839e-03  -5.2799502e-02
  -2.3054203e-01  -3.1491108e-01  -1.7363033e+00   3.2653630e-02   1.3889373e-01  -2.3737695e-02  -7.4345334e-03
  -4.6917042e-01  -5.6495439e-01   1.4675480e+00  -6.0268371e-01   8.6979161e-01  -5.3307763e-01   2.3674331e-01
  -1.1193384e-01  -6.0580285e-01   3.1518670e-01   4.1714791e-01   1.1316658e-01   2.3780468e-01  -2.3489173e-01
   1.2406811e-01   1.4807458e-01  -7.2439353e-02  -4.9505477e-02  -7.0203842e-02  -3.8578637e-02   3.1798144e-02
  -1.7656426e-02   2.6505808e-01  -1.8521593e-02  -1.4746909e-01  -9.3589098e-02  -1.0931006e-02   1.0882131e-02
  -4.7206288e-02  -3.9872513e-01   3.0693365e-02  -1.0774800e-01   1.2679477e-01  -8.1010093e-02  -9.6961527e-02
   1.7081272e-01   9.2919263e-02  -7.8240863e-02  -1.0993136e-01   2.9030611e-01  -3.1151351e-02   4.9791349e-02
  -4.7733166e-02  -1.9037487e-01   2.2730925e-02   1.0430418e-01   8.8249720e-02   6.2803936e-02   6.8301254e-02
   1.0191453e-01   1.4227403e-01  -4.2012435e-02  -5.1494387e-02  -2.9578679e-02   1.0242725e-02   5.3232622e-02
  -3.7820496e-02   1.1219249e-01   2.7671833e-03  -7.7292631e-02  -1.5435687e-01  -8.8107963e-02  -1.6802404e-01
  -5.2128859e-02  -6.0047672e-02  -4.4017487e-02   1.2264667e-01   1.3276941e-01   4.8200043e-03  -4.2709478e-02
   1.2953131e+00  -3.8088209e-01  -2.5640741e-01  -2.9497228e-01  -2.9184338e-01  -3.2427603e-01   6.2335480e-01
  -9.4203462e-02  -6.9849404e-02   2.5760423e-02  -5.3601831e-02  -7.9743552e-03  -9.0032747e-02  -4.0945422e-02
   5.1853359e-02  -2.4324563e-01  -6.0754897e-02  -6.3136986e-01   2.7254847e-01   6.8889696e-01   1.8050254e-01
   4.6021237e-01  -1.7511091e-01  -1.0947403e+00   4.7133364e-01  -2.1475066e-01   5.6214306e-01  -4.0471886e-01
  -8.8065375e-02  -6.9550099e-01   1.1397023e-01   1.3364051e-01   1.3988915e-01  -7.4955568e-02   1.2210249e-01
  -3.3775935e-02   2.5314742e-01  -6.9764469e-03  -2.7840165e-02  -1.0273715e-01   6.1782973e-02  -7.6346698e-02
