  -2.6729361e-02   3.0826063e-02  -7.9737718e-02  -6.9126922e-03   5.7288927e-02  -2.1554792e-02   5.3836788e-03
   3.4239725e-02   6.3185548e-02  -5.7544407e-02  -2.6436844e-02   7.4733118e-02  -1.4300867e-02  -6.7335393e-02
  -4.1696073e-02  -4.1426593e-02  -4.6593928e-02   3.7466887e-02  -1.0497533e-02  -6.3917743e-03   2.6322796e-03
  -1.9344266e-02  -5.2491173e-02  -1.5868625e-01  -3.4044036e-02   6.4537159e-02  -4.2919317e-02  -1.1007309e-02
   4.3231066e-02   9.6775338e-02   3.3849695e-02  -1.0617583e-02   7.6365534e-02  -1.6493363e-02  -9.5392276e-03
  -9.4815953e-02  -8.3688897e-02  -7.6857091e-02   1.5433795e-01   3.4268888e-01   7.6680730e-02   2.7292468e-01
  -2.3878338e-02  -1.1357986e-02  -1.1197894e-01  -1.6907615e-02   6.7850366e-02  -1.4297887e-02  -6.6462470e-02
  -1.5098825e-02   6.2197026e-02  -8.2683513e-02   1.4034650e-02   6.5862341e-02  -1.3925403e-02  -5.5101772e-02
  -4.9089410e-02   2.3335511e-02   1.9267083e-01   9.1636370e-02  -1.2737659e-01  -7.4061709e-02   8.9848690e-02
   2.7444728e-02  -1.0501742e-01  -4.3516258e-03   4.4120031e-02  -2.6574895e-02   2.2380441e-03   2.8176152e-02
   9.5292731e-02   2.9947544e-01  -4.1420963e-02   1.4798562e-03   2.9337409e-01   1.2906104e-01   2.2292796e-03
   8.6795070e-02  -6.8549910e-02  -3.5708000e-01  -2.3674740e-01   9.7706595e-02  -8.5784275e-03   2.2358704e-02
   4.1435719e-02   9.4226544e-02   2.1192019e-01   1.0731450e-02  -1.1610471e-01  -4.8326412e-05  -1.6413656e-03
  -9.6890112e-03   1.9596442e-02  -7.0229491e-02   2.9611978e-02   6.9933031e-02  -2.3851193e-02   3.2490323e-03
   5.2029629e-02   1.2318228e-01   3.3072083e-02  -9.5329624e-03   9.7430650e-02   3.1519669e-02  -1.0384170e-01
   1.4654783e-02  -2.1021764e-02   2.4215534e-02   1.9308375e-02   3.4329523e-03   3.1173403e-02  -5.0199374e-02
   3.2082935e-02   8.2698118e-02   4.7894153e-02  -1.8651847e-02   5.7897527e-02   1.1954624e-02  -1.2020867e-01
  -3.7138199e-02   5.1872798e-02   7.6661009e-02   4.2240395e-02   4.1386408e-02   6.8091646e-03  -4.4180496e-02
   4.7577113e-01  -5.0473480e-02   2.1513314e-01  -3.2476451e-01  -3.6837143e-01  -4.2619796e-01   2.1174407e-01
   8.2334711e-02  -5.4487030e-01  -1.1515689e-01   4.4452758e-01   1.0627215e+00   5.3971382e-01   1.3187243e-01
   8.6668833e-02  -6.1582129e-02  -1.4360146e-01  -1.2346179e-01  -3.7333823e-02   2.1555585e-02   2.1290103e-02
  -5.7269186e-01  -5.1116151e-01   4.3424713e-02   1.1827125e-02   5.3680263e-01  -8.2191794e-01   3.6229487e-01
  -2.7107160e-02  -8.0492850e-03  -3.6711697e-02   2.6159846e-02   4.0895332e-03  -1.3120168e-02   5.1273836e-02
  -3.0300458e-01  -1.2291748e-01  -4.6826988e-01   2.6171154e-01  -2.7878188e-01   9.9740163e-02  -1.6589843e-01
   2.7256208e-01  -7.2259005e-02   2.1383738e-01  -2.7887642e-01  -1.8070281e-01  -1.4357687e-01   2.2135310e-01
  -3.0995604e-02   6.2759489e-02   1.5444364e-02   5.7789687e-02   6.0898490e-02  -5.3026357e-03  -3.7184540e-02
  -2.6940156e-01   3.9052669e-01  -2.2878153e-01  -1.3548539e+00  -3.0850309e-01  -5.0966647e-01  -8.9097131e-02
   5.5044596e-02   1.3616456e-01   3.7100027e-02  -1.1139550e-02   1.0628518e-01   3.1102056e-02  -1.2616352e-02
  -6.4603973e-02   9.3343038e-03  -4.8835745e-02   3.7962770e-02   5.7106318e-02  -9.5875309e-03  -7.2404834e-02
  -3.4317258e-02  -2.9000593e-02   8.1739045e-02   4.1585695e-03   2.1805859e-02   9.0165947e-04  -1.7547603e-02
  -2.7113284e-02  -1.3906485e-01  -8.2861712e-02  -3.8332490e-02  -7.1541500e-02  -4.0700020e-02   9.5008906e-02
   7.2097275e-02  -1.7284882e-01  -9.9142568e-02  -7.6625907e-02  -3.6409731e-02   7.8063045e-02  -2.8261313e-02
  -6.5324733e-02  -7.6282725e-02  -2.3199668e-02   2.6856022e-02  -7.4153432e-02   2.0597032e-03  -3.6999492e-02
  -1.8996994e-01   4.1762990e-01  -2.3046506e-01   6.7562640e-01   3.2139722e-01  -7.1233278e-01   6.4666340e-01
  -3.4674224e-01   3.7395141e-01  -8.0533626e-01   3.4987206e-01  -2.6730848e-01  -4.8249019e-02  -1.8975937e-01
   9.8616659e-03   1.8187926e-02  -1.5680661e-01  -8.4183536e-02   1.0186965e-01   4.7060852e-03  -4.4755368e-02
  -9.8985001e-02  -7.5714034e-02   3.1773442e-03   7.8144023e-02  -3.7618316e-02   6.4067332e-03   1.1379284e-03
  -1.5124303e-02   1.7125705e-02   1.1591698e-01   4.0129748e-02  -2.9703566e-02   2.4839421e-02   3.6150479e-02
   2.3197359e-02  -2.0148931e-02  -3.9568804e-02   3.4950345e-03  -2.3809868e-02   9.1784884e-03   6.1619995e-03
   1.5937437e-02   2.3205440e-02  -5.4956484e-02   5.4459823e-03   9.6166527e-02  -1.3618394e-01  -7.5256551e-02
   7.9992807e-02   1.3972609e-01   5.4208384e-02  -4.6032920e-03   3.9469446e-02   2.5847122e-02   2.6663449e-02
  -1.2390199e-02  -7.3790063e-02  -1.2207512e-01   5.5145225e-03   2.0271476e-02  -2.7526433e-02   2.4446381e-02
   5.2228444e-02   1.6258699e-02   2.2669613e-02  -6.5397467e-02   3.2225386e-02   3.4546924e-02  -1.0297275e-01
   2.6403824e-02   6.0137373e-03   5.2304047e-02  -3.5967138e-02  -2.4507911e-02   1.1313370e-02   2.0370596e-03
   6.3429943e-02   8.8366877e-02   1.2463887e-01  -9.1867294e-02  -1.0745275e-02   2.3221606e-02   3.8594829e-02
   6.4049656e-01  -1.0185483e+00   1.6352930e-01  -5.0376355e-02  -2.8566347e-01  -2.7850091e-01   2.3428435e-01
  -9.7215091e-01   6.0621970e-01  -2.8349922e-01   6.5778116e-03   2.9435880e-01   1.9298720e-01  -2.1757894e-01
