   8.6217248e-02   1.7635209e-02   4.5775388e-02  -6.4564123e-03   2.0981008e-02   5.4996046e-02   2.4993019e-02   2.0735706e-02  -3.7219412e-02   8.7072876e-02  -7.4345485e-03  -1.7131867e-01  -1.6298185e-01   4.6903790e-02   2.1645311e-01   6.4462979e-02   4.6735904e-03  -4.8649416e-02  -8.6914371e-02  -7.4247155e-02   1.2648037e-01   3.5915057e-02  -7.3642698e-02  -3.0712122e-02  -8.5308936e-02  -5.7914112e-02  -7.3775699e-02   3.2851881e-02  -7.4398640e-02   1.3417066e-02  -4.5807369e-02
  -1.0684528e-01  -3.4290875e-01   4.3012421e-01  -4.7110341e-01  -1.4381253e-01  -3.2743721e-01  -2.0383385e-02   1.6757727e-02   8.0526050e-02  -5.6782295e-01  -1.5748144e-01  -4.5495188e-01  -9.3000406e-02  -2.9325190e-01  -1.1854919e-01   4.1201943e-01   1.2004542e-01   9.5543190e-02  -3.8932894e-01   3.5322450e-02   3.1532547e-02   9.6933394e-02  -9.2298342e-02   7.9946376e-02   2.2664474e-02   1.9668142e-01  -2.4860430e-01  -3.5168140e-01  -4.1706747e-01  -5.1185473e-01  -2.3109248e-01
  -2.1755700e-01   1.0347356e-02   3.6792859e-02  -4.2888067e-03  -3.8362792e-01   5.6012848e-02  -1.2628755e-01   1.2503143e-01   1.5246859e-01   5.7935152e-04   1.2530322e-01   1.1338002e-01  -1.4147635e-02   2.6776968e-02  -1.1959959e-01  -2.7594543e-01   2.4126815e-01   4.0047074e-02  -2.8663945e-01  -1.7443749e-02  -2.3878250e-02   4.3149435e-03   1.5196450e-01   1.1209747e-01   1.8389076e-03   9.0946499e-02  -1.3223193e-01  -4.3309989e-01  -1.1283492e-01  -3.5014108e-01   8.0648761e-02
   7.5996234e-02  -5.3976693e-02  -4.6667876e-03   3.3159968e-02   1.0206410e-02   1.3036084e-01  -6.2139462e-02   5.1819401e-02   4.1048614e-02   4.2449528e-02  -7.8827496e-02  -1.6390041e-02   1.3648003e-02   4.7654686e-02  -4.9056941e-02  -1.9434760e-02  -1.6979103e-02   6.8659746e-02   4.6823667e-03  -4.6199111e-02   6.7435177e-02  -1.3651966e-02  -4.7864208e-03  -2.5808762e-06   2.1430608e-02  -2.1905666e-03   1.0747612e-01   1.8208339e-02  -6.4133796e-02   3.7267285e-02   6.3254496e-02
  -5.6117990e-02   6.5827378e-02  -9.6279007e-03  -3.5733234e-02  -2.1642330e-02  -2.5626829e-01   9.4527773e-02  -8.0573253e-02  -1.1712669e-01  -9.4189207e-02   9.3355146e-02   1.7895683e-02  -7.1611654e-02  -7.7692815e-02   4.9908829e-02  -4.2744498e-03   4.8020706e-02  -1.0060778e-01  -2.3025787e-02   1.0220912e-01  -1.3554866e-01   6.7594429e-03   7.0380343e-02   1.4388280e-03  -1.3410341e-02  -3.0295691e-02  -1.3773184e-01  -2.0824070e-02   1.0340059e-01  -9.3540396e-03  -8.5535947e-02
   5.0400296e-02  -5.3726597e-04  -2.9744401e-02   5.5544422e-02   3.2706547e-02   1.0264337e-01  -7.3682678e-03   3.5154706e-02   4.5171555e-02   5.7786007e-02  -3.6095456e-02   6.4214884e-02   3.6073826e-02   5.7863638e-02  -9.1918055e-02  -1.0026532e-01   3.8219235e-02  -1.7087351e-02   3.5258789e-02  -4.8504337e-02   1.6902855e-02  -2.1605506e-02  -2.6804072e-02  -3.4302467e-02   9.4332016e-03  -5.7346125e-03   7.9498464e-02   5.1517286e-04  -6.8697891e-02  -5.6757045e-03   5.7657532e-02
  -1.5911906e-01  -7.6539809e-03   2.6292616e-02  -8.7031747e-02  -3.1597664e-02  -1.9597333e-01   2.1100552e-01  -9.2921736e-02  -2.4646389e-01  -6.9147213e-02   7.0464663e-02   2.4012881e-01  -3.6515847e-02  -1.9207414e-01  -4.7967203e-01   5.5268215e-02  -3.2681772e-01  -3.1566124e-01   4.2822788e-01   2.3933559e-01  -6.5938908e-02  -2.2700981e-01  -6.2982941e-02  -7.9550982e-02   1.2233519e-01   6.4340150e-02  -3.8859742e-02   3.1114600e-01   9.6056904e-02  -6.8464875e-02  -3.0495919e-02
  -1.8844582e-01  -8.2010821e-03   8.2265435e-02  -2.1423540e-01  -5.9149528e-02  -3.4891415e-01   2.3024143e-01  -1.3696494e-01  -2.3095416e-01  -2.3476939e-01   4.1555295e-02  -1.3958743e-01  -7.4265752e-02  -2.0022838e-01   3.3635357e-01   1.9764538e-01   7.6547045e-02  -7.9146028e-02  -2.3277227e-01   6.4071497e-02  -9.1591207e-02  -6.6122947e-04   2.2446299e-02  -3.0134658e-02  -1.3959792e-02   7.3543860e-02  -3.5227034e-01  -3.5056846e-02   1.4765192e-01  -2.5339783e-01  -1.2357151e-01
   2.4135236e-03  -1.8957899e-02  -3.3340364e-02  -4.4591595e-02  -2.8327555e-02  -1.0379960e-01  -6.9897242e-02  -3.4922530e-02   1.4332252e-02  -1.1935721e-01   7.2630384e-03   7.0187817e-02   7.3049010e-02  -3.4681837e-02  -1.5727628e-01  -8.1888653e-02   1.2110495e-01   5.4239318e-02  -1.5018696e-02   1.0376619e-01  -1.3301952e-01  -3.0261667e-02   7.4659029e-02   2.8486703e-02   6.3309624e-02   5.6552902e-02   4.3279374e-02  -7.1692652e-02   3.8569141e-02  -7.4825986e-02   3.3806520e-02
  -6.8062995e-04   2.1033561e-02   4.1885082e-02   4.1006291e-03  -1.0367412e-01  -9.4290526e-02   9.8322198e-03   6.6221379e-02   2.9280523e-03  -1.0688547e-01  -6.7348653e-02  -5.6076886e-02  -1.1337349e-01  -1.1470538e-01  -5.1114023e-02   1.8499787e-01   4.4265187e-02  -1.0040039e-02  -4.7986810e-02   1.1158162e-01  -9.6500857e-02   2.0261793e-02  -3.2511181e-03  -3.3113339e-02  -7.7206550e-02  -3.4077408e-02  -1.3496426e-02  -3.1230733e-02  -9.3091713e-02   1.0024626e-01   1.0228860e-01
  -1.3407590e-02  -2.2007262e-02   1.0751572e-01  -8.0919332e-02   1.0931688e-01  -1.5869172e-01   4.9829710e-02  -5.3664865e-02  -4.2623976e-02  -6.6769295e-02  -1.6965209e-02   4.4415655e-02  -3.9409092e-03  -1.6246025e-01  -8.5942642e-02   1.1394098e-01  -2.2253490e-01  -5.3382242e-02   1.2530372e-01   1.5466719e-01  -5.5039364e-02  -1.3941940e-01   8.4535100e-02   3.3774328e-02   1.0343771e-01   7.8936417e-02   4.9512568e-03   6.9327712e-02   1.3700452e-01   1.7382942e-01  -1.3895936e-01
  -2.9108537e-02   2.6783452e-02   1.8419003e-02  -2.7515185e-02   1.9170415e-02  -7.9311850e-02   5.2231798e-03  -5.0160532e-02   3.8374135e-02  -1.8984589e-02   5.4498949e-02  -2.4152802e-02  -3.8375582e-02  -6.5542198e-02   6.3200766e-02   7.2845423e-02   3.1797588e-02  -2.7012573e-02  -3.7033763e-02   3.3047813e-02  -2.1585614e-02   1.3308069e-02  -1.2951812e-02  -2.5380487e-02  -4.3809540e-02  -6.3382529e-03  -5.2426627e-02  -1.9648956e-02  -4.7098348e-03  -4.0291930e-02  -3.5589876e-02
   8.9138763e-02  -2.8110313e-03   6.7050104e-02  -7.9498011e-02  -2.2759185e-02   1.7929563e-02   5.1371006e-02  -2.5385551e-02  -1.3164067e-01   3.2009992e-02  -4.8108433e-02  -3.3085290e-01  -2.8900741e-01   4.5482188e-02   2.6690086e-01   1.2427272e-01   3.4324434e-02  -4.8211960e-02  -1.6606952e-01  -1.0816742e-01   1.3802369e-01   5.8455710e-02  -1.4512137e-01  -1.6469148e-02  -5.0778439e-02  -8.0406402e-03  -1.4387679e-02   2.5105132e-02  -1.1530543e-01  -1.8112876e-01  -6.8790525e-02
   1.4521880e-01   9.6307705e-02   2.8724196e-02   4.3619052e-02   2.0787151e-01   2.0747300e-01  -1.8924123e-01  -2.0886916e-01  -4.8711718e-02   1.3877149e-01   3.5858864e-01   1.7171482e-01   1.2664883e-01   7.0358048e-02   1.9500345e-01  -2.4649640e-01   4.3744444e-01   9.7111133e-02  -2.7721214e-01  -6.3751711e-02   7.3950736e-02   1.2817021e-01   1.3104381e-01   4.3779080e-02  -1.5326547e-01  -1.4731301e-01  -2.0451920e-01  -3.8804926e-01  -6.2850209e-02   3.1028883e-01  -6.5464270e-02
   3.2961807e-02  -1.7134202e-02  -7.2940273e-02   6.8226670e-02  -5.9917807e-02   1.1594450e-01   1.2630974e-02   6.6051036e-02  -3.1423262e-02   9.6601348e-02   1.1138492e-01   7.8410331e-02   5.7922841e-02   1.0308753e-01   5.1873557e-03  -1.6746755e-01   2.3198923e-01  -1.4942719e-01  -3.6270591e-02  -6.8712764e-02   5.2277685e-02  -4.6325758e-02   3.3802523e-02   2.3721636e-03   5.8602249e-02  -2.7469133e-02   4.1743816e-02  -1.3922450e-01   9.3939031e-02  -2.1381429e-01   8.0164251e-02
   1.0407658e-01   4.4230512e-02  -1.0543641e-01   1.2774652e-01  -2.0222238e-01   1.3665354e-01  -1.0448279e-01   9.9519154e-02   8.0320813e-02   1.6582933e-01  -5.5087905e-02  -1.2139372e-01   9.3535837e-03   8.0067893e-02   4.8610767e-01  -3.1636220e-01   2.2223777e-01   2.8028432e-01  -2.4471635e-01  -1.1420216e-01  -3.0662852e-02   1.5718554e-01   5.0360439e-02   4.8923745e-02  -1.0666683e-01  -3.3647232e-02  -1.0577549e-01  -2.3302560e-01  -2.3302939e-01   1.4158496e-01   1.4132671e-01
  -1.1182433e-01   2.6501723e-02   3.9233160e-02   1.1096266e-02   8.2670533e-02   6.7696560e-02   6.5576198e-02  -2.8140528e-02   2.0995950e-01   5.7452056e-02  -1.0908186e-01  -5.7509413e-02   1.7572577e-02  -9.4133577e-02   1.9346597e-01  -5.2397860e-03  -9.8361234e-02   7.5100417e-02   9.3553045e-02   2.7600426e-02   3.3972461e-02  -2.2394620e-02   2.9371113e-02  -4.3127754e-02   7.2493144e-02   2.3930411e-02   6.0810377e-02  -1.0502566e-03   4.6297925e-02   2.0801490e-01  -2.4351080e-02
  -2.5481755e-03  -1.2018063e-02   6.2903086e-03   4.7899121e-04   8.1389521e-03   2.6488662e-02  -3.3529148e-03  -1.3981266e-03   5.8172794e-03   5.4767904e-03   8.0853179e-03   1.7088180e-02   1.7429165e-02   1.2688312e-02  -1.7908373e-02  -2.4599434e-03   8.4773992e-04  -3.7752356e-03   9.6449293e-03  -9.6275147e-03   1.1392988e-02   5.4321801e-03  -1.5349107e-03  -4.5359500e-03  -5.1925137e-03  -2.8430087e-03   1.4254113e-03  -4.0539575e-04  -1.3627373e-03  -1.5303084e-02   1.4912774e-02
  -1.8807246e-02  -1.7623591e-02   3.9776303e-02  -9.3634760e-02   2.5011815e-01  -4.1232978e-01  -7.2849108e-02  -3.1991024e-01  -1.0055843e-01  -2.3910452e-01   2.2137778e-01   7.2768216e-02   3.0914375e-02  -3.3232792e-01   2.9437557e-01   3.2101912e-01   2.7933412e-01  -9.7827481e-02  -8.4849186e-02   3.5808644e-01  -4.4049311e-02   6.0988717e-02   1.2798673e-01  -3.4224958e-02  -1.1172552e-01  -1.5216117e-01  -4.2707490e-01   1.1447385e-01  -2.8610951e-02  -2.6968481e-01  -7.1509616e-02
   5.0916324e-02  -2.0555594e-03  -1.7276122e-02  -2.8904627e-02   1.3071398e-02   4.1077770e-02  -1.4344732e-02  -9.3385496e-02  -1.9705919e-01  -5.1716924e-03   6.3243647e-02   3.0914771e-02   5.7876659e-02   6.7690347e-02  -1.8988680e-02  -4.2795482e-02   8.7131253e-02  -7.8051902e-02  -7.5069605e-02  -2.5129019e-02  -5.3663095e-02   4.8064668e-02   1.7157696e-02   4.7316808e-02   8.8951264e-03   8.4090622e-03  -5.4561130e-02  -1.1916162e-02   2.3748304e-02  -1.8396966e-01   2.0471506e-02
  -4.7066299e-02   1.0450471e-01   1.3206714e-01  -1.0387047e-01   4.9470841e-01  -1.2776209e-01   5.4705286e-01  -2.5844624e-01  -4.8857588e-01   2.1990974e-01  -4.4561549e-02  -3.7768632e-01  -5.9770663e-01   3.1433110e-01   5.7779591e-01   7.6406346e-02  -2.4555263e-01  -4.9197085e-01  -3.5876244e-02  -2.2849151e-01  -3.6482014e-02   2.8908505e-01  -2.5721760e-01  -3.1452239e-02   6.4375782e-03   9.9408280e-03  -8.9882770e-01   2.6278480e-01   3.9897875e-01  -6.6252448e-01  -2.7003713e-01
   2.2171014e-02   5.0512306e-02   1.5560713e-02   6.2482036e-02  -3.5756690e-02   1.3283512e-01  -8.8775393e-02   8.9332920e-02   4.5160032e-02   1.6189557e-01   4.0891071e-02  -1.5060628e-02  -1.0802022e-01   8.7064741e-02  -4.1078451e-03  -1.7532238e-01   1.0295144e-02   2.7823014e-02   2.0229755e-02  -2.0757136e-01   1.8397811e-02   1.7934136e-01  -6.3946988e-02  -1.2992773e-01  -1.2927910e-01  -1.2393043e-01  -1.1715806e-01   4.9936170e-02  -6.8135325e-02  -3.2722084e-02   2.0683450e-02
   5.9049356e-02  -6.0772714e-02   7.6840672e-04  -1.6834708e-02   5.6695702e-02   7.2601920e-02  -3.7501197e-03  -9.2489969e-02   6.8206958e-03  -2.7653563e-02   4.8356229e-02   1.7008177e-02   3.7716597e-02   3.2278405e-04  -1.9459785e-01   2.7318983e-02   5.0749714e-02  -7.6037141e-02   3.1472799e-02  -1.9553467e-02   1.1750639e-02  -2.5158166e-02  -6.3478684e-02   9.3627576e-03   2.4078632e-02   7.3149150e-03   1.2442873e-01   3.9044106e-02  -6.5460659e-02  -4.0145585e-02   1.9184185e-02
