  -1.1011637e+00
   2.3196384e-02
  -3.5274263e-02
  -2.3988525e-01
  -4.4859829e-02
  -3.7886567e-03
  -5.8343644e-01
  -1.5714830e-01
  -2.0664221e-01
   1.5136815e-01
  -3.2046065e-03
  -1.6215160e-01
  -4.6873051e-02
   9.0192533e-02
   5.4863045e-02
   1.6317459e-02
   3.0586559e-02
  -9.1440946e-02
  -1.0776682e+00
  -1.9814287e-01
   1.5417339e-01
   1.8787668e-02
   2.3291672e-02
  -2.7984656e-02
   4.9025159e-02
   5.2159459e-01
  -6.3083588e-02
  -3.3196106e-01
  -2.8936313e-01
  -1.1078572e-03
  -5.8553803e-02
  -1.7973583e-01
   3.7801626e-02
  -1.1927220e-01
   7.4542828e-02
   2.9389466e-02
   1.8708514e-02
  -1.8698691e-01
  -8.1734299e-03
  -6.6531212e-02
  -1.8965239e-01
   2.5529724e-01
  -9.2668201e-02
   4.8640084e-02
  -9.3890270e-02
   2.5184748e-02
