   4.0397967e-03
   7.9614193e-02
   5.5825219e-02
  -9.2398039e-02
   1.4970065e-02
  -1.6478916e-01
  -2.3049798e-01
   4.4245407e-02
  -6.3936433e-02
  -1.2860888e-01
   5.6189098e-02
  -2.7811460e-01
  -3.0716226e-02
  -8.0253485e-02
   7.1713175e-02
   1.0930445e-01
  -1.6941640e-01
  -3.6561964e-02
  -1.0842654e-01
  -1.3334768e-02
  -1.1723469e-01
  -4.7268705e-02
  -1.5179616e-01
  -1.0123025e+00
  -2.4966354e-01
  -1.9638307e-02
   2.1195283e-01
   9.6865526e-02
   2.3370574e-02
   5.3168295e-02
  -4.7551660e-02
  -1.5243961e-01
  -1.4017610e-01
   1.2615906e-01
   1.3009595e-01
   1.3967669e-01
  -2.1430233e-02
  -1.4730996e-01
