   2.0794625e-01  -8.5458536e-01   8.2146478e-01  -4.7140006e-01  -6.8240564e-01  -7.6172814e-01   1.3820446e-01
  -4.3148332e-01  -2.0967035e-02   1.7658245e-01  -3.4470405e-02   5.8733393e-01  -2.2695256e-01  -2.4123832e-02
  -4.5526794e-02  -9.9570642e-02  -1.1335348e-01   1.7972198e-01   1.1743216e-01   2.4294135e-02  -1.5765640e-02
  -1.0211760e-01  -9.5297226e-02   9.3240677e-02  -1.2128098e-01  -1.4317234e-01   3.3095598e-02   3.5565523e-02
   2.7192183e-01   8.5482303e-02  -2.7718551e-01  -5.7154622e-02   5.8804133e-03  -4.5919344e-02  -3.3411446e-01
   6.1298302e-01   3.7868853e-01   2.0913965e-01  -3.1864909e-01  -8.7892149e-02  -2.6575300e-01   9.3881202e-02
   3.6665624e-02   2.0553698e-02  -8.5672454e-01  -1.4502481e-01   1.6418750e-02  -3.6683982e-02  -1.9518248e-01
  -2.9808765e-01  -2.3110071e-01  -1.0131911e+00  -1.2975684e+00   5.5204479e-01  -1.3258046e+00  -3.0223025e-01
   2.3808164e-01   5.8222391e-02   1.3452222e-01  -2.5485186e-01   5.5648905e-02  -7.0719102e-02  -1.9478927e-01
  -2.0945831e-01  -2.3541822e-02  -7.6335091e-02   6.3891698e-03   2.1412759e-01  -6.5682624e-02  -1.3628148e-01
  -1.1060434e-01  -5.4029801e-02   4.3258326e-02  -3.6751327e-01   9.9315934e-02   4.1750864e-02   1.0453635e-01
   1.3746990e-03   3.6593967e-02   8.1603359e-02  -3.2187610e-01   3.5590110e-02   4.8653511e-02   2.3927885e-02
   1.6753602e-01   2.7147898e-01   5.9902421e-02   2.6227709e-01  -1.2827186e-01  -1.1542826e-01  -2.7389907e-01
   1.0893211e+00  -1.3117606e+00   6.3708472e-01  -4.4336967e-01  -8.6662666e-01  -9.5079360e-01  -1.4878006e-01
  -9.4599384e-01   4.7691232e-01  -4.7811626e-01   4.1274429e-01   1.9809564e-01   8.9309144e-02   1.4908423e-01
  -7.5882536e-01  -8.4510665e-01   1.5670989e+00   1.7334975e-01  -5.6467310e-01   6.0513319e-01   2.3116249e-01
   7.1352741e-01   1.4621933e+00   9.3867862e-01  -6.6303258e-01   5.0441137e-01  -1.2427253e-01  -3.7563129e-01
  -1.9294127e-01  -3.9326882e-01  -2.2520340e-01  -3.1083688e-01   2.2175667e-01   5.2527269e-02   7.0628286e-02
   7.7256666e-02   2.1074351e-01  -1.6083132e-02  -2.1372659e-01  -1.2986397e-01  -5.6037414e-02   2.2831590e-01
   8.3096345e-02   1.5043026e-01  -1.2678001e-01   2.7235026e-01   2.5382548e-01  -3.1064533e-02  -2.9488583e-01
   8.8343517e-02  -2.9259555e-02   7.4039357e-02  -1.1303790e-01  -3.7678598e-02  -5.4834084e-02  -1.5032003e-01
   1.4441469e-01   1.2622034e-01  -8.8110984e-02   3.0950888e-01  -8.2718104e-02  -4.5013324e-02  -1.1183775e-01
   3.2566915e-01  -1.2029461e-01   7.8616718e-01   3.3357655e-01   6.1281185e-01   5.6102040e-01  -3.2960122e-01
  -6.5407920e-03   3.8540530e-02   4.1406600e-04  -1.0207127e-01   1.3694500e-01   2.2548788e-02   5.5792617e-02
   1.3099368e-01  -4.6391576e-01   7.9054605e-01  -4.6853949e-01   2.9636259e-02  -3.6992976e-01  -2.8631941e-02
  -3.1276869e-01   9.2775317e-02   6.3104676e-01   9.3834777e-02   7.6781712e-01  -2.9550697e-01   5.8056537e-02
  -9.4128268e-01  -4.4450232e-01   4.7153795e-01   4.7642922e-01  -5.3137320e-01   7.3977459e-04  -7.8035431e-02
   2.7173361e-01   1.9551011e-01  -1.5649900e-01  -5.9257615e-02  -6.7807661e-02  -1.6219261e-01  -3.4460672e-01
  -1.5719979e-01   5.7777447e-02  -9.6266049e-03  -8.8122998e-02   1.1660355e-01  -1.4790230e-02   3.0457644e-02
  -2.3597396e-01  -7.4386811e-02   3.3037391e-01   2.2419127e-02  -6.7796203e-03   2.7844310e-02   2.9868894e-01
  -1.1456400e-01   2.6379287e-02  -8.6387734e-02   1.1974351e-02   2.2147095e-01   1.3929885e-02  -1.0239694e-01
