   9.5445603e-02   3.4580829e-02   6.3255970e-02  -8.2940532e-02   4.3895772e-02   6.6240523e-02   2.2227635e-02  -1.9471627e-01  -1.6884462e-01  -1.3536834e-02   2.2690352e-01   1.3965583e-02  -1.4061333e-01   3.4916543e-02  -2.3395723e-01  -9.4444577e-03   1.8985971e-01   7.2156256e-02  -5.3852932e-02   1.6979605e-01   5.1267253e-02   2.9375332e-01  -5.7454078e-02  -1.2389129e-01  -2.9857722e-02   2.7405336e-01   5.2649989e-02   6.5806914e-02   7.5553267e-02  -3.0491784e-01   8.4397369e-02  -7.9546943e-03  -1.0197751e-01  -8.0162095e-02   6.9495622e-02
   2.5085312e-02  -1.1250881e-02   1.9017901e-02  -1.2616877e-02  -1.2836537e-02  -1.3121700e-01  -2.4281382e-02   1.3387175e-02  -5.1917846e-02   1.2754362e-02  -3.5388004e-02   3.5509483e-02   7.9918600e-02   3.2628733e-02   5.4869613e-02  -9.2613619e-02   1.1035919e-02   8.0542316e-03  -8.6691936e-02  -4.6442047e-02  -7.7895001e-02  -1.0833443e-01  -1.2273159e-01   1.0648507e-02  -9.4912573e-03   1.8224899e-02  -8.1037251e-03   4.9075642e-02   4.2763128e-03  -5.1381882e-03   5.2166785e-02  -1.7819497e-02   1.1041285e-02   2.1214303e-02  -4.5486593e-02
  -3.2136631e-02  -7.6235316e-02  -1.4376699e-01   9.7945081e-03  -1.0814971e-01  -1.8754746e-01  -8.2595393e-02   2.1952873e-01  -1.1219337e-01  -1.1012883e-02   2.1098528e-01  -8.1855218e-02  -1.1090174e-01  -2.2613646e-01   9.3545953e-02   1.4503840e-01   2.1850951e-01  -2.7250722e-01  -7.0466704e-03  -2.6518937e-01  -1.6445997e-01  -2.0138256e-01   5.3715511e-02  -1.1563064e-02  -2.0694376e-01  -5.9011626e-02  -1.3852776e-01  -3.9030546e-02  -1.2752306e-01  -2.4880437e-04   2.1606974e-01   1.7806782e-01   3.2690424e-03  -1.4942032e-02   1.0681935e-01
  -7.6634590e-03  -4.5705108e-02  -3.6182059e-02   2.4236028e-03   2.7025154e-02  -1.5668884e-02  -3.9535639e-02   1.2096880e-02   3.7107244e-02   2.7826510e-02  -1.1003024e-01   3.3144905e-02   1.3198835e-01   1.4901406e-02  -3.2586074e-03   3.1734403e-03  -1.2504707e-02   1.4496966e-02   1.0032252e-01   4.2711255e-02   8.9064445e-02  -1.3323759e-01  -1.2751536e-01  -9.6012806e-02   2.1366856e-02   1.0631611e-01  -4.6599190e-02   8.5735227e-02  -3.0341038e-02   5.0798337e-03   4.8018246e-02  -9.6822908e-04   5.3173309e-02   3.7035066e-03  -6.6043658e-02
   8.8062014e-02   1.8964084e-02   9.5733397e-02  -9.3335389e-02  -9.0509725e-02  -8.4734552e-02   5.8936633e-02  -5.4038697e-03  -1.0138817e-01  -2.5362140e-02  -4.4756375e-02   7.7421136e-02  -2.1889320e-02   1.6672628e-01   8.2663955e-03  -1.1453247e-01   2.7275480e-02  -1.5885902e-02  -1.3327107e-01  -1.4105117e-01  -1.4791511e-01  -9.0272103e-02  -1.8431157e-02   2.0629143e-02  -1.0180023e-01  -1.7304943e-02   4.1913308e-02  -2.6341446e-02   6.8725730e-02  -3.4703522e-02   6.9227161e-02  -6.2601666e-02  -4.4423933e-02   9.3079090e-03   7.9645368e-02
   9.1009436e-02   6.6643098e-02   1.3533777e-03  -1.3324870e-01   3.5329528e-03  -7.9309545e-03   4.5105264e-02  -2.8042325e-02   7.8905178e-02  -7.0571941e-02  -1.5075055e-01   7.8286589e-02  -2.2487793e-04  -1.3308899e-01   1.1486908e-01   1.8929240e-01   1.3004312e-01   2.4331152e-01   1.9344010e-01   1.4523531e-01   1.7059435e-01  -6.0179159e-02  -3.1844928e-01   4.7429324e-02   1.8594362e-02  -7.3599607e-02   3.0038685e-02  -1.0583843e-01   6.3141552e-02  -2.1613048e-01  -3.0995942e-02  -7.3517937e-02  -1.3558924e-01   6.5954433e-02  -1.2003158e-01
  -7.9662589e-02   1.3517769e-01   3.9661057e-02   7.7226714e-02  -1.2077379e-02   3.4839779e-02   7.6731085e-02  -3.2951843e-01   1.4068016e-01   4.1249335e-02  -1.6442128e-01   5.5405848e-02   3.6399337e-01   1.2229622e-01   4.1263529e-02   7.8486533e-02  -1.9015483e-01   1.8054657e-01  -1.6646755e-01   4.7820098e-01   1.2617781e-01  -6.8390896e-02  -6.3354501e-01   7.7676638e-02   2.0727206e-01  -1.4638223e-01   3.6440754e-01   1.2360920e-01   1.1986206e-01   8.0230846e-02  -2.3078287e-01  -1.4284361e-01  -2.0153404e-01   2.0931178e-01   3.9709846e-02
   1.8120149e-02   8.7204926e-02   6.5167747e-02  -2.9589067e-02  -1.3915576e-01  -9.5875707e-03   1.7530896e-02  -2.5942617e-02  -1.4547135e-02  -2.9753930e-02  -1.5321723e-02   6.0938784e-02  -4.9707078e-02  -3.6918907e-02   1.3603172e-01   1.6977262e-03  -4.1377368e-02  -1.0278164e-01  -7.1669152e-03  -4.0304107e-02  -6.8166885e-02  -6.5641778e-02  -6.6968798e-02  -6.8340469e-02  -6.0047847e-02   1.9255703e-02   1.4803487e-01  -2.3273223e-02   8.5988898e-02  -4.2333020e-02  -5.9496052e-03   4.0965868e-02  -1.1325949e-01  -2.1938625e-02   5.5608342e-02
  -8.7051703e-02   2.2924891e-01   1.7865148e-01  -2.1788216e-02   1.1850780e-02   2.9325873e-01   1.1316542e-01   7.7915231e-02   1.3087393e-01  -7.8313826e-02  -6.0102744e-02   7.6737419e-02   2.2039021e-02   7.9343726e-02  -7.2831071e-02   6.3868999e-02  -1.3223443e-01   1.3162190e-01   8.8421699e-02   8.3785377e-03   3.4176412e-01   2.2314578e-01   6.2007311e-01  -1.5352926e-02   8.3845475e-02   2.1132024e-02  -7.1872863e-02  -1.8093920e-01   6.6492163e-02  -1.1219260e-01  -2.0382972e-01  -1.5239036e-01   7.9150757e-03  -1.2442457e-01   1.6862198e-02
  -2.5294321e-01  -3.4315528e-02  -6.4619892e-02   1.3390453e-01  -1.1348798e-02   1.7809689e-01  -4.0690044e-02   1.1558730e-02  -3.9204494e-02  -4.5942766e-02   1.1003049e-01   3.4489781e-03  -2.1323400e-01   1.1658239e-01  -8.9072954e-02   4.2748323e-02  -2.8555159e-02   9.9672755e-02   6.1706109e-02   1.7293494e-01   3.2508063e-01   2.4421585e-01   1.9189800e-01   1.4422128e-02   1.6676990e-01  -1.4599634e-01   8.0437080e-02  -1.3632997e-01  -6.6194753e-02  -1.3193311e-01  -3.0549726e-02  -9.9326218e-03  -4.7596322e-02   1.1487997e-01  -1.9373067e-01
  -2.1596103e-02  -2.1338415e-02  -3.3042673e-02   2.7263114e-02   5.8723852e-02  -1.0265147e-02  -7.0184738e-03   9.8541410e-03   7.5524832e-02   1.4897496e-03  -2.2786396e-02   3.7755246e-03  -9.3152239e-03  -8.5706206e-02  -6.7758068e-03   4.7545841e-02   9.1938026e-02  -2.1059789e-02   1.5942263e-02   8.0396532e-03  -1.0751940e-02  -1.2441334e-01  -6.2601531e-02   1.1712719e-01   2.7670023e-02  -1.2698534e-01  -2.4235337e-02  -1.1422359e-02  -4.1596375e-02   3.0328784e-02   2.5405257e-02   1.0141572e-02  -4.0229451e-02   9.8055300e-02   2.6685986e-02
   7.3053880e-02   9.5054671e-02   8.8986983e-02  -7.5999098e-02  -5.2549956e-02   8.8198769e-02   4.0191395e-02  -7.9579948e-02  -5.9942805e-03  -3.4448574e-02   1.1050346e-02   6.4572976e-02  -7.3083894e-02  -1.6314887e-02  -2.5677520e-03  -5.9944721e-03  -1.0138357e-03  -3.5850614e-02   1.0248264e-02   2.1882323e-02   5.6909298e-03   1.3914395e-02  -6.4819794e-02  -4.4380093e-02  -3.2599608e-02   1.5870292e-02   8.2018167e-02  -3.9532841e-03   8.3666548e-02  -7.0143787e-02  -1.2064868e-02   3.5274990e-03  -7.5864884e-02  -3.9050017e-02   8.4180803e-02
   3.4761390e-02   1.2200748e-01   6.6443023e-02   5.2223872e-02   3.7853495e-02   1.9368247e-01   1.7386458e-01   3.7725649e-02   2.8253705e-01  -1.1410554e-01   2.0462670e-02   7.0172765e-02   2.4494628e-02   7.2726694e-02   1.5722957e-02   1.9729398e-01  -5.4298648e-02   3.9270421e-02   3.2617473e-02   2.8742764e-03   1.4308970e-01  -3.5481154e-02  -9.1173438e-02  -3.4692100e-02   1.3173235e-01  -1.0198259e-01   9.1772029e-03   1.4731317e-01  -7.3925425e-04   1.8459346e-01  -1.5510648e-01  -1.1938188e-01  -4.1009576e-02  -8.1925032e-02   1.4474026e-01
  -6.3810541e-03  -1.3015161e-02  -2.3309319e-02   2.3656630e-02   3.8075408e-02   7.9604628e-02   3.8770385e-02  -2.0688338e-02   9.6730373e-02  -1.6649210e-02  -4.6015898e-02  -4.6429110e-02   1.9050894e-02   9.8763011e-03  -2.5643066e-02   1.0996203e-01  -1.8419971e-02   4.5804218e-02   6.7234264e-02   5.8352696e-02   7.7537977e-02  -7.7447941e-03   5.2273214e-02   7.6364320e-02  -1.1855467e-03  -6.3475113e-02  -3.9144266e-02  -3.9809929e-02  -2.3125970e-02   7.1603984e-02  -6.2910577e-02  -3.6316095e-02   1.7018351e-02   3.2724451e-02   5.1722831e-02
  -1.8225246e-01   1.2386874e-01  -1.8733556e-02  -9.4153959e-02  -8.1188998e-02  -1.0267946e-01   4.4411549e-01  -9.0248237e-02   3.6965145e-02  -3.5263003e-01  -2.0386298e-01   5.3001602e-02  -1.9273288e-01   2.3411673e-01   3.5646388e-01   3.7740283e-01  -1.2032194e-01  -2.5085380e-02  -1.7094259e-01   4.2166043e-01   2.5734533e-02   2.5253077e-01  -1.5052306e-01   6.6112207e-02  -2.3937514e-02  -2.4512038e-01   9.8531963e-02  -9.7935387e-02   4.4362852e-02  -1.6751113e-01  -2.7411993e-01   4.4044727e-02  -1.3137094e-01   1.1070750e-01  -1.6699856e-01
   3.7307694e-02   2.9080781e-02   4.6870354e-02  -3.7578638e-02  -1.7238617e-02   9.5795797e-03   2.2552864e-02  -3.3551095e-02   1.9733092e-03  -2.0295008e-02  -2.1353663e-03   2.8165137e-02  -9.5624485e-03   1.9870737e-02   4.5884482e-03  -1.2713517e-02  -1.6788222e-02   7.6583489e-03  -1.2039907e-02   7.6068240e-03  -1.7123666e-02   1.6695077e-02  -3.8893353e-02  -2.3438990e-02  -9.5299073e-03   4.0379387e-02   4.7140740e-02   1.0698825e-02   4.3493674e-02  -1.6472227e-02  -1.9988784e-02  -1.8176774e-02  -3.5043240e-02  -7.7787481e-03   1.1695937e-02
  -1.0260859e-01   1.0335738e-01   3.4729844e-02   1.1303831e-01   1.0941359e-03   2.5776466e-01   2.5280157e-01  -4.3257722e-02   1.5990826e-01  -1.0136581e-01  -1.0178112e-01   7.9254992e-03  -8.0397543e-02   4.4974816e-02   7.5787695e-02   3.1441126e-01  -9.2307751e-02   1.3515466e-01   1.0141549e-01   1.6474845e-01   1.9612650e-01   1.2119203e-01   1.4902003e-02  -4.7671233e-02  -9.1007390e-02  -9.2637622e-02   5.5668214e-02  -1.6040221e-01  -8.6878590e-03   3.8379741e-03  -2.0762209e-02   6.1301169e-02  -2.9313227e-02  -2.4570658e-03  -2.3390570e-01
   5.1232948e-02   1.3097256e-01   1.6867612e-01  -6.2678402e-03  -1.6847657e-01  -7.9673913e-02   9.0336860e-02   4.7578021e-03  -1.1074634e-02  -4.1178440e-03   1.4995990e-01   5.6991963e-02  -1.8047579e-01   5.8269548e-01  -1.0865634e-01   4.4535766e-02   1.5837251e-01  -1.6834904e-01  -1.6225155e-01  -1.7538794e-01  -6.8725527e-02  -3.2573287e-02   2.7937996e-01  -1.1782233e-01  -1.6321460e-01   1.8380950e-01  -5.8154488e-03   1.7609641e-01   5.5904233e-02  -3.2472472e-01   6.8867032e-03  -3.6897960e-01  -1.0352154e-01  -1.0274453e-01   3.3031530e-01
   9.8420600e-02   9.2186323e-02   1.2652898e-01  -1.1476618e-01  -1.0743390e-01  -1.2658530e-01  -4.7437487e-02   4.7487896e-03  -1.9900958e-02  -1.6833445e-02  -2.9493877e-02   8.9027879e-02  -6.0200803e-02  -1.8521484e-02  -4.0754776e-03  -8.0824322e-02  -5.1536153e-03   6.2023463e-02  -4.7395397e-02  -1.1749618e-01  -8.8252439e-02   4.9557027e-02  -4.0464255e-02  -6.3653001e-02  -1.1531842e-01   1.0174124e-01   1.1669473e-01   9.7577859e-02   1.4078413e-01  -1.9521363e-01   7.3375912e-02   1.8264709e-02  -1.3092789e-01  -3.4907627e-02  -6.6186399e-02
  -1.7258149e-01   1.2861846e-03  -6.0591799e-02   8.3919615e-02   1.3763119e-01   1.3712504e-01   1.0687695e-01   3.0327413e-02   1.3493716e-01  -9.9402129e-02  -1.7127418e-02  -3.3614795e-02  -1.4532530e-01  -1.2018891e-02  -1.7958517e-01   1.6312556e-01   6.9546861e-02   1.2011549e-01   4.0124696e-02  -2.8243512e-02   2.0286649e-01   1.1304410e-01   1.5953217e-01   1.1352774e-01   1.7622075e-01  -2.0721478e-01  -1.8978424e-01  -4.9390157e-03  -1.5689724e-01   1.7937767e-02   5.1774709e-02  -6.0067582e-02   6.0002748e-02   6.9966111e-02  -5.8341560e-02
  -2.0019451e-02  -9.4698173e-02   2.3826469e-02   7.9031517e-03  -5.5186851e-03  -2.9258994e-02   3.9131578e-04  -2.2359244e-01  -9.0714155e-02  -6.8998481e-02   1.0570899e-01  -1.3311714e-02  -7.8256411e-02   2.6682507e-01  -5.7645415e-02  -4.8101980e-02  -1.5655183e-01  -1.4989875e-01  -1.0103062e-01  -4.3624777e-03  -2.1802133e-01   2.6093481e-01   1.0584385e-01  -1.8199640e-01   2.0704241e-03   1.1349831e-01   1.6095134e-01   3.5761815e-02   2.3338905e-02   7.8146207e-02  -4.5098146e-02   3.3706413e-02  -5.2433589e-02  -1.1138913e-02   1.1494978e-01
   3.9976587e-02   6.3213239e-02   8.1965286e-02  -1.0320192e-02  -8.8390669e-03   1.8563487e-01   1.7039203e-01  -4.5065999e-02   2.3989157e-02  -8.8668016e-02  -3.9512120e-03   7.3008652e-02  -1.0053357e-01   5.7031568e-02  -1.1172688e-01   2.1475634e-01   2.5684701e-02   1.0038610e-01   2.1232617e-02  -3.6108824e-02   2.5971702e-04   5.9399163e-02   1.2844671e-02  -5.7751543e-02  -3.6564914e-02  -1.3824603e-02   9.0292692e-02  -1.4055900e-01   3.9681803e-02   4.3287071e-02   3.9448358e-02   3.1707330e-02  -7.9758785e-02  -3.2213832e-03  -8.8392183e-02
   1.7894011e-02  -5.9587185e-02   1.6003944e-03  -2.6200743e-02   8.1726871e-02   1.9743745e-02   4.5337814e-02  -6.7923837e-02   6.0677542e-02  -2.3073394e-02  -3.4998347e-02   2.3602797e-03   3.0103954e-02   1.0398701e-01  -1.4576520e-01   2.7251034e-02   1.5117233e-02   1.5789655e-01  -1.3192801e-02   1.7025548e-02   6.2815108e-02   8.7778134e-03   1.2589475e-02   6.0686257e-02   4.4392655e-02  -6.2017713e-02  -6.5370354e-02   1.7837454e-02  -2.2165976e-02   6.6912067e-02   4.3185586e-03  -5.5876180e-02   4.5300474e-02   5.5305765e-02  -1.2852114e-02
   1.3375021e-01  -1.8548730e-01  -1.4455322e-01   1.2002035e-02   2.9738562e-01  -1.7196340e-01  -1.5274976e-01  -8.5052179e-02   8.7401653e-02   1.2345671e-01  -9.1739502e-02  -2.5444055e-01   1.0262116e-01   9.5934631e-02  -3.5972837e-01  -6.1024168e-02   5.0743004e-02   5.8705607e-01   3.4929338e-01   3.8297332e-01   3.9536516e-01   5.0506847e-01   5.9370242e-02   9.9624812e-02   7.8048503e-02   3.9538418e-01  -2.5919170e-01   2.1384490e-01  -4.2440232e-02  -1.8756496e-01  -2.0841363e-01  -5.3273411e-02   3.0118621e-01  -8.3809883e-02  -2.0810127e-01
  -2.2860413e-02  -2.9991750e-01  -8.3511474e-02  -1.7106506e-01   9.1960010e-02  -2.9582150e-01  -3.7362483e-01  -2.3245352e-01  -3.3218581e-01   4.7462063e-02   4.8175039e-02  -3.3092288e-02  -3.0059459e-02   1.2947286e-01  -5.0966128e-01  -1.9211704e-01   1.4007468e-01   1.5632349e-02  -2.5499725e-01  -1.4019180e-01  -4.6228911e-01   1.2822122e-01   1.3028917e-01   8.2857983e-02   2.1814483e-01   8.8106223e-02  -6.3845054e-02   1.1017151e-01  -7.0220962e-02   1.1143371e-01   8.3264721e-02  -2.6285162e-02  -4.3287336e-02   1.8531667e-01   6.9271866e-03
   9.3461062e-02   1.2784253e-01   5.5284432e-02  -9.9639865e-02  -1.4563171e-01  -3.6554775e-02   1.0673374e-01  -6.9012087e-03  -1.1935739e-01  -1.4195927e-01  -7.1297592e-02   1.7742252e-02  -6.8844034e-02   6.9424920e-02  -3.2500364e-02   8.8285092e-02   2.1480434e-02  -1.6272169e-01  -1.0505720e-01  -3.8721775e-02  -1.2713127e-01  -2.7261988e-02  -8.2956332e-02  -3.8539525e-02  -2.8043348e-01   8.8731938e-03   5.6903241e-02  -3.4328481e-02   8.1801069e-02  -1.8436637e-01   4.6588162e-02   4.1663920e-02  -5.0603200e-02  -4.9538050e-02   5.0933721e-02
  -4.2555323e-02  -9.2405063e-02  -9.1071137e-02  -1.8532138e-02  -3.0023007e-02  -1.2838577e-01  -1.4690136e-01   5.7869809e-02  -2.1884409e-01   3.5853788e-02   7.3835581e-02  -7.5257911e-02  -2.8431153e-02  -2.5242912e-03  -2.6145507e-03  -1.7587239e-01   3.4731235e-03  -9.3816917e-02  -1.8333671e-02   2.4110863e-02  -1.0755312e-01   1.5369557e-01   1.2345353e-01   1.9255611e-02  -5.8066685e-02   4.9320953e-02  -3.9370990e-02  -4.1491788e-02  -3.4304200e-02  -6.8446199e-02   5.5772630e-04   8.6856364e-02   8.5949245e-02  -2.3477821e-02  -4.8134339e-02
  -4.6567177e-02   1.3770141e-01   3.5224426e-01   2.4166576e-01   3.2436917e-02   3.1074350e-01   2.8330652e-01  -7.1117468e-01  -1.3245538e-03   4.2699710e-02  -5.0643758e-01   1.4428191e-01   1.4776453e-01   5.2709375e-01  -2.5281240e-01   6.7428888e-02  -4.5026248e-01   5.1032747e-01  -2.2134783e-01   6.0048272e-01   5.2605617e-02   4.0620971e-01  -1.1144936e-01   2.2685246e-01   4.9410406e-01   3.9872298e-02   4.7884274e-01  -5.9117444e-02   2.5224397e-01   5.7040053e-02  -5.7196684e-01  -4.4176211e-01  -2.0059130e-01   2.6550507e-01  -1.7470115e-01
