   2.5891476e-01
   1.9411804e-01
   7.4128512e-02
  -4.3309404e-01
  -1.3756951e-01
  -8.9025815e-02
  -2.3006432e-01
   9.6332682e-02
   1.0625023e-01
  -1.4271357e-01
  -7.9739613e-01
   6.8999930e-01
  -6.9562875e-02
  -1.3002045e-01
  -7.4955332e-01
  -4.0653890e-01
  -4.8164685e-02
   9.5829775e-02
   6.4202007e-02
   9.9215368e-02
   2.3118901e-01
  -2.3758196e-01
   2.9655737e-01
   6.6571583e-02
  -2.3821269e-01
   2.0045743e-02
  -7.2210084e-02
  -1.0410850e-01
  -1.7138038e-01
   2.0618036e-01
  -5.7362172e-02
   1.7095965e-01
  -1.4343466e-01
   1.8971479e-02
   8.4305348e-02
  -1.4655058e-01
   4.9189689e-02
