   5.2159071e-01  -2.9028142e-01   2.9131049e-01  -3.1561932e-01   3.2655416e-01   4.0140669e-01  -5.7640199e-01  -1.6170654e-01   1.5834964e-01  -1.7287265e-01  -2.3676174e-01  -2.7033345e-01  -5.9682180e-02   9.5870017e-02   1.2824640e-01  -5.3358441e-02   2.1341397e-01  -2.0782814e-02  -4.6416709e-02   4.1945299e-01  -2.9553883e-01  -3.1695891e-01  -2.0827209e-01   5.9531077e-01   1.7434481e-03   1.5557976e-01  -1.3073893e-01   2.5634749e-02   2.9770320e-01  -3.9899673e-01   1.6141177e-01  -3.1344979e-01  -4.1693270e-01
   4.7673475e-02   1.4866479e-02  -1.2316085e-01   7.5647741e-02   1.4118655e-02  -1.1704536e-02   2.7819552e-02  -6.7729344e-03   4.3163483e-02  -1.0684247e-02  -1.8704046e-02   7.9553458e-02  -1.3983449e-02  -3.3560266e-02   8.2975563e-02  -1.0542777e-01  -2.5242019e-02  -5.6035859e-02  -7.5954789e-02  -7.6370408e-02   5.2630952e-02   1.1644112e-01  -2.8730204e-02   1.0457573e-02   8.9474333e-02   1.3864931e-01   4.1334703e-02   3.1745444e-02  -9.0265917e-02  -6.2093021e-02  -8.0818112e-02   6.9691502e-03   5.0135695e-02
  -4.4404185e-02   5.0484102e-02  -6.9761985e-02   3.6231121e-02  -2.8616093e-02  -4.2675095e-02   9.2385513e-02   3.5530498e-02  -2.9517928e-02   4.4177023e-02   1.8725850e-02  -1.6244235e-02   3.6428134e-02  -5.5694310e-02   8.1548224e-02   1.5685811e-01   1.1535372e-01   1.8720313e-02   1.3619426e-01   8.4087036e-02   1.4099932e-01   9.4351406e-03  -9.2528964e-02   9.1853726e-02   5.2306819e-03   2.0545040e-02  -1.4607221e-02  -2.1018223e-02  -1.1904589e-01   1.0379142e-01   1.1888825e-01   3.9609737e-02   2.6140959e-02
   5.0869990e-01   2.0670359e-01  -3.3985137e-02   2.3472203e-01   1.8919497e-01   1.5218563e-01   2.3046651e-01  -7.3212331e-03   1.3474110e-01  -1.1547942e-01  -3.2420705e-01   1.1404180e-01  -5.2576470e-01   4.6496959e-02   1.0062121e-01  -2.5773843e-01   9.1918922e-02   3.4882903e-01  -2.0083613e-01  -4.2780198e-01  -1.6127179e-02   4.0510333e-01  -4.3152600e-01   2.7653793e-01   3.4254710e-01   2.6554342e-01   1.2249298e-01   7.1256401e-01  -3.5014853e-01  -3.7463459e-01  -1.5305994e-01  -6.6868031e-01  -6.8730366e-01
  -2.2850777e-02   4.6250240e-02  -6.4492633e-02   1.3465945e-01   2.5547632e-02  -7.5722601e-02  -2.8331265e-02   5.2625150e-02  -6.7396209e-02   5.5821970e-02  -3.5093402e-03  -4.4462122e-03   1.0967598e-01  -1.5441601e-02  -8.3264479e-02   3.9101121e-02   7.4442276e-03   4.7344543e-02   3.9521719e-02   7.3952292e-02  -1.0425370e-02   1.3696263e-02  -4.7594564e-02   9.1328902e-02  -8.8959464e-02   5.7371561e-02  -2.9736572e-02  -9.3409876e-02  -1.2800622e-01   6.4954197e-02   3.6397817e-02  -3.2806704e-02   6.0202557e-02
   2.7732916e-01   3.8058130e-02  -1.6327205e-01  -1.3606856e-01  -7.9155670e-02   3.7097164e-02   4.8586582e-02  -1.2457009e-02   1.6500577e-01  -9.9280071e-02   2.8203720e-02  -2.9341393e-02   3.9411002e-02   1.2012945e-01   1.7774993e-01  -3.9911227e-02   3.0182588e-01  -1.3137610e-01   5.8731242e-02   5.6024237e-02   7.9583988e-02  -5.0459889e-02   2.1845930e-01   2.4876476e-01  -3.5295653e-02  -3.6860574e-02   4.4865525e-02  -1.0717755e-01   1.2976742e-01   3.3414000e-02   2.0789990e-01  -1.3552220e-02   1.4647063e-01
   1.9332766e-01   4.5203790e-02  -9.2340065e-02  -1.2803857e-02   1.5128391e-01  -6.5174073e-02  -1.1430295e-01  -1.3902584e-02   7.2900534e-04  -8.2189151e-02  -1.8753609e-01   2.2770975e-01  -6.0178939e-01  -8.3680789e-03   4.0395717e-01  -3.3235998e-02  -3.0332498e-02  -1.0236131e-01  -6.1257879e-02   1.9865459e-01  -2.1194698e-02   1.4882197e-01   1.4911861e-01   1.9129286e-02  -4.6681918e-01   4.2916640e-02  -9.0515493e-02   1.9905168e-03   1.3700295e-02  -4.3558479e-02   1.3976367e-01  -2.1475859e-01   7.5969920e-02
  -3.9527785e-01  -4.3380263e-01   4.4837573e-01  -2.6017817e-01   2.1582657e-01   4.7468986e-01  -1.5574532e-01   5.0063913e-01   3.2383990e-01  -5.3406453e-01  -3.0484121e-01   4.6599726e-01  -6.8072811e-01   1.4683802e-01   3.4280843e-02   2.8232937e-01  -2.2454028e-01   2.3675253e-01  -3.9006911e-02  -1.8351185e-01  -2.3825023e-01   2.5322848e-02  -5.7059201e-01   1.7790091e-02   5.8205188e-02  -1.6910021e-01  -5.6666529e-02   3.4244654e-01   4.9101388e-01  -2.2788372e-01   3.2375773e-02  -8.5314736e-02  -4.4555658e-01
   3.1121843e-01   4.5607318e-02  -3.6240561e-01  -6.4233764e-02  -5.4922271e-02   4.3583858e-02   1.2662370e-01  -2.6246563e-01   2.6026792e-01  -2.2718576e-01   1.4430612e-02  -1.5694712e-01   7.3469836e-03  -1.3415415e-01   6.2356432e-01  -3.6428059e-01   1.9104481e-01  -8.2471893e-02  -3.5170247e-01  -2.8813999e-01   2.9059747e-01   2.1753420e-01   2.1724337e-01   2.9258550e-02  -7.0708183e-02   3.7996577e-01   2.5509639e-01  -2.3658009e-01  -2.8427751e-01  -2.6460853e-01   2.2789384e-01   1.6044021e-02   6.3975193e-02
  -2.0660901e-01  -4.3684820e-02   5.1362699e-02  -5.8456789e-02   3.3146974e-02   4.8230983e-02  -1.1716376e-01   5.2916521e-02   8.0613072e-02  -4.1526524e-02   1.8469361e-02  -1.3145237e-01   1.1519271e-01  -6.2432241e-02   1.0293751e-01   1.5099333e-01   8.3289357e-02  -6.8922652e-02   7.5458787e-02  -3.9179531e-02   1.1759995e-01  -4.5398229e-02  -8.4460438e-02  -3.8659041e-02   7.7797551e-02   7.9429563e-02  -8.3237610e-02  -6.1966204e-02   3.6672322e-02  -6.3780192e-02   1.8819453e-02   9.6450658e-02  -6.0690178e-02
  -1.4863489e-01   5.5802371e-02  -4.8904090e-02   4.2518599e-02   4.0591617e-02  -3.1976358e-02   1.4017025e-02   1.0418447e-01   7.2153047e-02   7.5866651e-02  -1.2650927e-01   7.7029404e-02  -8.0948309e-02   4.5039592e-02   2.8780989e-02   7.1389752e-02   6.3066888e-02  -6.3692720e-02  -6.1239894e-02  -6.0439033e-02  -8.5898517e-03  -1.1753789e-01  -5.0995411e-02  -1.0931202e-01   4.2767746e-02   5.0607109e-02   4.1163148e-02   8.0988328e-02  -5.5895534e-02  -9.5996171e-02  -5.6633307e-02   1.2683073e-01   3.2686810e-02
   8.2582064e-01   4.1308495e-02   4.5205517e-02  -1.5508329e-02  -5.2434950e-02  -1.2221919e-02   3.6761024e-01  -2.5611463e-01  -3.9102325e-02  -9.6667656e-02  -1.8565476e-01   1.5468231e-01  -3.5117349e-01   2.9215717e-01  -3.3954806e-02  -6.6755463e-01  -6.3350575e-02   4.0317127e-01  -1.4756609e-01  -1.9331588e-01   2.3762632e-01   1.6359807e-01  -9.6019592e-03   3.9751447e-01  -7.8054770e-05   2.4463506e-01   2.3105044e-01   5.2668661e-02  -2.8073277e-01  -6.4907497e-02  -1.3844571e-01  -4.1299904e-01  -2.0029664e-01
   5.5410908e-02   5.3952390e-03  -3.1234213e-02  -1.6443011e-02  -2.6317751e-02  -1.5166322e-02  -1.2626354e-02  -2.1056712e-01   6.6021149e-02   2.6741291e-02  -6.0711472e-02   7.4188883e-02   1.9195738e-01  -1.4002705e-02  -2.0921835e-02  -6.1762942e-02  -1.6639198e-02  -2.1240767e-02   1.4022440e-02   1.0862276e-01  -1.7595306e-02  -2.3295366e-01  -1.4517441e-01   2.3282340e-02   8.7816668e-02   2.7582488e-02  -7.7316943e-02  -2.3653175e-02   1.3264672e-02   5.4983205e-02   8.3694389e-02  -1.9105176e-02   2.6433735e-02
  -6.6058323e-02  -5.3025023e-02   3.0541967e-01  -3.3476111e-02  -2.0222219e-01  -1.9189124e-01  -1.3495110e-01  -5.5547341e-01   3.3231120e-01   4.8072609e-01  -1.2009790e-01   3.0800323e-01   2.2232494e-01   1.3108796e-01  -2.7747020e-01  -2.9318752e-02  -6.0456316e-01   3.5600213e-01   6.6832094e-02  -3.0328523e-02   1.1427617e-01  -6.6778873e-01   1.3240839e-01  -2.4566870e-01  -1.6829681e-01  -4.8972741e-02  -2.7394377e-02  -2.1449742e-01   1.2244315e-01   2.0579836e-01  -1.2398656e-01   1.9511164e-01   2.0062934e-01
  -7.8497239e-02  -5.7118305e-02  -1.3416053e-02   1.1154748e-01   6.7321614e-02   1.2740227e-01  -3.0697507e-01   1.0640887e-01  -2.0112134e-01  -3.2114156e-02  -6.7963230e-02  -1.1398150e-01  -9.8010879e-02   3.0220180e-02   6.1472450e-02   2.7878875e-01  -4.5252316e-01  -3.3010525e-01  -1.4773857e-01   1.5051229e-01  -1.0217345e-01   8.4560783e-02  -5.2495268e-01   2.4131888e-02   3.9652842e-01   3.3284630e-01   9.6012799e-02   1.8301045e-01  -2.4171552e-01  -1.7582439e-01  -3.0310537e-02   2.8484904e-02  -1.7194524e-01
  -1.5360605e-01   2.1796908e-02   4.2009023e-02  -1.8124030e-02   1.1466180e-01   1.0600507e-01   1.2549623e-01  -6.7451788e-03  -2.1775370e-01   1.8322359e-01  -1.0086185e-01  -1.9199058e-02   1.4232890e-01   2.2604438e-02  -2.7449887e-02   1.9304235e-01   6.4227327e-02  -8.3396041e-02  -9.5221438e-02   1.2727524e-02  -1.1422528e-01  -6.1962491e-02   1.3386311e-01  -1.3358272e-01  -1.0120851e-01  -3.2930112e-02   6.5727679e-02   1.4081681e-01  -2.0362857e-02  -1.9370119e-01   4.2493617e-02   7.2016938e-02  -5.2347906e-02
  -1.6409978e-02   8.7106893e-03  -1.3505309e-02   2.5397498e-02  -2.1000535e-02  -3.5478077e-02  -2.6358285e-02  -1.1033560e-02   1.3541399e-02   8.9374346e-03  -4.0359976e-04   1.6567347e-02   2.6488186e-02  -2.6327670e-03   1.4010119e-03   1.7150658e-02  -1.2713681e-02  -1.7470743e-02   2.3885284e-02   2.5105256e-02   1.0590701e-02  -3.5943353e-02  -3.2988963e-02   1.0666603e-02   1.3714615e-02   7.0864963e-03  -6.8052256e-03  -1.6960220e-02  -2.7544086e-02   4.2672251e-02  -4.7633435e-03   2.5057730e-02   3.7245351e-02
  -3.2068331e-01   3.6699137e-01  -7.7696271e-02   4.9766834e-02  -3.4985324e-01  -4.7122497e-01  -2.1036190e-01  -4.5735987e-02   6.3623214e-01   1.2485079e-01  -1.0809547e-01   2.0091013e-01   1.6323491e-01  -5.1296938e-02   3.5955966e-01   4.8034662e-01   3.9102078e-02  -8.8348638e-01   9.1212460e-02   3.2787855e-03  -6.1191470e-02  -1.7704339e-01   3.1351503e-01  -3.1044950e-01   6.1917659e-01  -1.4571825e-01  -1.5901602e-01   1.8255483e-01  -2.1401042e-01   3.2988332e-01  -1.1283846e-01   1.5882220e-01   3.0812608e-01
   3.0860620e-04  -8.8730592e-02   4.2786811e-02   1.9727253e-02   1.3432516e-01   8.0159389e-02   1.4909691e-01   2.8191287e-02  -1.1802589e-01   1.1667479e-01   2.9890731e-02   2.0444846e-01  -1.4566144e-01   1.1029606e-01  -1.4674131e-01  -7.5721610e-02   1.7129580e-01   1.3207254e-01  -1.2841601e-01  -6.3819023e-02  -7.7377142e-05   1.4581188e-01   1.6952441e-01  -3.8263828e-02  -1.9027457e-01   6.3281753e-02  -5.6297430e-02   6.2733805e-02   6.6354534e-02  -8.3942428e-02  -3.0328710e-02   2.5504314e-02  -7.0153489e-02
   8.4342321e-02  -4.0891421e-02   9.9225689e-02  -8.3335112e-02   3.0219103e-02   1.0942177e-01   4.9436765e-02  -1.3986677e-02  -1.7489618e-02  -5.1177357e-02   4.7857886e-02  -1.0301382e-01  -8.6695995e-02   1.6742056e-02   3.0625697e-02   5.5801001e-03   2.5801047e-02  -1.0552429e-02  -2.9068990e-02  -4.9763664e-02  -6.3884308e-02   1.5627551e-01   1.7655944e-01  -2.1812809e-02   4.9520637e-02  -9.5129724e-02   6.6325160e-02   4.1606767e-02   1.2359672e-01  -9.2750192e-02   1.6084967e-02  -1.0343566e-01  -1.3108357e-01
