  -1.1389796e-01
  -8.4225165e-02
   9.5721146e-02
   4.3661012e-03
   8.0280648e-03
  -1.3169523e-01
   1.2991584e-01
   6.7998884e-02
   9.5613479e-02
  -1.9865371e-01
  -1.7358065e-01
   5.4890385e-02
  -2.6607954e-02
  -7.6566867e-01
   3.8595605e-02
   8.7670270e-01
  -1.2005954e-01
  -1.1606691e-02
   1.4680843e-02
  -4.8687725e-01
  -2.1226973e-01
   2.6877782e-02
   1.0184695e-01
  -8.7243244e-02
  -1.9446473e-01
   1.6561149e-01
  -1.7279641e-02
   2.2310161e-01
  -1.6082452e-03
  -9.9698416e-03
   1.2686573e-01
   5.8850543e-01
  -6.4018686e-03
