  -2.2900401e-02
  -1.0874992e-01
  -3.3965009e-02
  -1.6073649e-01
   6.6891829e-02
  -9.6238381e-02
  -1.5317097e-01
  -3.0243348e-02
   2.6514184e-01
   5.0285556e-02
   3.3138982e-02
  -1.3476440e-02
   7.1139113e-02
  -8.1094856e-02
  -2.0899893e-01
  -7.7513125e-02
   4.2710852e-02
  -2.4156512e-02
  -1.7054534e-01
   2.4244035e-01
   2.6107224e-02
   1.2332568e-01
  -3.5308264e-03
   3.6361039e-01
  -3.6526687e-02
  -8.8077466e-03
  -2.7219855e-01
   1.0081975e-01
  -1.6932796e-01
   7.8226591e-02
   5.6897462e-02
  -5.6832865e-03
  -5.5471344e-02
  -2.3175800e-01
  -4.5743235e-02
  -1.9270933e-01
  -4.2227499e-02
   1.0880823e-01
  -6.0668197e-02
  -1.1594046e-02
   4.6002613e-02
  -9.6535563e-02
  -9.3419559e-03
   3.8116499e-02
   2.3994943e-01
  -6.8598555e-01
   6.3040489e-01
