   5.1626610e-02
   2.9760286e-01
   4.4980728e-02
  -1.1689144e-01
   5.9194394e-02
  -2.8900611e-02
  -3.1703567e-01
   1.0738859e-01
   5.6230156e-01
   3.8221053e-02
  -3.6260017e-02
   9.0069472e-02
   4.8311835e-03
  -2.0023457e-02
  -1.4773731e-01
  -1.8063146e-01
   5.8751282e-03
   1.1051985e-01
   1.5368686e-01
  -1.1141970e-01
   1.9774152e-01
   3.1924739e-01
   2.6889059e-01
  -9.3161445e-04
  -2.2817856e-03
  -1.2419522e-01
  -3.4187511e-02
  -1.4603308e-01
   1.7978892e-02
  -1.1745439e-01
   1.1574528e-02
  -4.8435599e-02
  -1.7026806e-01
   2.1666336e-01
