   1.4597955e-01   7.3289285e-02   2.3880652e-02   2.4895938e-01  -2.2842124e-01  -4.5847245e-01   1.3663819e-01   1.1161965e-01   9.2315248e-02  -4.5942438e-01   2.6926487e-01  -2.3856703e-02   2.4129729e-02  -4.2772119e-01   3.4421780e-03  -5.2172619e-01   9.8483003e-02   3.7384544e-01   9.5549922e-02   3.5208543e-01   3.6642036e-01  -2.5317257e-01   1.5185258e-01   9.0041564e-02  -3.0479074e-01  -2.4623817e-01   1.4614259e-01  -9.5990614e-02   6.1115750e-02  -1.0871223e-01   3.1774310e-01   5.0446267e-01  -1.9744297e-01
  -4.2243529e-02   2.4641279e-02  -1.9701419e-03  -3.0028045e-02   2.6289275e-02  -5.0970329e-03  -1.2634373e-02  -2.2597926e-02  -2.5717219e-02   3.2171385e-02  -2.6974011e-02  -8.4763752e-03  -3.5849152e-02  -1.1056919e-02  -2.5860076e-03   1.6538821e-02   3.0976628e-02  -2.7577093e-02   1.0788633e-02   1.3333131e-02  -1.5949279e-02   1.3299197e-02  -2.7333025e-02   2.4614708e-02   1.4094111e-02  -1.3748735e-02   1.8181105e-03  -3.4462643e-03   1.3416428e-02  -2.1477746e-02  -3.7360495e-02   1.6133259e-02   3.3727798e-02
   1.2375351e-01  -8.0844846e-02   6.9299305e-02   7.8734009e-02  -8.0690423e-02   2.7519536e-02   4.2257209e-03   5.0083400e-02   5.5671196e-02   1.7755961e-02   6.3561667e-02   5.1626388e-02   1.1466073e-02   9.5022640e-02   2.2765004e-02  -1.0981761e-01  -6.7690483e-02   8.3694206e-02  -2.5133077e-02  -6.3974564e-03   1.5555142e-01   2.1317644e-02   6.3668195e-02  -8.9236008e-02  -7.2764865e-02   6.5206428e-02  -4.3419980e-02  -1.4518319e-02  -2.3587965e-02   6.2085308e-02   1.0718808e-01  -8.1896750e-03  -7.4847402e-02
   6.2521027e-04  -8.9410591e-02  -2.9598298e-02   2.3696592e-02  -9.4087398e-02   1.0503695e-03  -2.4038686e-01   2.3320371e-01   9.3852400e-05   5.6793623e-02   6.0041808e-02  -2.0444030e-01   1.5817538e-01   1.5122227e-01   7.5446771e-02  -6.7252139e-02  -1.0416099e-01  -2.5210086e-02  -8.0265054e-02  -3.3265763e-02   1.7186140e-01   6.2062727e-02   1.2815319e-01  -1.3352115e-01   5.4447235e-02   7.3350798e-02   1.1052584e-02  -1.9966875e-01  -9.3462690e-02   2.3008649e-02  -5.4085808e-02  -3.0326500e-01   5.7338458e-02
   9.5385649e-02   5.1825306e-03   4.1553905e-02   9.1090655e-02   1.9953164e-03   8.1815181e-02   1.2941719e-01  -1.6077167e-01   8.7017027e-02   1.1877307e-02   1.7007531e-02   1.0132460e-01  -1.3178867e-02   2.6114384e-01  -1.2402883e-02   2.1469456e-02  -4.1822059e-02   6.9294297e-02   1.1142126e-01  -3.1015221e-02  -6.2269479e-02  -9.9356913e-02   1.9976482e-02  -4.0910503e-03   5.3859354e-02  -1.5316531e-02  -2.2697252e-02   4.6062249e-02  -1.9249113e-02   2.2540860e-01   2.0422760e-01  -9.2485817e-02  -2.0858116e-01
  -7.9041942e-03   7.1405340e-03  -6.6241482e-03  -4.9037597e-03   6.9790135e-03   2.9168058e-02   9.6429037e-03  -4.4829962e-04   4.1530217e-02  -2.4160754e-02  -5.6321104e-03  -1.0752434e-03   4.6472277e-02   3.2228400e-02   1.7400639e-02   1.0609956e-02  -2.1560284e-02   5.2748708e-03  -2.2278402e-02  -1.5868891e-02   5.2738218e-03   4.2401979e-03   4.4814261e-02   9.4644992e-03   4.8709558e-03   1.6280505e-02  -9.4239695e-03  -1.6456908e-02   2.8946507e-02   2.6278775e-02   1.7290747e-02   6.9649533e-03   1.0568451e-02
   1.7631142e-01   1.2710736e-01   5.9784418e-03   1.6500089e-01  -1.6573556e-01  -3.7331285e-01   6.2240052e-01  -3.0176104e-01   1.7382418e-01  -4.2609694e-01   2.6423869e-01   2.7493407e-01   1.1504638e-01  -1.0128505e-01   7.1823297e-02  -4.4366542e-01   2.2803176e-02   3.0047959e-02   3.9296401e-01  -2.1532000e-01   2.0111362e-01  -1.7544941e-01   8.1460262e-02  -2.6440245e-02   5.3936975e-01  -1.3087185e-01   2.4303040e-01   2.6119189e-01   1.1484439e-01  -1.3703522e-01   2.3179681e-01   4.1289917e-02   2.7908099e-02
  -9.8605267e-02   5.5756340e-02  -9.3215320e-02   3.3407351e-02  -1.1577619e-01   7.1546819e-02  -1.0293669e-01  -1.6634065e-01  -1.3663493e-01  -3.1718221e-01  -2.3713732e-02   3.6898440e-02   4.4724672e-02  -4.6581911e-01  -9.3210021e-03   2.4921287e-01   7.6476884e-03  -2.0099136e-01   3.8803633e-02  -5.0116270e-01  -3.9415218e-01  -1.8520886e-01  -3.4399830e-02  -5.8080939e-02   7.4229636e-01  -8.0605779e-02   1.4257913e-01  -1.0441434e-01   7.6307731e-02   5.4745267e-02  -3.1178662e-01   2.1318050e-01   1.7165429e-01
  -2.4728425e-01  -2.6515394e-02  -9.1497588e-02  -2.7350903e-01   2.6472455e-01   4.0381558e-01  -8.2409138e-02   6.9427349e-02  -2.9321890e-01   1.1093743e-01  -2.8462993e-01   7.0462228e-02   3.5058300e-02   1.3919943e-01  -4.4649101e-02   3.8132756e-02   3.9895333e-02  -3.3505716e-01  -2.2675380e-02   1.3085891e-01  -9.0314415e-02  -8.6171259e-02  -1.4038578e-01   1.1457189e-01   4.4095989e-01   1.5086277e-01   4.3149715e-02   2.6259967e-01   4.4486809e-02  -3.9064350e-01  -3.9404914e-01  -4.5889673e-01   4.2499443e-01
  -8.8576003e-02   7.2249191e-02  -9.3014217e-02  -5.7643317e-02   5.6717880e-02  -3.3313978e-02   4.1305116e-03  -5.1787353e-02  -6.1211411e-02  -2.0438026e-02  -3.5517746e-02  -5.3440569e-02  -1.5013889e-02  -8.1433449e-02  -1.2871033e-02   7.8918446e-02   9.2446476e-02  -4.5332137e-02   4.0326310e-02   4.6344057e-02  -1.1349939e-01  -4.8179196e-02  -6.0439690e-02   7.9716083e-02   7.3538062e-02  -9.6367754e-02   5.5891896e-02   1.8050185e-02   3.5057730e-02  -4.9061118e-02  -7.0645832e-02   3.4512010e-02   5.8735261e-02
  -9.3795761e-02   7.3325766e-02  -7.7921504e-02  -6.3886344e-02   5.6686276e-02  -1.9149558e-02  -5.1837230e-03  -4.2422148e-02  -5.9814413e-02  -4.2530948e-03  -4.1826344e-02  -5.4349856e-02  -1.9554212e-02  -7.4906683e-02  -8.6668933e-03   6.9703324e-02   8.3427621e-02  -5.4591733e-02   2.7259410e-02   3.3050889e-02  -1.1228609e-01  -2.0662880e-02  -5.0530252e-02   8.1211234e-02   6.1349463e-02  -7.8518802e-02   4.2193155e-02   4.0701735e-03   2.6438599e-02  -4.3622623e-02  -7.1269353e-02   2.4547857e-02   6.0832412e-02
   1.4577386e-01  -1.0307488e-01   4.5514986e-02   1.4827022e-01  -1.9280966e-01  -3.7064671e-02  -1.1490014e-01   1.0487478e-01   8.4971521e-02   4.2802882e-02   1.2718149e-01   3.6134041e-02   9.3888501e-02   1.1923252e-01   1.4563655e-02  -1.4970879e-01  -1.2507475e-01   8.0070900e-02  -2.6980898e-02   2.6487377e-02   3.0432534e-01   3.7245566e-02   1.1069637e-01  -1.0454357e-01  -1.3727769e-02   4.9885702e-02  -2.8422442e-02  -5.8423831e-02  -8.4290657e-02   1.1399654e-02   7.0281665e-02  -8.9754542e-02  -5.1638514e-02
   1.6614523e-01  -1.6348791e-01  -8.1185217e-02   1.0127409e-01  -2.6300602e-01   1.9877050e-01   6.6938891e-02   1.4104764e-01   2.3360549e-01  -2.4059085e-01   7.5833764e-02  -2.5045426e-01   4.2521991e-01   1.3161656e-02   2.0873063e-01   4.7698793e-01  -3.3928864e-01   9.0604944e-02  -3.9862065e-02  -5.7322229e-02  -1.5778517e-01   2.6519580e-01   1.8725844e-01  -3.6412869e-01   1.2903145e-01   2.6758659e-01  -1.7999206e-01  -1.9058637e-01  -1.1705603e-01   1.5456907e-01   1.9969124e-01  -3.7551249e-01   4.9772553e-02
  -1.8677502e-01  -2.0421322e-02   1.1428557e-01   5.5059512e-02  -2.7013825e-02  -2.1414480e-01   8.0885180e-03  -1.4499402e-02   4.1224845e-02   7.1467032e-01  -2.4411550e-01   5.0046328e-02  -1.8128249e-01   7.7973252e-01  -8.9523779e-02   2.0683302e-01   1.9587502e-02   1.3255631e-01   8.4384617e-02  -1.5558983e-01   3.8807456e-01   1.5526722e-01   3.0688631e-02  -3.3933853e-02  -5.9062244e-02  -5.1036971e-02  -8.1275671e-02  -1.0744560e-03  -9.3105410e-02   1.3979056e-01   1.0945126e-01  -7.1969698e-02  -2.6371178e-01
   1.2745329e-01  -8.0908032e-02   8.3481887e-02   8.8649428e-02  -6.1466387e-02  -4.4455893e-02   2.5377840e-02   7.5526055e-02   1.0326575e-01   5.2545317e-03   8.4140643e-02   3.3520644e-02   5.2220593e-02   7.8651837e-02   5.2303317e-03  -7.4747935e-02  -1.0409294e-01   1.0491004e-01  -3.7815617e-02  -7.0725084e-02   1.7870223e-01   1.6936575e-02   5.0568108e-02  -9.2957100e-02  -1.1461394e-01   9.6523408e-02  -3.6249738e-02  -2.4900516e-02  -3.4109256e-02   3.5075053e-02   1.1579243e-01   2.6843562e-02  -1.0643399e-01
