   2.3657846e-01   6.2446685e-02   2.6443455e-01  -3.0335481e-01   6.0573047e-01  -7.5261895e-02   9.4691485e-02
  -3.1696540e-01  -8.7456482e-02   1.7797266e-01  -2.9545912e-01  -5.1800759e-02  -2.8039091e-03   4.0705064e-02
   3.3328977e-02  -9.9369291e-02  -8.7023800e-02  -9.5751435e-02  -1.1013312e-01   4.8182164e-02  -1.4419972e-02
  -4.2348527e-01   3.5227629e-01  -1.5602221e-01   2.8353873e-02  -4.5496260e-01  -2.8139579e-01   1.1584350e-01
  -2.7856918e-01  -1.9499448e-01   2.0775414e-02  -5.4324471e-02  -9.2954445e-02  -7.3567183e-02  -3.6274955e-02
  -2.1596817e-02  -2.0117873e-02  -4.7286877e-02   4.2557937e-02  -9.5504123e-02  -2.9249277e-02   4.2527583e-02
  -4.4383612e-02   3.3432301e-01   7.4847128e-02   1.2480058e-01   1.5115280e-01   1.5740352e-02  -1.4389866e-01
   4.4247304e-01   1.1041172e-01   1.0788619e-01   1.2159764e-01   1.6780290e-01   2.2894650e-01  -9.1133666e-02
   1.3700868e-01   9.1869049e-02  -1.3389380e-01   3.6469329e-02   4.1728552e-03   6.8596053e-03   5.6672689e-02
  -3.1569671e-01   3.5234800e-01  -1.0668052e-03  -4.2810248e-01  -1.1539288e-01  -2.0453286e-01   5.3356414e-01
   8.1643567e-02   1.1770703e-01  -1.4744728e-02   1.5339351e-02  -2.5879097e-01   3.7655037e-01   1.5038120e-01
   7.4078371e-02   4.6560241e-01   1.3364873e+00  -7.7214060e-02  -9.9387127e-01   6.9592972e-03   3.5659819e-01
  -1.1014026e+00  -5.7795268e-01  -2.5026214e-01   7.8393966e-01  -2.9653349e-01  -2.5852191e-01  -2.4857006e-01
  -1.5535249e-02  -3.1531806e-01   4.8998245e-01  -4.8738741e-01   1.0005114e-01   1.7883152e-01   8.6447893e-02
   1.5622538e-02   2.2803041e-01  -2.5294200e-01   3.7033066e-01  -2.1009698e-01   9.7789953e-01  -6.5473041e-02
   9.1157837e-01   8.1282585e-01   2.5887750e-01  -1.3843043e+00   1.3433185e+00   1.0801531e+00   6.3444994e-01
   3.6144783e-01   4.8940485e-02  -2.4400400e-02   1.5469090e-02   7.5994788e-02   1.8296813e-01   7.7038983e-02
   5.3545750e-01  -7.2670027e-02   4.7121858e-01  -9.2751529e-01   1.2750300e+00  -6.5750889e-02   6.9802878e-02
   2.2091018e-01  -1.6370618e-01   1.9920098e-02  -1.4452914e-04  -2.6292763e-02   9.2220679e-02   3.3794931e-02
  -3.0105578e-01   3.7938712e-02   1.4598314e-01   1.3488022e-01   6.3114666e-02   7.3364773e-02   7.8542800e-02
   2.9161281e-02  -3.5367930e-01  -3.7475851e-02  -4.1019817e-02  -1.8231918e-01   3.0717225e-02  -7.6378568e-03
  -2.5799714e-02   2.4600096e-02   4.9384656e-02  -7.4701135e-03   2.8106167e-02   5.6579457e-02  -1.1671254e-02
  -2.4800187e-01  -1.6662572e-01  -5.8874948e-02  -5.6278690e-02  -5.0525685e-02  -2.2191400e-01  -1.1066294e-01
   2.8458276e-02  -2.1667591e-01   1.4675515e-02  -4.5054012e-02   2.4998075e-03  -8.5015913e-02  -3.2329242e-02
   8.7688952e-02  -3.5112061e-01   2.4922371e-01   7.7621882e-03  -1.4447230e-01   1.8290581e-01  -1.7482148e-01
  -4.9522696e-01  -3.9374370e-01  -1.1289115e-01  -5.3742955e-02   1.1547625e-01  -2.3711547e-01  -3.9990544e-01
  -2.1986711e-01  -1.2291445e-01   4.9944287e-01  -3.0454762e-01  -6.6837071e-02   1.1218702e-01  -4.9759250e-02
   1.4941403e-01  -7.5832704e-01   1.7160651e-01  -1.9113633e-01  -3.3809702e-01  -4.5830699e-01   4.2432789e-01
   1.3701082e-01   2.1561012e-01   1.3959534e-01   6.3448768e-02   1.3891788e-01   1.5224295e-01  -8.2133909e-02
   3.2966570e-01  -2.8086173e-02  -8.7833878e-02   5.1099099e-03   7.7971992e-02   5.0997647e-02  -2.0252410e-02
   2.8832080e-01  -1.4298046e-01   2.4098168e+00   4.7065734e-01  -1.3474760e-01  -6.1373441e-01  -1.3648303e-01
   7.4997679e-01  -2.7347986e-01   9.8276105e-01  -9.8075485e-01   5.0576712e-01   4.7414644e-01   1.9103880e-01
   4.8674782e-01   1.1367778e-02  -4.5344306e-01  -1.5469976e+00   9.7095166e-01  -6.4677197e-01   1.1143589e+00
  -1.0579943e-02  -1.5432971e-01  -1.3560521e-01  -8.1040518e-02  -9.1583084e-02  -1.0832977e-01  -2.3562980e-02
