   6.4842164e-01  -6.2095366e-01  -3.4451468e-01  -1.2677310e-01  -3.1013534e-01  -3.8467848e-01   1.4173508e-01
   4.3582157e-03   3.3475762e-01  -1.0514816e-01   2.4126041e-02   3.0507664e-01   7.3118474e-02   1.2488140e-01
   4.8880847e-02   1.9652739e-01  -4.1229492e-02   1.6515867e-01  -1.9535325e-01  -1.8659085e-01  -1.1658363e-01
   2.7570751e-01   2.9168857e-01  -3.7827189e-01  -1.4428377e-01  -3.2292581e-01  -4.4455023e-02   6.3434416e-02
   2.4356869e-02   1.5420281e-01  -8.8441569e-02   6.3953926e-02  -1.8342105e-01  -5.2262734e-02  -3.5382087e-02
   1.3681468e-01  -1.6142638e-01   2.6792274e-02   2.8823829e-02   1.3671348e-01  -3.7051632e-02   9.8229121e-02
   1.1073915e+00   8.2340830e-01   1.6266490e-01  -1.6130627e-01  -5.5605864e-01   2.3082578e-01  -7.4859551e-02
   4.9635871e-01   7.4149608e-01  -8.5209693e-02   1.5869412e+00   1.5222306e-01   2.3398423e-01  -5.4719477e-01
   2.2535175e-01   1.3175385e-01  -1.5116507e-01  -1.4459061e-01  -4.7652932e-02  -7.2341081e-02  -9.8069659e-02
   1.5561056e-01  -1.0615956e-01  -2.0853600e-01   2.3241211e-01  -4.4436187e-02   1.1012359e-01  -1.0977642e-01
   5.5498605e-02  -4.6867592e-02  -7.5670563e-02  -8.1751807e-02  -1.0942848e-01   3.7698025e-02  -1.0574891e-01
  -1.8376865e-01   2.0466011e-01  -8.4658967e-01   8.7984347e-02   9.0568041e-02  -4.9826850e-02   1.1810520e-01
  -9.1170505e-02   1.5261682e-01   1.5744633e-01  -3.3606322e-01   4.7961513e-02  -1.3720729e-01   1.9105168e-02
  -1.9785936e-02  -7.2695594e-02   3.4041482e-03   8.3327566e-02  -1.0321984e-01   2.0012928e-01  -4.2842232e-02
   5.6289625e-03   2.4704972e-01   5.8345819e-01   1.7166773e-01   1.0910222e-01   7.9116361e-02   1.5051198e-05
   1.3981878e-01   4.2649352e-02   3.4307858e-02  -1.0469828e-01   1.9428434e-01  -1.1324942e-01   8.4275046e-03
   2.8485893e-01  -8.5458709e-02   1.8982789e-01  -4.0141388e-02   4.0049222e-02  -7.6475067e-02  -1.0489592e-02
   1.0763177e+00   3.1522882e-02   9.1057165e-01  -6.2236985e-01   6.7874804e-01   3.3216377e-01   1.0365520e-01
   2.1909211e-01   3.2312539e-01   5.2691776e-01  -3.6157104e-02   1.8453536e-01  -3.6615354e-02   8.4771668e-02
  -4.9398389e-01  -1.5122668e+00   1.8000910e-01  -4.0591689e-01   2.2220884e-01   7.6323929e-01  -3.7777625e-02
  -1.1098287e-01  -1.3417639e-01  -4.2291516e-01  -1.1847887e-01  -3.1139200e-01   5.3245936e-01  -1.4402605e-01
   2.2509801e-01   4.5535172e-01  -1.4504944e-01   5.2101032e-01  -1.6703893e-01   1.3844928e-01  -2.1849729e-01
   4.2169371e-01  -6.2540593e-01  -1.2749144e+00  -7.5604795e-02   2.6264922e-01   4.3932759e-02   2.4991021e-01
   1.2181243e-01  -1.2727331e+00  -5.9862427e-02  -2.5933860e-01  -4.9423321e-01  -4.1971753e-01   7.9130613e-03
  -1.0907666e-01  -6.3704609e-01   5.5238440e-02   1.6966298e-01  -2.4333447e-02  -5.2463480e-02   5.9569115e-02
   1.9065761e-03   1.4875999e-01   2.8260017e-01  -6.1146422e-01   2.1315650e-01  -2.5718977e-01   6.6503938e-02
  -1.5772384e-03   2.8471625e-01  -1.0442167e-01   8.3498461e-02   2.1200117e-02   1.7563020e-02   1.1942102e-01
   1.3884291e-01  -3.7380128e-01  -1.1835689e-01  -8.4710273e-01  -1.0120584e-03   9.1206660e-02   1.1443488e-02
  -1.7430992e-01  -2.9847828e-01   2.0438720e-01   1.9657674e-01   2.6202346e-01  -9.5331387e-02   2.9301430e-02
  -2.2923007e-01   1.3662609e-01   1.8835213e-01   1.4468869e-02   6.6078120e-02  -1.4427600e-01   7.1497565e-02
   1.4211533e-01   4.9835767e-02   3.6403762e-02   9.1723889e-03   2.2088825e-01   3.6408715e-02  -8.6922471e-02
  -4.2338557e-01  -3.4718524e-03   1.2019927e-01   4.2348337e-01  -3.7337594e-01   7.4304326e-02   1.2364805e-01
   1.2829870e-01  -1.4373398e-02  -1.3427018e-01  -9.6813077e-03  -1.1995855e-01   2.4345108e-02  -6.7542635e-02
