   1.7505262e-01   8.5692956e-02   1.2455018e-01   2.6981988e-01  -1.9312038e-02  -3.6022026e-02  -1.3819248e-01
   2.6864619e-01  -2.7151829e-01   2.7024329e-02  -5.2597862e-02  -2.1434995e-01  -5.8742879e-02  -1.4964045e-01
   1.6914951e-02   9.2171464e-03  -1.8823869e-01  -7.1574543e-02  -1.6168473e-01  -4.4512994e-01   1.4837659e-01
   2.0207949e-01  -2.1237975e-01   8.8934670e-02  -5.4892461e-01   9.4233314e-01  -4.8558620e-01   4.6106186e-01
   1.2169907e-01   1.5112075e-01   2.8286965e-02   5.8120803e-02   8.2922502e-02  -2.1489951e-02   1.4534074e-01
  -1.6048455e-01  -3.6390081e-01   8.9638693e-03  -5.6178435e-02   9.2217161e-03   2.8100687e-02   2.5779326e-01
   1.0180247e-01   1.3516535e-01  -2.3423895e-01   8.1340404e-02   2.6652717e-02  -3.9744002e-02   1.1669750e-01
  -2.4687774e-02   1.6083756e-01  -5.4202249e-02   3.7911549e-02   6.4645904e-02  -2.4565230e-02   5.1338838e-02
  -2.9041412e-01  -2.5417979e-01   4.2090369e-01  -5.4622388e-02  -1.0470519e-01  -1.7876085e-01   5.0350194e-02
  -4.3481333e-02   4.9577743e-02  -2.4261267e-02  -7.3421470e-02   1.9332004e-02  -6.9407194e-02  -5.8193200e-02
  -2.6792181e-01   1.0883482e-02  -1.3950841e-01  -4.0652534e-01  -8.5684488e-02   6.0043698e-03   2.4661469e-01
   2.4472305e-02   2.3032979e-01  -7.0161623e-02  -1.3984820e-02  -3.2032736e-01  -2.4956147e-01  -4.7981363e-01
  -5.2936413e-02   8.6627042e-02   1.4612766e-01  -1.3745365e-01  -7.9399874e-02  -3.8716506e-02  -7.2853289e-02
  -3.1243684e-01  -2.1255821e-01  -6.7599630e-02  -1.9680382e-01  -2.6336883e-01  -2.9229778e-01  -8.0282119e-02
  -1.4963761e-01  -6.5944373e-02   1.4215761e-01  -3.1701977e-01   5.0953204e-02   2.8847210e-01  -2.9403380e-02
   2.5455488e-01   7.9041334e-02   2.9141568e-02   3.8735338e-01  -2.9292244e-01  -5.0109276e-01   4.1076657e-01
  -1.3459942e+00   9.0569422e-01   3.3466598e-01   1.0808024e+00  -1.3316208e+00   6.5923080e-01  -8.0399188e-01
  -5.6976549e-02  -4.5580919e-02   5.6377980e-02  -7.9620130e-02   1.2054589e-01   4.3515987e-01   3.2366876e-02
   5.2172354e-02   2.3119049e-01  -3.2825276e-01   4.2734366e-02   1.6704514e-01  -5.1541002e-02   1.3771893e-02
   1.1885819e-03  -8.2806448e-02   3.0991316e-02  -1.5262137e-01  -1.6229814e-01  -1.0446747e-01  -1.5904780e-01
  -5.2666806e-01  -3.0062125e-01   1.0060003e+00   1.8849019e-01   2.5833939e-01  -6.3355499e-02  -2.0793807e-01
  -8.1010138e-01   4.9116137e-01  -3.2671397e-01  -2.9941952e-01   2.9273592e-01  -3.8738617e-01   4.2505103e-01
   2.0636353e-01   4.9392246e-01   4.8096197e-01   7.5425307e-02  -2.7309268e-01   3.8120796e-01  -2.4947866e-01
  -2.0088749e-02  -1.8934560e-01  -3.0582386e-01  -7.1971488e-02  -8.9539292e-02   1.9830407e-01  -2.6480847e-01
  -8.9404374e-01  -1.4031882e-01  -1.4559666e-01   9.6002664e-01  -2.5947606e+00   1.0096223e-01  -4.3217422e-01
  -2.5589874e-01  -3.6483531e-02   3.1723003e-02  -6.6514476e-02  -1.3188964e-01  -1.7770632e-01   1.5802393e-01
  -8.2606466e-02   2.2471829e-01   1.4647535e-02   1.8982781e-01  -1.3392566e-01  -2.3837590e-01  -6.2326467e-02
   4.9551543e-01   3.1828034e-01   3.1631521e-01   5.9728730e-01  -2.4927427e-01   2.1921220e-01   1.0343227e-01
   1.3793931e-01   1.2814508e-01  -2.4336974e-01  -3.8756865e-01  -3.0924480e-01   2.3613680e-01  -2.5819970e-01
   4.4625636e-01   1.1224962e-01   2.8005444e-01   3.0992461e-01   2.7801459e-02   5.1066650e-02  -1.5833458e-01
  -1.5536753e-01   5.5621188e-01   1.7197779e-01   1.3104523e-02   3.6403058e-01   1.5950243e-01   1.0488544e-01
   2.1394995e-01  -1.1744465e-02   3.2817600e-01  -9.9455213e-02  -6.0596607e-02  -2.1266379e-01   2.0278727e-01
