  -3.1292250e-01
   4.2552561e-01
   3.5134230e-01
   3.0268091e-01
  -5.9790407e-01
   3.1379216e-01
  -3.7464518e-01
  -1.4468351e-02
  -7.2434011e-03
   2.8193502e-01
  -5.0074851e-01
   2.4776584e-01
  -4.4885380e-01
   7.1538837e-02
   6.1367088e-02
  -4.5792045e-01
  -2.1989736e-01
  -6.4542084e-03
   2.2804010e-01
  -3.1949738e-02
  -4.5689948e-01
  -4.7507410e-01
  -3.8494735e-02
   3.1024477e-01
   7.8314821e-01
  -1.8694321e-01
   7.0312819e-01
  -5.3153111e-01
  -5.2866226e-01
   7.2349139e-01
  -4.8790938e-01
  -3.0859576e-01
