   3.2019073e-01   4.9416519e-01   1.4314149e-01  -8.3613449e-02   2.6401524e-01  -8.3238635e-02   2.7656586e-01
   5.3108682e-01   1.0441274e+00   2.6143093e-01  -1.6341721e+00   1.1242764e+00  -4.7507651e-01   1.7739246e-01
  -2.1479949e-01  -1.6518607e-01  -2.3526327e-01  -4.5922268e-01  -1.5138906e-02  -4.9931251e-01  -2.7306914e-01
  -2.0189009e-02   2.0026236e-01   2.5707797e-02   1.1583568e-01   3.2653015e-01   1.4960428e-01  -2.4278846e-01
  -1.8836822e-01   1.4377578e-01   1.5401408e-01  -3.0266092e-01  -4.4193996e-02  -8.0478280e-02  -1.3874585e-02
  -3.3948879e-01   2.0168709e-02   1.5670295e-01  -2.7246154e-01  -1.9685007e-01  -2.3749463e-01  -6.2165381e-02
  -2.8571451e-01   2.8393944e-01  -1.8135306e-02  -1.3065097e+00   3.4651264e-01  -1.3907813e-01   2.0443215e-01
   9.3857404e-01  -1.2988138e+00  -5.5462769e-01  -1.7750218e+00  -6.4632350e-01   9.0371440e-01   7.5287791e-01
  -1.0019439e+00  -9.9596855e-01  -1.7396094e-01   4.3010385e-01  -9.3820270e-01   9.5805472e-01  -1.7588718e-01
  -2.6896291e-03  -7.0582053e-02   8.4543761e-02  -3.1039334e-02  -2.4629689e-01  -1.2988835e-01   7.7700966e-02
   9.4362992e-01  -3.9230386e-01   7.3076054e-01  -1.0826613e+00   3.0794865e-02  -5.0015953e-01  -1.6553748e-01
   1.2481250e-01   4.6164819e-02   1.8880576e-01   1.4583516e-01   7.0797266e-02   8.0640828e-02   6.8327734e-02
  -1.2688480e-01  -5.5171300e-01  -1.5505585e-01  -7.6790394e-01  -5.4607999e-01   6.9684311e-01  -3.5369051e-01
  -1.1560561e-01   1.4489898e-01   2.6569174e-01   7.3909720e-01   1.4637909e-01   9.6032503e-02  -1.5165877e-01
   5.9638294e-02  -3.7954006e-02   3.6671327e-01  -3.1234144e-01   8.0627135e-02   1.0221580e-01   2.5344861e-01
   1.4383954e-01  -2.2003503e-01   3.1981826e-01   1.2232326e-01  -1.2951603e-01  -2.9179294e-02   2.8908339e-01
  -2.5598626e-01   2.2316732e-01  -2.8142279e-01   7.5392835e-01   2.8893004e-01   6.7497504e-01   6.4232248e-02
  -7.3129730e-01  -6.0544900e-02  -2.1441424e-01  -1.3503437e+00  -1.7076673e-01  -2.9235366e-01   1.1071862e-01
   5.7186002e-01   1.9107685e-01  -1.9950571e-02   1.3907435e+00   9.8549177e-02   4.6577304e-01  -7.6860676e-02
  -1.7236354e-02  -1.0474067e-01  -1.4546433e-01  -2.2637085e-01   1.6411213e-01   1.5813544e-01  -1.8955707e-02
  -1.4709342e-01  -8.6824816e-03   1.8777173e-01  -7.7059997e-02   2.3142232e-02  -1.4657518e-01   4.5653679e-02
  -9.8930740e-01   5.9421951e-01   7.6259641e-02   2.9501617e-01   1.1662686e-01   9.6158189e-01  -2.4110226e-01
  -2.1410198e-01  -1.9514297e-01  -1.3254947e-01  -1.2565893e-01   4.2747823e-01   3.4958025e-01  -4.4130193e-02
  -1.2859936e-01  -1.2128424e-01  -2.2940516e-01  -6.7423404e-01  -1.9134452e-01  -2.3417945e-01  -9.4529117e-04
  -4.2422562e-01  -1.6973875e-01  -6.6617508e-02  -8.0375542e-01  -2.9751509e-02  -1.3720521e-01  -2.2614457e-02
  -5.8324888e-01  -2.1452254e-01   5.4592548e-01  -1.7813204e-01   2.9499305e-01   4.0922682e-01  -3.6753425e-01
  -5.3172889e-01   2.5869843e-01  -6.9118553e-02   1.2199660e-01   1.3059704e-03   1.1308824e+00  -1.4742731e-01
  -7.6345974e-02  -2.9227976e-01  -1.6928650e-01  -2.4370364e-01   4.0166397e-02  -1.4552200e-01  -9.2442602e-02
  -1.5232338e-01  -1.8244033e-01   7.8583913e-02  -3.1425209e-01   8.5655405e-02  -3.8510842e-02   1.1811310e-01
