  -4.6031693e-02   2.1565473e-01   2.1378404e-02   3.8068597e-02  -4.1591805e-02  -3.5096322e-01  -2.4425743e-01
   1.5884295e-02  -1.1011779e-01   2.5304082e-01  -7.1907761e-02   1.4066413e-01   2.8518625e-01  -3.5846038e-02
   8.0440774e-02   1.1283120e-01   2.7981367e-02  -2.6051102e-01   3.0142097e-01   1.1495775e-01  -2.3139299e-02
   5.6745896e-02   1.3000361e-01   2.5541421e-01  -2.1083247e-01   1.9612577e-01   1.9676900e-01  -1.2992145e-04
  -5.1274627e-04  -4.3179997e-02   9.5812924e-02  -7.3579091e-02   1.0222518e-01  -3.2633146e-01   6.0651018e-02
   1.8496961e-01  -1.1618990e-01   3.5919443e-01  -2.1285471e-03   2.3095773e-01   9.3580738e-02   7.6614789e-02
   5.6531890e-01  -8.1242747e-01   4.8482203e-01  -1.9278992e-02  -1.7883154e-01  -1.4639109e-02  -1.4719177e-02
  -5.5920598e-02  -2.4946838e-01   2.4849124e-01   6.5874185e-01  -3.5554730e-01   5.3343327e-01  -3.4360601e-01
   3.2905020e-02  -9.2632317e-02   5.0720734e-01  -2.0557494e-01  -2.3896590e-02   1.0035563e-02  -1.1147919e-01
  -2.2766322e-01   3.4361222e-01  -1.5505202e-02   1.1159587e-01   1.2906847e-01  -4.8636610e-02  -1.6240742e-01
  -8.1433018e-01   2.8983233e-01  -2.2896528e-01   6.0910698e-02  -3.1515859e-01   6.2695613e-01  -2.7942427e-01
   3.1723462e-02   3.7525627e-03  -8.4128848e-02  -1.1850127e-01   4.2960453e-02   2.4548762e-01   6.5419124e-03
  -3.3987824e-01   4.0543714e-01   3.8609980e-01  -1.6316314e-01  -7.2082297e-02  -1.2318291e-01  -1.9545433e-02
   2.2365767e-01  -2.2507837e-01  -1.2061075e+00  -5.5395379e-01   2.4522502e-01  -2.1837564e-01   1.9376535e-01
   1.5803404e-01   6.0870928e-01   2.2008857e-01   4.7466132e-01   8.2393898e-01   2.4592642e-01   4.0060006e-01
  -1.3061994e-01  -3.3760001e-01  -4.5779677e-02  -4.3382433e-02  -7.2486171e-02   2.3647687e-01  -9.5933640e-02
   6.4551262e-02  -4.9817511e-02  -1.8721981e-01   2.8323151e-01  -1.8310057e-01  -8.2752794e-02  -1.1920251e-01
   1.0245008e-01   7.4687367e-02   5.8942576e-02  -4.6494795e-01   4.6821815e-01  -6.5448188e-01   1.4148152e-01
   4.5032793e-02  -1.1102302e-01   3.3192059e-01   4.1595537e-01   1.0453693e-01  -3.0217151e-01  -4.5971832e-02
  -1.1805127e-01  -4.4488162e-01   3.3557029e-01  -1.4922404e-01   2.9043628e-01  -2.1531480e-01   3.0274709e-01
  -1.4147899e-01  -4.6164125e-01   4.8497780e-01  -1.9607982e-01   7.9139417e-02  -1.3626218e-01  -2.2799726e-02
  -2.8997967e-01  -7.2130204e-01  -1.6210099e-01  -4.4925639e-02   3.2648361e-01  -3.8746529e-02   1.2695196e-01
   4.7337249e-01  -3.4758630e-01  -5.1721776e-01   1.1475005e-01   2.7880433e-01   1.5440056e-02  -1.3506058e-01
  -7.7153535e-03  -1.2389413e-01   1.3906797e-01  -2.4905985e-01   1.0201352e-01  -6.1353421e-02   1.2787420e-01
  -7.5400266e-02   4.4733754e-02   9.4570266e-02  -5.1547386e-01   3.5095653e-01  -1.2309470e-01   3.0470772e-01
  -2.4029354e-01   1.0537351e-01  -1.1060575e-01   1.7126879e-01   4.4641037e-01  -2.2970067e-01  -1.9248710e-01
  -2.5748722e-01   2.0614705e-01   1.7608803e-02  -3.2042147e-01   1.1413713e-01   6.9162560e-02   2.4950301e-01
  -3.3340470e-01   1.3857154e-01  -1.8067260e-01  -7.0697213e-02  -1.2820226e-01   1.0445674e-02  -1.2637686e-01
  -1.1692469e-01   1.1439317e-01   6.4276304e-02  -1.6761768e-01   1.7073514e-01  -6.9501787e-03  -4.0657583e-03
   2.7330723e-01   4.6345520e-01   1.8574324e-01  -2.1330381e-01  -1.4153789e-01  -8.3488742e-02   2.0279787e-01
   1.8037437e-01   1.1722138e-01  -1.3640708e-01   3.5638601e-01  -3.9713779e-01   1.7935143e-01  -6.5032619e-02
   1.1487454e-01   8.4287512e-03   4.2524520e-02   4.6718380e-01  -3.0430126e-01  -8.8796350e-02   9.5406955e-02
   4.3153355e-01  -1.8764255e-01   2.5291659e-01  -3.8613967e-01   5.7532627e-02  -1.3109980e-01  -1.1116875e-01
  -8.9728555e-02  -2.7885358e-02  -8.4907026e-02  -2.4022298e-01  -1.8232678e-03   8.1697409e-02   2.4865769e-01
  -1.1575311e-01   1.7528707e-01   1.8078116e-02  -4.4794906e-03  -1.4970604e-01   1.0658148e-01  -2.4487858e-01
