  -1.4885594e-01  -1.7084998e-01   1.0851314e-01  -1.4002856e-02   2.3741395e-02  -4.2795423e-02   1.4862037e-01   1.0519304e-01  -1.7595214e-01   4.4244368e-01  -8.7799342e-02  -1.5574218e-01   2.4417486e-01   2.8029144e-01  -1.9746118e-01   1.5283362e-01   2.7477688e-01  -1.1861285e-01  -5.1933628e-01   5.8075291e-03   1.1516309e-01  -1.9470450e-01  -7.0599040e-02  -3.3392217e-01   6.4071962e-02  -1.9343928e-01  -5.0721936e-02   1.6202936e-01  -1.0808314e-02  -3.3770009e-02  -5.9934697e-02  -2.3881575e-01  -1.9419494e-01   1.7737739e-01  -5.1477285e-01   2.3048985e-01
   7.7337312e-02  -1.4551005e-03  -5.7576625e-02   2.7714108e-02   2.5886723e-02  -8.4614861e-02  -4.2300700e-02  -1.2832728e-01   3.0098826e-01  -1.1688537e-01   9.0326583e-03  -2.1897864e-02  -5.4356490e-02  -5.9801515e-02   8.4294082e-02   1.4524896e-03  -5.5359891e-02  -1.3972294e-02   2.3177503e-01  -8.6767211e-02  -1.1669051e-01   1.3184862e-02   1.4895003e-01  -2.5791794e-02  -8.4762312e-03   9.2657515e-03  -8.0184227e-03  -1.0548663e-01  -5.3516022e-02   4.1151725e-02  -1.1681379e-02   8.8905080e-02   6.2794646e-02  -4.0301569e-02   1.6572323e-01   2.2972609e-02
   1.9577631e-01  -1.1893015e-01   5.2308628e-02  -5.0326480e-02   1.3330235e-01   1.0195611e-01  -7.4669603e-02   3.4608965e-02   7.3413586e-03  -2.1938491e-02  -2.5136258e-02   6.7060049e-02  -2.6514596e-02  -7.2803762e-04  -3.0249092e-01   9.1822137e-02  -1.8929970e-01  -1.5525099e-01   1.0529412e-01   1.1501256e-01  -3.0270286e-02   4.8415558e-02   3.3846361e-03   2.5294512e-02   7.6146974e-02  -1.8390211e-01   1.1289072e-01  -1.3957765e-02   6.2532897e-02  -5.1940915e-02  -1.4056090e-01   1.1889831e-01   3.9160289e-02   3.7164947e-01  -5.3939100e-02  -1.1903501e-01
   7.3611324e-02  -7.5643260e-02  -8.2578980e-03   4.2184692e-02   2.1527656e-02  -3.5603134e-02  -3.9400771e-02  -9.3790401e-02   2.0162546e-01  -7.6872309e-02   3.6874744e-02  -6.9071553e-02  -5.2810188e-02  -1.8670735e-02   1.0160476e-01  -4.8754344e-02  -1.8392824e-02   2.0053275e-02   1.5142027e-01  -6.6216731e-02  -6.8039601e-02  -3.8254026e-02   2.6100066e-02  -3.9223505e-02  -7.2599834e-03   3.3051965e-02   1.3431557e-02  -7.4445973e-02  -5.3043944e-02   2.1848515e-02  -5.3344467e-02   7.1715641e-02   7.6474179e-02   2.5654619e-02   8.7198503e-02   1.8593917e-02
   1.6316242e-01  -5.7723119e-02  -9.2058365e-03   1.6563356e-02  -4.0791172e-02  -5.3210281e-02  -1.2740969e-02  -8.5528227e-02   2.9088311e-01  -4.5957152e-02   6.0465312e-02  -5.9347603e-02  -7.1784259e-02  -4.6206094e-02   2.3898001e-01  -4.3614763e-02   6.4413832e-03   9.0376675e-02   1.3450038e-01  -1.2932549e-01  -5.7400789e-02   1.4194302e-03   6.5286241e-02   8.8399292e-03  -2.3184196e-02   1.1108654e-01  -3.3910537e-02  -1.3491575e-01  -1.2925866e-01  -1.7698709e-03  -6.3062009e-02   1.1251692e-01   6.1295856e-02   5.1416493e-02   1.7816887e-01  -2.5343774e-02
  -1.2397513e-01   6.1979512e-02   5.7955486e-02  -5.6484196e-02  -1.9945217e-01  -1.5049728e-01   2.6354594e-02  -2.6382798e-02   1.5679318e-01  -2.0770998e-01  -8.5623213e-02  -1.9512551e-01  -1.2795273e-01  -1.5532951e-01   2.1613989e-01   3.5958176e-02  -5.7426007e-02   2.2649554e-01   2.9571655e-01  -4.8777416e-02  -1.2547253e-01   1.7236878e-02  -8.5016371e-02  -9.3760797e-02  -3.5294687e-02   4.0490615e-01  -8.0408647e-03  -1.8134073e-02  -5.5015109e-02   1.1221392e-01   4.3863041e-02  -1.5240536e-01   2.3109992e-01  -1.5739078e-01   2.1756099e-01   8.5811092e-02
  -9.3282170e-02   1.3234888e-01  -6.8052614e-02   1.8322376e-02   9.0634030e-02  -1.2505745e-01  -1.3365048e-01  -6.4468404e-02  -6.6409010e-02  -8.5144212e-02   4.5521772e-02   3.2882832e-02   1.3453503e-01   1.2947986e-01   3.4234581e-02   4.3193678e-02  -1.3645417e-02  -3.9663792e-02  -1.4330400e-01  -1.2500846e-01  -2.9139070e-02   7.9992179e-02  -3.5389048e-02   2.1533346e-02   6.1483930e-02  -4.6959946e-02  -1.4568650e-01  -1.2969997e-01  -1.2247015e-01  -3.4508950e-02   1.1829523e-01  -1.7195751e-02   6.1405117e-03  -4.2161325e-02   7.1550545e-02   5.7003542e-02
   5.3305314e-02  -2.8378205e-02  -2.0634683e-02   5.3363913e-02   4.7958740e-02   5.0157732e-03  -2.2465372e-02  -9.3388649e-02   1.0548786e-02  -4.5973438e-02   6.2886512e-02  -3.6225771e-02  -1.1392789e-01   4.4899012e-02   2.3609758e-02  -1.2835848e-02   3.8503134e-02   1.3932873e-02   4.8218896e-02  -2.5382267e-02   2.6640142e-02   7.1753249e-02  -1.0593108e-01   4.0145490e-02  -3.8371725e-02   1.7197625e-02  -9.0603465e-03  -7.9845078e-02  -4.8828243e-02  -2.4834089e-02  -1.3160788e-02   1.1017009e-01   9.0888445e-02  -6.9234204e-03   2.8925669e-02  -2.7369867e-02
   9.4187884e-02  -2.5517868e-01   1.7821692e-01   3.6195320e-02  -1.4204977e-01   2.2275044e-01   3.1821877e-02   8.6858995e-02   2.2919923e-01  -6.2572368e-02   1.4468731e-01  -1.2003155e-01  -8.6886506e-02  -6.3290014e-02   1.1971892e-01   4.1973441e-02  -1.8052494e-02   1.8981130e-01   2.6097451e-01   1.4557141e-01  -7.5797695e-03  -1.3782245e-01   4.2193641e-02  -1.9499639e-02   5.4239705e-02   2.9316778e-01   2.0559492e-01   6.3980913e-02   8.5372509e-02  -5.8112959e-02  -2.2032451e-01  -5.6060239e-02   1.0111042e-01   1.9221776e-01   1.1576365e-01  -2.9081820e-01
  -9.1468498e-02   2.4709921e-01  -2.3236779e-01   3.8378743e-02   2.6307393e-01  -1.7510084e-01  -1.1694845e-01  -1.7359443e-01  -8.3642771e-02  -1.0610346e-01  -3.3292153e-02   1.9182329e-01   2.5361549e-01   1.5731463e-01  -2.8322781e-02   6.0068914e-02  -2.3788616e-02  -2.4796818e-01  -2.6325088e-01  -2.2796525e-01  -3.9502190e-02   1.0662734e-01  -5.6853544e-02  -1.1387445e-01   5.0792637e-02  -3.8726313e-01  -2.3540272e-01  -1.9330194e-01  -1.4645450e-01   1.1731542e-01   1.9156960e-01   2.2200064e-02  -1.1947173e-01  -1.1423521e-01   4.0762277e-02   1.9935755e-01
   8.2877357e-03  -5.5588466e-02   6.7927544e-02  -2.5776994e-02  -7.6998935e-02   6.4595018e-02   1.2608893e-01   1.3685397e-01  -1.8082246e-01   1.8169104e-01  -4.2343238e-02  -3.7357423e-03   1.3789018e-02  -3.4780693e-03   3.3565008e-02   7.9343687e-04   1.0451987e-01   4.2293668e-02  -2.4974809e-01   9.8828194e-02   9.7482386e-02  -7.3249313e-02  -1.0161840e-01   3.1126174e-02   6.9538748e-03  -1.3316364e-02  -2.6954877e-02   1.1204258e-01  -2.6025241e-02  -2.0532523e-02   2.0119543e-02  -7.0941138e-02  -6.7690405e-02   8.8795475e-02  -1.5926843e-01  -5.2206191e-02
   3.1849138e-02  -3.8162571e-02  -1.4701123e-02   4.0074221e-02   1.7094691e-02  -2.2722200e-02  -2.1259666e-02  -6.4357613e-02   1.0544626e-01  -1.8933951e-02   3.5743652e-02  -3.3509928e-02  -2.1257685e-02   1.0732980e-03   5.4892017e-02  -1.8206344e-02   3.6115961e-03   2.4947467e-02   7.3309634e-02  -3.6304802e-02  -2.8473653e-02  -1.4116432e-02   3.6226914e-02  -2.4569651e-02  -2.0286820e-02   2.9298043e-02   1.6669337e-02  -4.4378143e-02  -9.0801193e-03  -1.1883109e-02  -2.9561049e-02   1.5924666e-02   4.1864742e-02   2.1252573e-02   5.2696454e-02  -1.9153290e-02
  -2.1528265e-02  -1.1836412e-01   2.5852215e-02  -1.6480057e-02  -4.8757456e-02   1.8591501e-02   6.4367246e-02   9.8388091e-04   6.1644005e-02   1.2629849e-01   3.0042077e-02  -1.5342138e-01  -6.8012193e-02  -2.6831014e-02   4.2392485e-02   1.2320430e-01   8.0750930e-02   1.1820278e-01  -2.3883420e-03   1.1641995e-01   1.1228141e-01   2.8240639e-02  -1.1288771e-02  -5.8552167e-02   5.1640121e-03   7.9427157e-02   3.5926049e-02   1.9991223e-03   8.9110863e-02  -6.5397180e-02  -3.6009868e-02  -1.1438678e-01   9.3531834e-02   8.0401540e-02  -5.6330296e-02  -3.0606453e-02
   9.5221308e-02  -5.0429741e-03  -8.2838573e-02   2.2691460e-02  -1.5558109e-02  -9.2159055e-02  -3.4154599e-02  -1.4150074e-01   4.4559627e-01  -1.7465732e-01  -1.2174003e-02  -8.5864451e-03  -3.6107954e-03  -1.2394903e-01   5.8533204e-02   1.6388572e-02  -9.9903207e-02  -6.0219090e-02   2.8231219e-01  -8.0512527e-02  -1.8039211e-01  -6.3794372e-02   3.0966472e-01  -1.9575988e-02   2.9949493e-03  -4.6604278e-02  -5.7951645e-03  -6.9049148e-02  -5.9290213e-03   8.6679185e-02   2.0074323e-02   9.6004257e-02  -9.4117013e-03  -6.7722677e-02   2.4025835e-01   2.8031301e-02
  -6.4040189e-03   1.9523098e-01  -1.5618173e-01   1.1544085e-01   2.0370833e-01  -2.5223162e-01  -6.9504110e-02  -1.4129467e-01   4.7514655e-02  -2.5278022e-01  -2.4011900e-02   1.3163361e-01   1.4759515e-01   1.0604533e-01   2.2464497e-01  -7.3410911e-02   1.5580038e-03  -7.4775729e-02   5.8872691e-02  -2.5359591e-01  -1.4658354e-01  -4.0304973e-02  -1.0956376e-01  -1.4456717e-02   2.5315422e-02  -1.3581672e-01  -2.9697041e-01  -1.9031596e-01  -4.0582227e-01   1.1352542e-01   2.2483337e-01   6.4462189e-02   6.6612991e-03  -8.1233255e-02   1.9640912e-01  -1.2829862e-02
  -2.4511048e-01  -1.0169968e-01   2.3658792e-01  -1.4258135e-01  -1.2319003e-01  -3.4746094e-02  -7.2585003e-02   1.2980781e-01  -4.2507484e-02  -6.5986339e-02  -2.1332267e-01  -2.9893803e-01   2.1361588e-01  -6.4966782e-03   2.4899965e-01  -2.4913329e-01  -3.4755719e-02   2.2482798e-01   9.4970935e-03  -6.1778286e-02  -7.0292329e-02  -4.4203861e-01  -5.1728722e-02  -2.8263819e-01   9.3703438e-02   4.4335565e-01   3.8124082e-02   1.7644939e-01  -3.8156431e-02   8.4916763e-02   7.0963507e-02  -3.4602317e-01   7.4090092e-02   5.2178352e-02  -1.3990480e-01   1.9147481e-01
  -1.3502182e-01   2.0425680e-02   1.4441753e-02  -2.7285821e-02  -2.4199284e-02   7.3142215e-02   1.0891498e-01   1.0128372e-01  -3.3649012e-01   2.1844767e-01  -3.0555510e-02   2.6468233e-02   9.9120275e-03   8.8001501e-02  -1.0931869e-01   6.5798065e-02   1.2529879e-01   1.0823411e-02  -3.2443059e-01   9.6130300e-02   1.8401074e-01   5.0715274e-02  -1.5632573e-01   2.9908311e-03  -7.3696023e-03  -4.2898995e-02  -5.4681958e-02   8.7689679e-02   7.6942844e-02  -7.4462207e-02   5.1820474e-02  -1.0926596e-01  -9.3550426e-02   2.4848711e-02  -2.1460102e-01  -1.4929667e-02
   1.2965859e-01  -1.3681309e-01   1.8065396e-02   6.4543885e-02   1.1062422e-02  -4.9614662e-02  -5.8045591e-02  -8.3167597e-02   2.3955999e-01  -7.8437022e-02   4.5016948e-02  -9.9601876e-02  -5.5373409e-02  -3.6739923e-02   1.7440851e-01  -1.2522919e-01  -2.3129742e-02   8.3901826e-02   2.1057575e-01  -6.1186578e-02  -9.9277511e-02  -1.0603196e-01   3.0416229e-02   8.2388809e-03  -4.6382314e-02   9.4933912e-02   6.3850140e-02  -8.1871512e-02  -1.0550581e-01  -1.8439398e-03  -8.3702765e-02   6.7601629e-02   1.3701298e-01   1.1364270e-01   1.1819016e-01  -3.5800592e-02
   5.4834234e-02  -1.1347302e-01  -5.8121647e-02   2.3921994e-01   1.8095262e-01  -5.5281819e-02  -1.3543159e-01  -1.5638162e-01   7.4183979e-02  -7.6147398e-02   2.2590161e-01  -3.7164339e-03   1.2831553e-01   2.5360923e-01   6.1367712e-02  -4.1649017e-02   1.1402615e-01   7.4968621e-02  -6.6560168e-02  -1.0702129e-01   2.4229140e-02  -1.2180089e-01   8.6439584e-02   7.2074872e-02  -1.3810614e-01   1.8438775e-02   1.0462019e-01  -1.7709251e-01  -1.3176462e-01  -1.5533515e-01   2.1788747e-02  -5.7849891e-03   6.4815220e-02   2.4199117e-01   1.5028515e-01  -2.9197132e-01
  -5.7254791e-02  -5.1802288e-02   1.4538611e-01  -6.1531937e-03   7.1941237e-02   2.2061331e-01  -1.9607764e-01  -2.5113317e-02   3.6725927e-03  -4.4657796e-02   1.0506331e-01  -5.5277772e-02   1.6398496e-01   9.0711366e-02  -9.0331234e-02  -9.3931264e-02  -1.2430508e-01   1.7275832e-01   9.1146012e-02   6.3711515e-03   2.4763102e-02  -1.5714292e-01   1.6734912e-02  -8.8106982e-02  -8.4986919e-04   3.1618610e-01   2.2619387e-01   1.0815504e-01   2.6138592e-01  -1.2527758e-01  -8.7065654e-02  -9.5740863e-02   1.7282949e-01   1.2803354e-01   1.9937392e-02  -2.0618370e-01
