   4.8141749e-03   6.3533140e-02  -8.5297494e-02   1.1699746e-01   2.6308679e-01   2.0714792e-01  -1.9828962e-03
   1.5716511e-01  -5.7711097e-02  -7.2990457e-02  -4.3487331e-02  -1.6782674e-01  -9.3285616e-02  -5.4484258e-03
   4.2568627e-01  -3.5955322e-02  -1.6544508e-01  -1.0506535e-01  -8.4648120e-02  -1.2232182e-01  -1.0882598e-02
   2.2756934e-01  -2.7681935e-01  -1.4087300e-01  -3.8501064e-01   1.8181221e-01  -2.4794558e-01   1.2383539e-01
  -1.4808903e-01   1.5060539e-01  -1.8760725e-01   3.5521788e-01  -1.6580289e-01   2.3119931e-01   4.8444003e-02
  -1.8540625e-01  -2.5639483e-01  -1.7200264e-01   8.6450487e-02   8.1253215e-02   1.5063422e-01  -1.3648302e-01
   1.1404755e-01   1.7866882e-01   6.7348939e-02  -1.2163937e-01   2.4754366e-02  -2.4819807e-01   5.1699951e-02
   3.2744270e-01  -2.4771697e-01   3.5941577e-01   2.4476450e-03  -1.9990976e-01  -1.8172905e-01   3.4434304e-01
   1.0964493e-02   8.5294646e-02   1.1674938e-01  -7.1291824e-02  -2.1429038e-02  -1.0923482e-01  -8.1817207e-02
   4.0848817e-01  -2.9913643e-01   1.5546991e+00  -7.5009528e-01   3.5285480e-01  -1.9586360e-01  -1.0562582e-01
  -4.7073465e-01   1.8162387e+00   1.0120976e+00   4.0395144e-01   5.3931233e-01  -4.6844416e-01   4.1713113e-01
   1.1503380e-02  -5.2457551e-01  -6.5028206e-02  -2.5573949e-01   1.5672924e-01  -8.0408231e-02  -9.0915249e-02
  -7.9664891e-02  -2.2944170e-01   2.3171475e-01   4.4926667e-02  -9.5075423e-02  -3.4368067e-01  -2.6727740e-01
  -2.5233868e-01  -2.5648219e-01   1.2579125e-01   4.3170906e-03   1.4214459e-01   7.5634572e-02  -9.2170520e-02
  -2.8374809e-01  -7.7613792e-01  -1.3033835e-01   1.5525512e-01  -6.8337325e-02  -3.0483959e-01   3.3188062e-01
   3.2467475e-03   1.4417764e-01  -6.0702841e-02  -1.3407003e-02   2.3971948e-01   6.6711829e-02  -1.3104968e-01
   1.5778160e-01  -9.1640753e-02  -3.2978833e-01   8.1672125e-02   1.8247549e-01   6.1633962e-02  -5.3021658e-02
   1.3636771e-01   4.5420104e-01  -8.4051114e-03  -9.0270317e-02  -1.6998380e-01  -1.2426219e-01  -2.8479455e-02
   2.6234549e-01   5.7234595e-02   1.2138159e-02   1.7741079e-01  -3.3142209e-01   6.6206650e-01  -1.0024158e-01
   6.4176479e-02   4.0046054e-02  -3.9826089e-02  -1.3796792e-01  -4.6665104e-01  -7.9818845e-02  -4.7475685e-02
   4.4925821e-01   3.7737781e-02   3.2084923e-01  -4.2497631e-01   9.6765105e-02  -2.7411837e-02  -1.5443501e-01
  -2.6092849e-01  -3.7458305e-01   1.9338407e-01   4.6304030e-02   4.9286821e-02  -1.6373173e-02   6.1065730e-02
  -7.4244553e-01   6.5387922e-03   5.3295037e-01   5.6653958e-01   6.6902693e-01  -1.8811425e-01  -4.4251706e-01
   3.0395653e-01   2.5013143e-01   1.0582409e+00  -1.6222713e+00   9.4279224e-01   1.5658574e-01   6.1265901e-02
   2.3975326e-01   2.0564636e-01   1.0477180e-01   2.1237216e-02  -2.1340035e-01  -1.2518976e-01   1.6092194e-01
  -1.1168763e+00   1.0084466e+00  -3.0969812e-01  -2.7310981e-01   1.6418990e-01   6.9211975e-01  -2.8179484e-01
  -8.0177377e-03   1.5160571e-01  -2.2467489e-01  -6.5146636e-02  -1.2511181e-01   6.6449710e-02  -6.3258869e-01
   6.8871268e-02  -4.0565324e-01  -1.4999453e-01  -1.4076816e-01   1.1597078e-01  -3.6948143e-01   4.1179345e-01
   5.2154136e-02   3.0202989e-01  -3.3297499e-01   5.9509329e-01   1.0414455e-02  -2.5583550e-01  -1.5851412e-01
  -2.0428466e-01  -1.4801368e-01  -1.6707752e-01   2.0889646e-02   5.7678837e-02   1.0240364e-01  -1.9052377e-01
   7.7499132e-02   3.0700699e-01   6.1775168e-02   2.3879083e-02   9.5137366e-02   1.7581900e-01  -4.0381837e-03
   1.8031653e-01  -5.9395356e-02   2.0485584e-01   4.8324556e-02   1.5616424e-01  -2.3430672e-02   3.9701158e-01
  -1.1955213e-01  -2.4382300e-01   1.9009251e-02  -1.1769353e-02   2.4910153e-01   1.8243216e-01  -5.6091554e-03
   3.6837199e-01   1.0050697e+00   7.3846460e-01   1.1866718e-01  -1.3450044e+00   5.3287560e-02  -8.9942647e-01
  -6.0326955e-01   8.4021816e-02   5.7649247e-01   2.8795390e-01  -2.4064971e-01   1.0240126e-01  -6.7285293e-02
   6.7249307e-02   8.7780537e-02  -1.1691245e+00   9.8604285e-02  -5.2826507e-01  -1.3000362e-01  -4.8571788e-01
  -7.2712582e-02  -1.8741751e-01   1.8505853e-01   2.9687508e-01  -2.2553517e-01   1.6579839e-01  -7.9536033e-02
  -1.5028922e-01  -1.8797364e-01   2.7942052e-02   4.2714638e-02   3.6470413e-01  -3.8253731e-02   3.6959173e-02
   1.6272257e-01   3.1849515e-02  -1.2929142e-01  -6.4864077e-02  -5.2316385e-03  -2.1524089e-02   8.0220087e-02
   1.5358587e-02   1.3311462e-01   1.2056758e-01   4.3973232e-02  -1.7759911e-01  -2.4754976e-01  -5.1725871e-02
   1.7529452e-02   2.5754762e-01  -4.6743281e-02   2.9071241e-02  -2.9880670e-01  -3.2361885e-01   4.2148608e-02
