   1.9564818e-01
  -1.2420874e-01
  -2.9938463e-01
  -1.1900985e+00
   3.0380923e-01
  -5.2310096e-01
  -5.5403372e-02
  -1.5711316e-01
  -2.0505260e-01
   2.9221628e-02
   1.0703369e-01
  -6.6083630e-01
  -8.8081328e-02
  -8.6410785e-02
  -5.1682388e-01
   4.2312469e-02
  -3.5680024e-01
   2.7529111e-02
   6.4687925e-01
  -7.6206116e-02
   2.5096154e-01
   2.9721383e-01
   1.0266910e-01
   2.2504903e-01
   1.5216935e-01
  -2.6503611e-01
  -4.9077020e-02
   2.0409800e-01
   1.1083368e-01
   1.6727229e-01
  -1.0893954e-01
