  -3.8238013e-01  -4.5525516e-02   6.3373418e-01  -1.3771951e-01  -1.1788515e-01  -2.9192007e-01  -6.9669148e-02
   4.3892483e-02  -1.7950533e-01  -6.2589485e-02  -4.5935550e-01   2.9096119e-01   4.4081451e-02  -5.6274821e-02
  -8.7109383e-02   4.2808010e-01   3.3900261e-01   3.0995735e-01   6.2754703e-02   4.0946800e-01  -1.3317963e-01
  -1.9788373e-01  -1.0571647e-01  -4.0271227e-01  -2.0681350e-01  -2.0663416e-01  -9.3165934e-02   1.0059825e-01
   2.2550120e-02   1.4651726e-01  -8.6320895e-02   2.1452869e-01  -5.5933219e-02   2.3699896e-01  -9.0309580e-02
   1.1996265e-01   3.9413572e-02   8.1596785e-02  -1.6755941e-01   2.1884271e-01   3.6383515e-02  -1.4163625e-01
   1.0130226e-01  -8.0679304e-02  -2.8726562e-01  -5.2780136e-03  -1.0162006e-01   1.7363915e-01  -3.2047925e-02
  -1.3297827e-01   1.1082615e-01   2.1089124e-02  -7.4576761e-02  -8.5651741e-02  -1.0251544e-01   5.6715869e-02
   3.8155299e-02  -1.1151965e-01   2.7282287e-02   5.6852858e-02  -5.5585120e-02  -1.6970886e-01  -7.5839973e-02
  -3.7574529e-01   8.3644175e-02   4.1297794e-01   1.2961923e-01   2.2251593e-01   2.9419193e-01  -1.8574528e-01
   5.9750531e-01  -1.7239921e-01   1.9977830e-01   2.0525970e-01  -6.3169214e-02  -5.4903123e-01  -3.3236051e-01
  -2.1802266e-01  -7.7907005e-02   2.9461586e-01   3.7771605e-02   2.0115489e-01   3.8607792e-02  -1.2779314e-01
  -2.2782774e-01   2.4511011e-01   7.0326339e-02  -9.4016547e-02  -3.0553501e-01   7.0035067e-02   1.1501872e-01
  -1.0403285e+00   4.7444793e-01  -7.0334897e-01   1.9242291e-01   8.9200564e-01  -1.1304738e+00   3.0568049e-01
   1.6820027e-01  -8.2407373e-02   3.7842768e-01   3.2580812e-02   1.3986630e-01  -9.6330634e-02  -3.8540307e-02
  -6.4882910e-01  -2.1476708e-01   4.3013621e-01   8.3842208e-02   3.0429302e-03  -1.4244345e-01   1.0549824e-01
   1.7626708e-01  -2.3485904e-01  -4.5705802e-01  -1.6484490e-01   2.7355774e-01   2.2199165e-01   8.1155198e-03
  -5.6402542e-01   1.3867290e-01   3.0217885e-01  -1.1381090e-01   3.2760297e-01   1.6670011e-01   1.8157740e-01
  -3.5567967e-01   2.7833234e-01   2.0681028e-01   6.5385178e-02  -2.8848822e-01  -1.1123222e-01  -2.4387187e-02
   7.3458797e-01   6.1639889e-01  -3.7891238e-02  -1.3726764e+00   1.2555198e+00  -3.8767936e-01   6.9259628e-01
  -1.4761829e-01   2.2828706e-02   1.1709406e-01  -6.8581240e-02   1.1637053e-01   1.4083304e-01   1.4505251e-01
   2.6163485e-01  -1.1826571e-01   1.2096235e-01  -6.6468989e-01   2.7358787e-01   1.0822280e-01   3.1815460e-02
   2.9584109e-01  -4.6606973e-01   7.3991074e-01   4.0147528e-01  -2.1741445e-01  -1.8178105e-01  -3.4062415e-01
  -3.3758379e-01   2.1529200e-01   3.0741383e-01   4.6062982e-01   1.1178359e-01  -1.5222300e-01  -6.8686589e-01
  -3.0721089e-01  -2.4571501e-01   2.1270752e-01   4.4815381e-02   5.9609968e-02  -2.1851464e-01   1.2368731e-01
   6.6647276e-01  -1.1792478e+00  -7.6094992e-02  -3.4253409e-01   4.6813785e-02  -7.4876589e-01   3.7819857e-01
   2.0048282e-01   4.2776769e-01  -1.0754650e-01   1.4211536e-02  -8.7222758e-02   6.3327939e-02  -3.8842534e-02
  -6.1363652e-02   3.4488813e-02  -5.8618770e-01   1.2075573e-01  -1.8626012e-01  -1.9306249e-01  -6.0251653e-02
   1.0386448e-02  -2.0725642e-01   1.6651394e-01   1.7189151e-01  -8.5820119e-02  -8.7558176e-02   5.2550285e-03
   1.3001669e-01   3.3609753e-01   9.0671790e-02   4.7841242e-02  -6.9750503e-02   1.5995807e-01  -6.5434113e-02
  -4.4229332e-01   5.0858402e-01  -3.3336803e-02   4.1862105e-01  -3.0867361e-01   2.0096631e-01  -1.6338786e-01
  -5.4386607e-02  -2.3574336e-01   3.1493681e-02   7.4346231e-02  -1.6035148e-01   1.7994334e-02  -3.3155890e-02
   3.0508583e-01   2.2605483e-03   9.9775448e-01   2.0442771e-01  -2.6254334e-01  -1.9215606e-01  -6.7288935e-02
  -1.8147548e-01  -4.4319210e-01  -2.4436746e-01   3.9800495e-02  -1.6665128e-01  -2.4033979e-01   1.0455603e-01
  -4.1235158e-02  -1.9764814e-02   1.0827175e-01  -7.4318028e-02   2.0813291e-01  -2.1249993e-01  -1.2291386e-02
  -4.6567842e-02  -5.1275896e-02   4.6260225e-03   2.8356100e-01  -2.0147290e-01  -3.3172881e-01  -8.4347797e-02
   1.3167367e-02  -3.4594701e-01  -2.1374020e-01  -2.1939559e-01   1.6141994e-01   1.3560125e-01   3.2938139e-02
  -1.6288874e-01  -2.7635447e-01  -1.9036519e-01  -1.2556421e-01  -4.8608653e-03  -6.0269701e-02   4.7120196e-02
   2.7822702e-01   3.4328477e-02   7.6468453e-02  -1.1151189e-01  -2.1419662e-01  -1.8135474e-01   1.5720390e-01
   3.6981697e-02   3.6517131e-01   2.3505629e-01  -6.6912287e-02   3.9409929e-03   5.8805230e-03   1.6603733e-02
   3.6534683e-01  -1.7495343e-01   2.0220481e-01  -7.8202784e-02  -7.2857005e-02   5.1587473e-03   3.7656481e-01
   6.2155671e-02   2.6453672e-01   8.4526156e-02   4.9361874e-01   6.6986413e-02   4.2701937e-01  -5.7841353e-03
  -3.3271982e-01   6.3971161e-01  -2.6384550e-01  -1.1764299e-01   1.7325587e-02  -7.0039528e-03   3.1568695e-01
