   1.3630691e-01   8.6389236e-02  -8.0856955e-02   1.9147491e-03   2.1538126e-01   9.8931877e-02   1.1732550e-01   7.9054039e-02  -2.6256002e-02   1.9617726e-01   1.2972521e-01   4.7443352e-02   1.2186110e-01  -5.6580238e-03   1.7429497e-02   7.2346782e-02  -9.2644450e-03  -1.6778470e-01  -1.4498806e-02   1.8442741e-01  -1.4380626e-01   2.2135308e-01   9.4503522e-03   2.7884077e-02   5.5578988e-02  -3.4277195e-01  -7.9706046e-02
  -7.2523377e-02  -1.5968425e-01   2.2580297e-01  -1.9672497e-01   1.8768247e-01  -2.3963049e-01  -1.2549348e-01  -1.8691663e-01   1.4833723e-01  -3.0690735e-02  -7.3682971e-01   1.7724855e-01  -1.0756998e-01  -5.5356126e-01  -1.0795966e+00  -1.0471305e-01   3.8490115e-02  -6.5845852e-01   1.8924764e-01  -1.0539279e+00   4.2721586e-01   3.8497927e-01  -3.2347129e-01  -1.7953769e-01  -8.3536411e-01   1.0814656e-01   6.4329193e-01
  -1.1512891e-02   9.2076230e-02  -1.9772459e-02  -2.6447567e-02   2.2027538e-02   1.4832476e-01  -6.3049055e-02   5.8657965e-02   1.0634424e-02   6.3272993e-02   4.0414291e-02  -1.0440012e-01   1.7256421e-02   2.2725156e-02   3.4731655e-02   8.8043436e-02   4.8976381e-03   3.7435861e-02   1.2105271e-01  -1.5427093e-02   3.5855597e-02  -7.5518320e-03   7.3486884e-03   7.7691719e-02  -1.2340688e-01  -2.8081177e-02   1.6043213e-01
  -3.5597418e-01  -2.0533608e-01   1.2322410e-01   1.9311803e-01  -8.2087760e-01  -5.8256756e-01  -1.8065158e-01  -1.6579104e-01  -1.9207877e-02  -3.1555560e-01   2.1147284e-01  -5.3023976e-03   1.7688076e-01   3.4146080e-01  -1.5164417e-01  -4.3140646e-01   1.1753149e-02   2.9489574e-01  -8.7144340e-02  -6.1505546e-01  -1.7190052e-01  -4.2110068e-01   3.4635606e-01  -2.9088490e-02   1.2730218e-01   2.7543364e-01  -3.2579384e-01
  -5.6570895e-03   4.3779820e-03  -4.0775011e-02  -3.7570860e-02  -5.4803275e-03  -5.5239619e-02   7.1452224e-04  -9.2774287e-02   1.9200077e-02  -1.4958154e-02  -9.3498085e-02   7.5535591e-02  -4.2608067e-02  -1.5071018e-01   1.7207249e-02  -6.1426651e-02   1.7828917e-02  -3.4176349e-02   2.6293646e-04  -5.7672412e-02   3.5790842e-02   1.2839598e-01  -4.0067462e-04  -4.0356921e-02  -2.2183508e-02   5.2214149e-02  -3.5763355e-02
  -1.0170613e-02  -9.9926381e-02   6.5645216e-02  -5.0655136e-02  -3.7270557e-02   5.5922288e-02  -8.1386983e-03  -3.4928393e-02   4.9999153e-02   1.7179886e-02  -8.9803139e-02   5.8850805e-02  -1.7368688e-01  -5.1067387e-02   4.5385058e-02   1.6908902e-02  -3.7581179e-02  -1.4181981e-01   8.1275994e-03  -7.5094104e-02   4.4866868e-02  -1.0804087e-01  -3.5113065e-02  -2.1629708e-02  -8.6326254e-02   1.7764085e-01   3.3201856e-01
   7.1172986e-02  -1.2796584e-01  -1.2678922e-01   3.0966024e-02   2.6133573e-01   2.9237331e-02  -9.2354034e-02  -1.6190162e-01   9.8140111e-02   4.9995207e-02   3.5159445e-01  -2.7607719e-02  -9.0940216e-02   7.0732961e-02   3.7925654e-01   1.0494831e-01  -5.0050045e-03  -2.4059348e-01   1.8215882e-01   5.7612695e-02  -1.7427678e-01  -9.8503015e-02   1.3776000e-01   4.5799798e-02   1.1688319e-01  -8.5962499e-03   7.5996297e-02
  -4.1395009e-01  -2.5798059e-01   5.5793722e-01  -1.5702791e-01  -1.1780076e+00  -2.2523618e-01   2.1454489e-01  -5.2165701e-01   1.9174602e-01  -2.9625618e-02  -4.2710752e-01   8.4175819e-02   1.0737143e-01   9.9765362e-02  -4.3369025e-02  -2.8466758e-01  -1.0234012e-01   1.6407087e-01  -1.4221581e-01  -7.4299331e-03  -2.5671322e-01   7.6343673e-03   1.0449639e-01  -1.9868235e-01  -5.2258046e-01   6.2688086e-02   2.9011797e-01
   9.2828020e-02   1.7608013e-01  -2.9447392e-02  -1.4285666e-01  -4.3901431e-01  -2.0386786e-01   8.0174747e-02   1.5042226e-01  -2.9755438e-03   7.5092710e-02  -5.3384280e-02   7.1426610e-02   2.6718633e-02   2.9587800e-01   3.5305545e-01  -6.5503114e-01   1.7308836e-03  -1.9018726e-02   1.0703742e-01   4.2646585e-01   1.7081702e-01   1.0452227e-01   1.3296622e-01   3.2587761e-02  -1.3574790e-01  -3.0846679e-01  -3.1013849e-01
  -1.3344746e-01  -1.3835194e-01   2.3543685e-01  -1.6785736e-01   2.4947327e-01   1.7946211e-02   1.1988511e-01  -1.3360316e-01   1.0108136e-01  -1.2974167e-04  -2.8449033e-01   1.6874118e-01   2.7544393e-01  -1.4713686e-01   3.3878646e-01  -2.0871396e-01  -1.2923619e-01  -1.2515531e-01  -1.5014239e-01  -3.0891937e-02  -1.9842923e-01   2.9063874e-02  -3.3614250e-01  -7.9382662e-02  -2.3064802e-01  -4.3391320e-01   1.0885426e-01
  -1.6491155e-02   3.3915279e-01   5.4599324e-01   2.8207317e-02   6.3544666e-01   5.3420140e-01  -1.4030373e-01  -1.3488326e-02   3.2037997e-01  -1.3157895e-01   4.8459973e-01   1.2083813e-01  -1.7346515e-01  -3.2490539e-01  -7.0633814e-01  -3.6057145e-01  -3.5427197e-02  -2.8517204e-01   2.8920355e-01   3.1997553e-01   4.0315931e-01   4.1036890e-01   1.5565381e-01   7.1794714e-02   6.4721203e-02  -5.8494797e-02   2.4328069e-01
   1.3502882e-01   1.1253169e-01  -9.5472904e-02   1.2552518e-01  -1.5259850e-01  -2.7518436e-02   3.2233466e-03   6.2389644e-02  -5.2237977e-02  -3.4654980e-02  -3.3296884e-01  -8.7555981e-02  -1.3622498e-01   9.3372264e-02  -6.3521875e-01   2.3366462e-03   9.2313942e-02   4.9899359e-01  -2.1548647e-02   1.2317711e-01   2.6408952e-01   1.3106010e-01   1.6681765e-01   5.1993006e-02   1.9004196e-01   2.5400234e-01   4.5834565e-02
   3.0718751e-04  -3.4335645e-02   3.2658721e-02  -3.7220939e-02   4.3586924e-02  -1.7363811e-02   2.9284197e-02  -3.1844134e-02   2.9220266e-02   1.7911949e-02  -4.9479290e-02   4.1712437e-02  -2.6388809e-02  -7.0237985e-02  -4.4161267e-02   3.6911937e-03   8.7167700e-03  -4.0514877e-02  -1.0250489e-02  -8.9615311e-03  -9.6697972e-03   4.7153911e-02  -3.2579319e-02  -4.0588602e-02  -1.1660921e-02   3.3887282e-02  -7.0448732e-03
  -2.6160620e-02  -1.1437069e-02   2.8948491e-02  -4.8736912e-02   2.2143065e-02   2.5878983e-02   2.1174097e-02  -2.9940517e-02   4.7779995e-02   3.5312307e-02  -5.3009546e-02   1.1310643e-02  -4.8740886e-02  -1.2295039e-01   8.9367045e-03   3.5495755e-03  -6.8390928e-03  -7.7989443e-03   2.1359158e-02   3.2483704e-03   6.5393256e-03   7.8499164e-02  -2.9034205e-02  -2.5238840e-02  -8.8499984e-02   1.5850081e-02   1.0243107e-01
   2.5918166e-02  -1.0488870e-03   3.8201252e-03   7.4211217e-02  -1.9128528e-02   1.5728404e-02  -3.0115456e-02   7.4227695e-02  -5.0655302e-02  -2.5188542e-02   4.2994072e-02  -5.8740935e-02   3.8177418e-02   1.8633956e-01  -2.3709825e-02   3.4031953e-02  -2.0709217e-03   3.5185367e-02  -7.6461118e-03   1.2790617e-02  -2.1376949e-02  -1.4366580e-01   1.2605197e-02   4.6517967e-02   8.8493654e-02   3.8422916e-04  -2.9040284e-02
   5.4752231e-01  -2.9023312e-01   1.9066095e-01   2.6333956e-01   1.4807316e-01  -4.2975282e-01   4.7299325e-01   7.8833087e-02  -8.1789710e-02   1.1417648e-03   3.4876133e-01   1.6070461e-01  -3.1034378e-01   4.1927832e-02  -4.4701300e-01  -7.5206724e-02   2.2280505e-02   2.7135584e-01  -8.4082033e-02   4.1040178e-01   1.6922388e-01   2.7903328e-01   1.0091428e-01   7.1667706e-02  -4.5189741e-02   8.5349548e-01  -2.6589984e-02
   1.0072799e-01  -4.6770986e-02   8.1452592e-02   1.5068296e-03   6.2921780e-01   4.7287145e-02   1.0621844e-01   1.2788236e-01  -2.4578508e-02  -5.7049072e-02  -1.0538797e-01   7.9860917e-02   6.7225142e-02  -1.8560308e-01  -6.0421203e-02   7.4604451e-02  -5.3789964e-02  -1.5221725e-01  -1.2671234e-01  -2.8224215e-02   2.3292208e-02   5.1562282e-02  -2.3585620e-01   1.5598404e-02   3.1956637e-02   1.2998790e-01   1.1060344e-01
   5.9863688e-02  -4.9089417e-03  -2.1789667e-03  -6.8997935e-03   1.3676372e-01   1.1868623e-01   2.9693395e-02   1.3797875e-01  -3.6529339e-02   8.3438268e-02   8.2784883e-02  -1.2343521e-01  -8.5944269e-03   7.8407021e-02  -3.6109347e-02   2.0017871e-01  -3.8610321e-02   3.8879808e-02  -3.9462455e-02   5.7899249e-02  -3.3382152e-04  -5.0411257e-02  -7.6313928e-02   3.2001240e-02  -2.1702857e-02   2.9767649e-02   9.3320963e-02
  -3.2771194e-02  -1.9543222e-01   4.2849190e-01   2.3292083e-01   2.4872959e-01   3.4719558e-01  -1.1316953e-01   8.5381923e-02   2.2136689e-01  -3.4322392e-01  -1.6720431e-01   1.5523003e-01  -3.4597459e-01  -4.1791477e-01   9.1184354e-02   1.5109936e-01  -2.3346977e-01  -3.5138527e-01   1.3532780e-01  -5.1241059e-02  -1.4555558e-01  -3.1634894e-02  -4.3564827e-01   7.9613823e-02  -6.2206988e-02   4.1687342e-01   1.2100949e+00
