   2.5018272e-02  -6.1958983e-02  -1.0694103e-01  -3.6164336e-01   2.5522149e-01   1.2847071e-01   6.0375858e-02  -1.4630512e-01   1.4991873e-01  -9.0347965e-03  -2.1220379e-01   3.4062086e-01   3.1781409e-01   1.6772229e-01   2.9144123e-01  -3.4466236e-01  -4.9900168e-02  -1.9673798e-01   2.8661725e-01   3.5243591e-01  -2.5080519e-01  -3.1067641e-01  -4.5502731e-01  -3.2739155e-01   3.4925075e-01
  -1.2671347e-01   1.5057729e-01  -2.5166044e-01  -1.0540218e-01  -1.4126433e-01   3.2243067e-01   1.4945954e-01   5.0781606e-01   7.1698159e-01  -4.1810120e-01  -4.9092981e-01  -9.9131341e-02  -4.0426988e-01   5.8023250e-02   2.4323434e-01  -5.5982736e-02   2.3405879e-01   2.9137477e-02   9.6576387e-03  -7.7738002e-02  -1.6126525e-01  -8.6609401e-02  -1.2660149e-01   8.3090929e-01   6.6119188e-02
   2.6767076e-01   1.1710339e-01  -2.5677834e-01  -4.3042399e-01  -1.8095040e-01   1.1461068e-01  -1.1897304e-02   1.3943504e-01   3.5767513e-01   3.8715420e-01  -3.5098054e-01  -2.7599774e-01  -4.3927981e-01   5.1020823e-01  -1.8279811e-01   1.5975416e-01  -8.3313709e-02   4.9749524e-02   3.8220787e-01   6.1247977e-01  -2.5903167e-02   1.2758401e-01  -3.5116515e-01  -4.8487091e-01  -3.7132852e-02
   1.6323138e-02  -1.8698732e-03  -1.1946574e-02   1.6407125e-02   1.8280882e-03   3.5429975e-03   2.6146410e-03  -3.7539014e-02   8.7936476e-03  -2.8666908e-03   2.8321642e-02  -6.0893073e-02   1.0058194e-02  -3.2233985e-02  -4.6403496e-02   1.3593096e-02  -4.0145342e-02   3.7974180e-03  -2.7226432e-02   3.8930567e-02  -8.2919835e-03   3.7300848e-02  -3.6191318e-03  -1.3002931e-02  -3.1337861e-02
  -1.2461150e-02   1.5027598e-02   4.7083544e-04  -1.7332749e-02  -3.0620989e-02  -1.9977381e-03   1.2881924e-02   3.5874068e-02   3.3456374e-02  -1.7337818e-02  -2.1638183e-02   3.0054104e-02  -2.5536879e-02   6.2040395e-02   2.1656130e-02   2.1424548e-03   2.1279710e-02  -2.4110912e-03  -4.5574437e-03  -1.2214963e-02  -2.3631728e-02  -4.6236689e-02   2.1331316e-02   4.0935363e-03   3.1140698e-02
  -1.2635703e-02   1.4136674e-02   2.2675078e-02  -3.1427292e-02  -7.8941877e-02  -2.5421729e-02  -1.0755724e-03   5.8198934e-02   3.1972664e-02  -2.7817061e-02  -2.7314032e-02   7.9675119e-02  -4.8374995e-02   1.4523390e-01   1.3522464e-03   1.7079739e-02   2.7528506e-02   4.3920129e-02  -1.1382721e-02  -4.8941241e-02  -6.2185704e-02  -8.0472018e-02   4.5431830e-02   6.5537561e-03   4.1379607e-02
  -3.3890026e-02  -2.1446796e-03  -1.2829588e-02   1.1056020e-01   1.1346534e-01  -1.7096674e-02   1.4998135e-02  -7.4339765e-02   5.8995969e-02   8.8537440e-02   5.0584026e-02  -7.4432770e-02   1.0683578e-01  -1.6770096e-01   1.8331855e-02  -6.5116873e-02  -4.7334870e-02  -7.4261786e-02   5.0856405e-02   6.4462666e-02  -2.8404580e-02  -3.2950505e-02  -2.2482742e-02  -9.3372063e-02   1.6951437e-02
  -5.5450993e-02   3.2783953e-02   1.3495710e-03   4.2815488e-02   5.8883751e-02   4.8264808e-03   6.6408580e-03  -4.7528376e-02  -3.9328583e-02   1.0748367e-01  -4.1539813e-02   1.1498503e-01  -2.6681785e-02   3.8452108e-02  -1.0275507e-01   4.2621756e-02   1.7149579e-02   9.4471891e-02  -3.4940754e-02   1.6297404e-02   1.1694444e-01  -4.7976507e-02  -2.2633783e-03   3.0542649e-02  -1.4378481e-02
   2.0140265e-03  -3.3135427e-03   2.9932468e-03   6.8123354e-03   1.7668783e-02   5.0755644e-03  -1.1530989e-03  -1.3664839e-02  -1.8611243e-02   1.4869976e-02   7.8542011e-03  -2.4935672e-02   2.0158616e-02  -2.9614398e-02  -1.3260003e-02   5.4630250e-04  -1.1953370e-02  -1.1887381e-02  -3.7916293e-05   9.5505697e-03   7.1818270e-03   2.1599617e-02  -6.1181030e-03  -7.7386989e-03  -1.4766610e-02
  -4.8411638e-02  -3.8462991e-02   1.6254670e-02  -1.4412871e-02   5.1200131e-04  -1.1432812e-02  -2.3963745e-02   1.6723672e-02  -3.9323573e-02  -1.6743933e-02  -6.0537048e-03   3.8547818e-02   4.0207238e-02   1.9461606e-02   6.1413670e-02  -1.4455950e-02   3.0749796e-02  -4.8907812e-02   7.7180584e-02  -9.5487046e-02   9.3657441e-03   9.0165128e-03  -2.6109315e-02   1.5184142e-02   2.2166951e-02
   1.9572048e-01   1.2238656e-01  -5.6147561e-01   1.5406633e-01   2.4437212e-01   4.4017280e-02   3.5680534e-03  -3.8007525e-02   1.3828771e-01   4.9033736e-01  -2.6009958e-01  -1.7302245e-01  -1.0473728e-01   8.0262956e-02   1.9815215e-01   8.2880474e-02  -3.2059208e-01  -1.2246215e-01   3.0842311e-01   4.4094498e-01   3.2404455e-01   3.1882827e-01  -2.5362335e-01  -1.6322442e-01   9.9171303e-02
   6.6004547e-02   5.7378154e-02  -9.8342478e-02   1.3251338e-01  -7.5294698e-03   1.6690030e-01   4.8327024e-02   4.6887554e-01   1.5797501e-01   3.8235249e-01  -1.5305227e-03  -2.1002720e-01  -2.8757333e-01  -2.3495648e-01  -1.2139441e-01   1.1349323e-02  -3.6230754e-01   8.9365543e-02   2.0280040e-01  -1.2389756e-03  -1.9992597e-01   8.4317410e-02  -1.1704184e-01  -7.6225934e-01  -9.2358075e-02
   1.4693876e-01   1.3060538e-01   5.3781179e-02   1.5921451e-01   2.4012772e-01   8.4610719e-02   1.6918260e-01  -7.6154588e-02  -1.1682777e-01   2.5949575e-02  -9.9287717e-02   8.1602063e-02  -1.0314464e-02  -3.3938189e-01  -1.9355936e-02  -2.0586635e-01   2.6043527e-01  -6.7657756e-02  -2.0528826e-01   4.1078770e-01   2.4053076e-01  -8.7488879e-02   1.6463365e-01   5.5464241e-02   3.4269873e-01
  -1.9306405e-02  -7.7914670e-02   1.6081748e-01  -2.1131888e-01  -2.2280691e-01  -1.1310076e-01  -1.5887168e-01  -8.5660238e-02  -4.7970254e-01   6.8899515e-02  -3.0061365e-02   1.4564696e-01  -2.2440495e-01   2.3456921e-01  -2.2087930e-01   1.0618084e-01  -4.3963289e-01   3.9787868e-01   2.3331145e-01  -1.0210359e-01  -9.1001701e-02  -2.7161781e-02  -2.0162604e-01  -1.2252034e-01   3.3861628e-02
   1.4188036e-01  -4.9958855e-02  -2.1753029e-02  -8.6721085e-02   6.1281522e-02   9.2817303e-02   5.1026137e-02   7.3515666e-02  -3.4066468e-01   1.3011552e-01  -2.8225575e-01   1.0365743e-03   2.4874235e-01   1.9453776e-01  -1.1386177e-01  -2.2554565e-01   3.8461655e-01  -2.9679054e-01   2.0219037e-02   2.8970538e-02   2.0093588e-01  -9.8247338e-02  -2.0497688e-01   6.1156466e-03   8.2385864e-02
  -2.5206302e-01   6.7730965e-02   3.4508756e-01   6.3831514e-02   1.4120235e-01  -1.2335070e-01   1.1880280e-01  -2.4766748e-01  -1.3239119e-01  -1.2723272e-01   5.1331319e-01   3.5392776e-01   1.6155783e-01  -2.6845956e-01   3.2183562e-01  -3.8862731e-01  -6.0229599e-01   1.1748565e-01  -4.3690142e-02  -7.1491237e-02   3.5058763e-01  -4.9553645e-01   2.5558426e-01   2.8265778e-01   2.3744108e-01
   6.0686389e-02  -6.5605899e-02  -1.6224108e-01  -1.4445211e-01  -4.3324562e-02   1.4604825e-01   1.9010819e-01   1.2821645e-01   2.1660821e-01   7.9976587e-02  -3.7920321e-01  -2.4899778e-01  -1.7558099e-01   1.0987838e-01  -7.4236503e-01  -2.5496206e-01  -9.1839471e-02   1.2635122e-01   5.3065036e-01  -7.8958494e-02  -2.7301943e-01   1.2490506e-01  -3.2020913e-01   1.1552534e-01   1.1607901e-01
   6.8287015e-03   3.1767759e-02  -8.9599096e-03  -3.3915417e-02  -1.0266759e-01  -5.1477789e-03   2.3993572e-02   1.0585770e-01   1.0592551e-01   2.9968554e-02  -6.4134358e-02   7.4203526e-02  -6.7530255e-02   1.9588091e-01  -3.9699834e-02   2.7928174e-02  -3.6732710e-03   3.0592879e-02  -1.4214367e-02   1.5022718e-02  -1.4066654e-01  -1.3498168e-01   3.0056176e-02  -1.1209641e-01   3.0425504e-02
   1.0468305e-01  -7.5023198e-02  -1.2277147e-01   1.8799370e-02   9.7017042e-02  -3.5262349e-03  -7.3471879e-02  -7.5763188e-02  -2.8436197e-02  -5.8241979e-02   1.0967749e-01  -5.9806477e-02  -6.9216346e-02  -1.3409112e-01   6.5688873e-02  -6.1593445e-02  -1.2513409e-01   2.4176339e-02   6.9772239e-02   7.6908932e-03   1.2771350e-01   1.7123363e-01  -9.6839034e-02   3.0607342e-02  -6.8373462e-02
  -9.8185466e-03  -1.0297497e-03  -5.0733746e-02  -2.6793861e-02  -1.5292888e-02  -5.1735885e-02  -3.1521579e-02   1.7091801e-01   8.0647228e-02   3.3373073e-02  -1.0770109e-01   6.6232654e-02  -1.2555289e-01   1.4849371e-01   1.5187760e-01   1.4986933e-02  -5.8505453e-03  -6.0588176e-02   1.1035888e-01  -4.7444872e-03  -7.8527446e-02  -1.0760012e-01  -6.1559020e-02  -5.7755879e-02   3.4664634e-02
   3.6109336e-02   1.6258589e-02   4.5214612e-02   1.9534519e-02   3.1645286e-02  -1.3186878e-02  -4.1873060e-04  -3.7145473e-02  -9.1537089e-02   5.4900470e-02   1.2067323e-02   6.4870010e-02   2.7369098e-02  -5.4667059e-02   4.4283241e-02   2.3308232e-02   6.7690626e-02  -3.6349131e-02   7.8854621e-03  -1.4072909e-02   6.5189312e-02   4.8870864e-02   9.3819212e-03   2.5069220e-02  -4.7566089e-03
