  -2.5172921e-01
  -5.0567560e-03
  -9.7992066e-02
  -2.7606876e-01
  -1.5128524e-01
   8.3290790e-01
  -8.3056580e-01
   1.3755076e+00
  -4.3788391e-01
   5.9407112e-01
   3.0521360e-02
   1.3551056e-01
  -6.2646481e-01
  -1.0546966e-01
  -1.1657663e-02
  -5.8988106e-03
  -1.6530279e-01
  -1.0744906e-01
  -1.3299072e-01
  -5.4085938e-01
  -2.9459358e-01
   1.7094815e-02
  -9.5324377e-03
  -2.6111953e-01
  -6.9141104e-01
  -1.4910232e-02
   2.5074011e-01
   1.2321668e-01
  -3.8284925e-01
   7.5042540e-01
   6.0362827e-01
  -1.5741170e-01
  -2.8756216e-01
  -3.4916166e-01
