   2.3161291e-01
  -6.8052861e-01
   1.3600493e-01
  -1.8489942e-01
   2.1650505e-01
   1.9395052e-01
   1.1684878e-01
   1.9284150e-01
   1.6098083e-02
   1.7463549e-01
   7.5966991e-02
   6.5131582e-02
  -3.1255248e-01
  -8.8879776e-02
   1.3644280e-01
  -5.6439814e-02
  -3.5377608e-04
  -8.2751277e-02
  -1.9284071e-01
   6.4048311e-02
   9.8332217e-02
   2.8865182e-01
  -4.6143618e-01
  -2.6666000e-01
  -2.9129229e-01
   1.2584942e-01
   1.0025139e-02
   6.3122111e-02
  -1.0919408e-01
  -1.1558928e+00
   1.4917462e-02
   3.1632737e-01
  -9.3543411e-02
   7.8667713e-01
   2.1531001e-01
   1.7575944e-01
  -9.3906834e-02
  -1.0935263e-01
   4.6823572e-01
  -5.6610633e-02
