  -1.5174637e-01   3.7062215e-02   4.6302505e-02  -1.5343924e-01   4.9861843e-03  -4.2862262e-02  -2.1634198e-01
   1.6384408e-01   1.7989341e-03   4.1979526e-01   1.3339074e-01  -4.6197676e-02  -4.0247230e-02   7.9024105e-01
  -8.0042304e-02   5.1236540e-02  -9.5385188e-02   9.8281300e-02  -2.2175790e-01  -2.5420194e-02   2.4746588e-02
   1.6090011e-01  -2.3941995e-01   9.3592763e-02   3.0124162e-02  -5.7203851e-02   3.3211998e-03   9.1814341e-02
  -1.8683658e-01   1.0612098e-01   1.9496742e-01  -1.9367050e-03   7.2600619e-02  -7.6500009e-03   5.0996038e-02
   1.3938443e-01  -8.7640379e-03   1.5647773e-01   9.2308827e-02   2.0866322e-01  -4.2415755e-02  -1.0415697e-01
   2.0218261e-01  -1.8852639e-01   2.1932996e-01  -6.6601486e-02   1.1030434e-01   3.0128117e-01  -1.5057817e-01
   1.8663416e-01  -3.1359061e-01   8.4691933e-02   8.1323031e-02   2.2779393e-01  -4.0330394e-02  -2.0842560e-01
  -3.8001917e-01  -1.6070595e-03   3.9956100e-01   3.9362273e-02   2.2702555e-01   9.5072543e-02  -9.8045612e-01
   2.5352466e-01  -3.3504775e-01   1.3146775e-01  -1.1615134e-01   1.3668513e-02  -5.1912851e-01   2.1875060e-02
  -1.4560732e-01  -5.3550839e-02   3.0998015e-01  -1.5109947e-01  -9.6971784e-02  -6.5025516e-02  -8.3784528e-02
   1.2988307e-01  -2.8205386e-01   2.3081814e-01  -1.1047466e-01   7.2003054e-02   2.4183241e-01  -8.6703883e-02
  -9.6165044e-02   2.1894248e-01  -3.3195096e-01   1.0620817e+00  -3.2886670e-03  -3.7016762e-01   3.5817167e-01
   2.9482465e-01  -1.8734453e-01  -8.4139145e-02   1.1927791e-02  -7.9070363e-02  -1.1157972e-01   1.5442316e-01
  -5.8811381e-02   2.4687041e-01  -4.0502783e-02   1.0382013e+00   2.5575515e-01   5.7859240e-01  -1.1614980e-01
  -1.0013048e-01   1.6069633e-01  -1.3853209e-02   1.0984774e-01   1.3089917e-02   9.4634204e-02   1.3598687e-01
  -1.0280558e-01   1.2916194e-01   1.4817053e-01  -4.7290912e-02  -6.3005742e-02   3.3625910e-02   1.5237073e-01
  -1.2236828e-01   2.2497563e-01  -2.0485999e-01   2.0707861e-01   2.6923870e-01  -2.5549447e-01   7.9239407e-02
   2.3178101e-01  -2.4881827e-01  -1.3483701e-01   1.3992431e-01  -2.8097923e-02   7.9435728e-02  -1.9501100e-01
   3.4717273e-02  -9.4307152e-02   2.1592354e-02   1.1895438e-01   7.8508178e-02  -1.4938665e-02  -1.7245662e-01
   1.8316384e-01  -1.0165035e-01  -1.4665432e-01   1.9636709e-01   1.0124845e-01  -1.6494709e-02  -2.4127942e-01
  -3.5294191e-01   5.1798854e-01   1.0974612e-01   3.0882457e-01   1.6658260e-01   1.8787137e-01  -8.9696210e-02
  -2.4756834e-01   2.3496033e-02  -1.8093661e-01  -1.3828282e-01   1.9139383e-03   2.9267993e-01   6.1745904e-02
  -5.8752235e-02   1.0633453e-01   1.5116909e-01  -8.3320671e-02  -9.7273801e-02   1.1167177e-01   2.8316716e-01
   1.7866724e-01  -3.6354697e-01  -2.1578454e-02   2.2358519e-02  -1.7020764e-01  -1.1670687e-01   2.5987118e-02
   1.4616351e-01  -1.7647922e-01   1.8691997e-04  -8.2070538e-02   2.7777918e-02   9.5295666e-03   3.7035372e-02
   5.7140089e-02  -7.0506002e-02  -1.1219026e-01   9.9483745e-02  -1.7891040e-02  -2.3467150e-01   1.7163102e-01
  -1.1627732e-01   1.2650075e-01   1.3065978e-01  -2.1645764e-01  -1.0398576e-02   3.2953453e-01  -1.7408236e-01
  -9.5279361e-02   8.7926541e-01   1.9297398e-02   5.7809273e-01   8.9551580e-01  -2.3378687e-01  -1.4352372e-01
  -2.3054669e-01  -3.7263886e-01   5.2899343e-01   1.9000931e-02  -4.2404306e-02   1.5187466e-01   1.4280476e+00
   1.4508915e-01  -1.2124879e-01  -1.7175892e-01   8.4453095e-02   2.8173470e-02  -1.5335257e-01   1.6494334e-01
  -1.0456318e-01   3.5802618e-02   2.2121618e-01  -3.7595365e-01   2.8310858e-02   2.3947285e-01  -3.8560878e-01
  -2.0891231e-01   2.5570662e-01   4.6430990e-02  -2.1447105e-01   2.1673215e-03   1.9770116e-01  -7.5435447e-03
  -2.0605943e-01  -1.3111408e-01  -5.5250332e-01   2.8074541e-02   4.0789228e-01  -6.7213418e-02  -9.1060153e-01
   4.5062770e-02  -2.0258143e-01   1.0964737e-01  -1.1218666e-01   1.4579895e-01  -1.4563064e-01   1.9040642e-01
  -1.2560250e-01  -2.7225684e-01  -1.6793879e-01   8.4071590e-01  -5.3302838e-01   3.2238547e-01  -7.5223977e-02
  -8.4457380e-02   3.5538940e-02   1.6204847e-01  -9.8983257e-02  -2.0125573e-02   1.1184048e-01   1.0209471e-01
   7.2858518e-02   7.3228891e-02  -5.1568354e-02   2.0580255e-01   5.3055535e-02  -7.3950179e-02   1.2193320e-01
  -1.2990593e-02  -2.4056272e-02   2.6311991e-01  -2.0072884e-01  -8.7288855e-02   5.1739053e-02   1.6148752e-01
   7.4564996e-03  -4.4970049e-02  -3.5001649e-03   1.9508051e-01  -8.6989467e-02   1.5450570e-01   2.3550558e-01
