  -5.4908636e-02
  -1.0627051e-01
   1.9622023e-01
  -1.1399313e-01
  -6.4749372e-02
  -5.3312337e-02
  -1.0544400e-02
  -1.8992146e-01
   1.5445492e-01
   4.3932960e-02
   3.2615873e-01
  -3.2414930e-02
   2.6838422e-01
   3.9961989e-02
  -1.5368403e-01
   7.4980810e-02
   1.3708040e-01
  -9.2667339e-02
  -2.2855908e-01
  -3.1843709e-01
   2.0020613e-02
   8.1441514e-04
   3.3616589e-01
   2.0997213e-02
   2.0454687e-03
   3.9789904e-02
  -5.0904881e-01
  -1.8994030e-02
  -7.4091152e-01
  -6.6860814e-03
  -5.5068698e-02
   2.6688284e-01
   2.7971373e-02
   1.0657638e-01
   8.9797978e-03
  -9.8589670e-02
