   7.3541158e-02   8.9024706e-02   1.7304234e-01  -1.1944091e-01  -4.3878928e-02  -1.5026814e-01  -7.1031294e-02  -5.5425570e-02   1.5453027e-01   3.5370126e-02  -3.4019706e-01   1.4820195e-01   2.4310856e-01   1.3796595e-01  -4.6797169e-02   4.6357505e-02   1.0486533e-01   1.5283272e-02  -2.4504950e-01   3.8075225e-02   1.9539887e-02   9.5625436e-02  -1.7631073e-01   1.6497333e-01  -3.5253925e-02  -1.0624454e-01  -1.3517502e-01   1.5374946e-01  -1.7154810e-01  -1.3983359e-01   2.4115963e-01  -1.0981802e-01   1.9556993e-01   2.3158211e-01   1.2905029e-01  -2.4523102e-01  -2.0656571e-01
  -3.1346861e-02  -1.8672754e-02  -2.3778395e-02   3.0137698e-02  -2.7932014e-02  -1.9039235e-02   1.5566115e-02   8.2819430e-02  -1.1328420e-01   3.2115839e-02   4.0877223e-02  -7.4733220e-02  -1.0444408e-01  -1.0744811e-01  -1.3716442e-01   1.0898266e-01   2.7774098e-02   1.2728479e-02  -2.0031451e-02   1.1509333e-01   8.8369119e-03   8.0617691e-02   1.2155780e-01  -2.2166167e-02   1.0553063e-01   6.9983333e-02   2.0994939e-02  -4.2917654e-02  -3.4019445e-02   9.6289258e-04  -1.5769432e-01   7.1468166e-02   9.4132573e-02  -3.2608954e-02   1.5321362e-01   1.0657974e-01  -4.3321315e-02
   1.0368911e-01  -3.2450564e-02  -2.1249053e-01   4.4322629e-02  -1.7208795e-01  -6.5194090e-02   1.9733338e-01   1.7831423e-01  -1.0674081e-01   9.9580376e-02   1.5113822e-01  -2.6003375e-03  -6.9265191e-02   7.5216952e-02  -1.4531814e-01  -9.7584985e-02  -1.6900114e-01  -6.3068180e-02  -1.4765360e-01  -1.7541397e-01   2.2009514e-01  -5.9138964e-03   1.9110880e-01   1.3667968e-01   1.3878194e-02   2.7933536e-01  -1.0446658e-01  -1.4062758e-02  -1.4960124e-01  -8.7599895e-02  -4.9197991e-02  -3.4666015e-02   1.6220185e-01  -1.5549133e-02   1.5493560e-01   4.3664146e-02   4.4865223e-02
   2.5032712e-01  -3.8137292e-01   3.0475808e-01  -4.7314585e-02   3.7758668e-01  -4.1012948e-01  -7.1362184e-01  -2.6415049e-01   3.2768039e-01   1.8569645e-01  -6.4576420e-01   2.0623154e-01  -2.9519531e-01   2.2163576e-01  -1.9123432e-02   3.8058741e-01   3.0130612e-01   9.3548256e-01  -3.3581657e-01  -8.2624036e-01  -2.2687855e-01  -1.6113196e+00  -8.2909333e-01   1.1010684e-01  -6.8624044e-01  -4.7261228e-01  -7.0135902e-01  -7.0409485e-02  -3.8968957e-01  -4.8793754e-01   1.7702231e-01   3.7173682e-02  -1.2441645e+00   3.6106619e-01   2.3845285e-01  -7.4593392e-01  -3.9043653e-01
   1.8174194e-01  -2.0489018e-01   4.1546203e-02   1.0245589e-01   1.6633311e-01  -6.9741071e-02  -1.4448847e-01   1.1607053e-01   2.5470021e-01  -7.6007257e-02  -1.4521482e-01  -1.2371320e-01  -2.0340788e-01   1.4531369e-01  -3.3505496e-01   2.2354712e-01   5.3618009e-02  -7.0621757e-02  -1.2992007e-02  -2.5191558e-01   4.1662610e-02  -2.0980471e-01   7.3718471e-03   2.9655451e-01  -6.4975719e-02   2.7630425e-02   1.9070900e-01  -2.2989747e-01   2.1705332e-01  -1.2787141e-01  -5.7841712e-02  -5.6884004e-02  -2.4590137e-01  -7.4221745e-02   8.3010063e-02  -9.0084687e-02  -2.1578938e-01
  -7.1288215e-02  -1.9921754e-02   1.3689624e-01  -1.0102480e-01   8.8361513e-02  -7.5061841e-03  -1.4929537e-01  -1.2042266e-01   4.2054637e-01  -1.4321920e-01  -1.5712663e-01   3.3966634e-02   2.5498809e-01   8.1687890e-02   7.2487403e-02  -1.2464785e-02   1.5365633e-01   1.1654961e-01  -1.3566192e-01  -1.2055256e-01  -2.0457263e-02   6.1220541e-03  -4.1603149e-01  -5.2876578e-02   1.1600932e-01  -1.4543956e-01  -9.7483343e-02   2.5939762e-02  -5.3126694e-02   4.8423574e-03   7.7640527e-02  -3.3536699e-02  -4.5334721e-02   9.1297465e-02  -1.2421202e-01  -9.2276681e-02  -3.6410636e-02
  -8.7131278e-02   1.1657670e-02  -5.9824835e-02   4.9563909e-02   8.4042435e-02  -4.6983678e-02  -7.9272235e-02  -9.2547913e-02   5.6675810e-02  -3.4463068e-02   6.2668576e-02  -1.5370947e-01   9.0501492e-02  -1.0632477e-01  -8.1734573e-02  -4.1465458e-02   9.5295195e-02  -1.6050826e-01  -5.3090740e-03   7.2484343e-02   8.4329261e-04  -3.2354834e-02   1.5724853e-02   8.0128980e-02  -3.7960891e-02   8.9635811e-02   1.3347752e-02   1.0441881e-02  -6.6766924e-03  -2.1266649e-03  -1.1245191e-01  -2.2686090e-02   4.4516516e-02  -3.2891483e-02   2.9268881e-01   1.4518013e-01  -1.1402635e-01
   1.1316140e-01  -2.0169816e-01  -2.8817175e-02   1.2267750e-02  -1.2216907e-01   6.7625133e-02   2.5780588e-01   6.3363748e-02  -2.6032024e-01   2.3748087e-01   3.0945250e-02   1.2532238e-01  -3.1572618e-01   1.7186604e-01  -1.7874003e-01   2.4080173e-02  -4.2092664e-01   9.7693987e-02   3.9574667e-01  -2.1454445e-01   4.2594944e-01   7.4247275e-02   2.7953572e-01  -3.2259255e-01  -9.1830485e-02   2.5483506e-01  -1.7061426e-01  -8.7408037e-03   9.0924752e-02   1.2391343e-01   1.5724424e-04   1.1269001e-01   4.1378963e-02   7.6591624e-02   2.2054713e-01   1.9591288e-01   1.0531280e-01
  -8.7448302e-03  -1.5529367e-02  -1.9404121e-02  -8.5876990e-03   8.4741417e-03   9.7967523e-03  -1.1285577e-02   3.2432989e-02  -4.5933257e-02   2.3893799e-02  -6.5883687e-02   3.8202415e-02   5.9267722e-02  -1.2654707e-02  -4.1690448e-02   1.0900098e-02   2.0539790e-02   5.4786923e-02  -1.9688121e-02  -1.6236710e-02  -1.9341884e-02  -5.1454032e-03  -1.4951260e-02   2.7770294e-02   1.0497778e-02   4.7456147e-03  -1.9790884e-02   4.5197891e-03   6.6768921e-04  -2.7300477e-02  -2.2428256e-02  -8.6472635e-03   9.3446826e-02  -2.4512171e-02   4.2902924e-02  -1.0139625e-02   2.0248951e-02
   4.3237630e-02   2.7573565e-02  -1.9086015e-02  -3.6919966e-02   1.6137877e-02  -1.3714419e-02  -2.6292007e-02   1.6316785e-02  -1.9529296e-02   3.4673195e-02  -4.3889504e-02   8.0768510e-02   6.6268347e-02   8.7091709e-02   1.9923844e-02  -3.3092740e-02   1.1170702e-01   1.0656802e-01  -3.4039401e-03  -1.0862867e-01  -1.2362926e-02  -3.1710393e-02  -2.0004399e-01   7.4197943e-02   1.2744246e-02  -1.3397510e-01   4.3695379e-02   9.8832636e-03   7.4818277e-02  -1.1531544e-01  -4.0928560e-02   3.1607909e-02  -7.5704066e-03   3.2818688e-02   6.4054699e-02  -2.5900231e-02  -3.6039851e-03
  -1.1449287e-01  -8.2715456e-02  -1.1770907e-02   2.6862254e-02   8.4722411e-02  -1.4323417e-01  -4.9880689e-02  -1.3712013e-01   3.2062966e-02   9.1217029e-02   4.5989184e-02  -2.7718666e-01   1.0937925e-01  -4.7990816e-01  -8.2552395e-02  -1.1782011e-02  -2.3911295e-01  -1.3148806e-01  -2.2138363e-01   2.7232160e-01  -5.7844577e-02  -4.0034839e-01   3.0195726e-01  -1.8655423e-01  -5.3814451e-02   2.8833959e-01   1.1802596e-02   8.7637216e-02  -1.7574393e-01  -3.3198000e-02  -1.2547654e-01  -2.8026248e-01   6.9225566e-01   6.6850780e-02  -3.0693225e-01   4.0884747e-01  -1.2414146e-02
   3.6165201e-02   2.3457419e-01   1.3013666e-01  -1.2879502e-01  -8.9757403e-02  -1.6640042e-01  -2.7010172e-02  -9.0173072e-02  -9.3372505e-02   5.7890770e-03  -2.4181686e-01   1.3989232e-01   3.8089578e-01   9.1434072e-02  -7.4609146e-02   1.1886762e-01   6.4857616e-02  -1.7309044e-01  -1.4707132e-01  -5.3775403e-02   2.5838722e-01  -1.9703228e-01   8.6068831e-02   2.4961574e-01  -5.3454198e-02  -8.7457592e-02  -7.6286834e-02   2.9495450e-01  -1.5883471e-01  -1.1931573e-01   1.5801687e-01  -1.6661660e-01   1.4172067e-01   2.4534201e-01   1.3331428e-01  -4.2624970e-02  -2.4307275e-01
   8.6199049e-03   1.3032973e-02   1.8130690e-01  -6.0311320e-02  -3.6012895e-02   4.0638000e-02   5.6782657e-04   3.8536134e-02   1.2889180e-01  -1.0263559e-02  -1.6188391e-01   1.2893209e-01   1.4028104e-01   3.8591097e-02   8.1865216e-02   1.3450014e-02  -3.9031625e-02   9.8174082e-02   2.8409608e-02   9.6963209e-02  -5.6261953e-02   7.9789061e-03  -6.2530367e-02  -1.2946543e-01   2.0708490e-02  -1.0540856e-01   3.3469915e-02   8.5337861e-03   9.1512152e-02   8.3980289e-02   1.8114704e-01   6.1926499e-03  -4.4166748e-03   4.0552095e-02  -3.5210965e-01  -1.5302798e-01   1.1866178e-01
   3.2930809e-01  -1.3834700e-01   1.8491664e-01  -2.1590348e-02  -2.5401585e-01  -1.7152264e-01   1.9122770e-01   2.5708217e-01   6.0816154e-01  -9.0989774e-02   6.5659211e-02   1.8522837e-01  -5.9585416e-01   6.1209975e-01  -7.1355521e-02  -7.2355468e-01  -4.2640975e-01  -2.9058297e-01  -6.5912844e-02  -1.1762937e+00   3.2732596e-01  -4.1261745e-01  -4.2327967e-01  -3.8397175e-01  -2.1492777e-02   1.5016725e-01   9.2123323e-02  -1.2543626e-01  -9.0824461e-02   6.5637159e-03   3.8103407e-01  -4.3893857e-02  -2.5666095e-01   2.8324248e-01  -2.7115684e-01   4.5657451e-02  -1.5491974e-01
  -1.2622831e-01   3.0837132e-01  -1.6933693e-01  -1.7830553e-02  -1.2784483e-01  -1.3523378e-01   1.4500791e-01   1.8194061e-02   9.0203592e-02   2.3904759e-02   1.0297014e-01  -3.9152880e-03   2.7672854e-01  -1.6568859e-01  -1.8900368e-01  -1.3661452e-01   9.3843816e-02  -3.0372827e-01  -1.1484577e-01   1.2527750e-01   4.6833069e-01  -2.1555754e-03  -1.7892878e-01   3.3355221e-01   9.4997800e-02   1.4374511e-01  -4.2324438e-02   3.4015439e-01  -2.4666406e-01  -9.9261377e-03  -1.2596803e-01  -1.8426798e-01  -1.6653168e-04   1.0628005e-01   2.3834783e-02   1.4531164e-02  -2.6292143e-01
   5.6740312e-03  -1.1454792e-01  -2.6292548e-02   1.6646995e-01   3.2214511e-01   2.6888832e-01  -6.7930034e-02  -1.6202193e-01  -8.8738524e-02  -2.4354653e-01   1.8083715e-01  -2.9138620e-01   1.7374321e-01  -6.1820568e-01   6.0860952e-02   4.4605537e-01   2.2125474e-01   1.5995732e-01   1.7452627e-01   3.9859420e-01  -1.7195927e-01   5.1741072e-01   5.3149063e-01  -1.1528764e-01   1.3401348e-01   4.9172611e-02   1.2098380e-01  -2.6948903e-01   2.7001583e-01   3.0646316e-01  -2.2685345e-01   2.2153714e-01   2.7119282e-02  -4.4377504e-01   3.3003511e-01   7.4979261e-02   1.4228153e-01
  -1.7850150e-03   6.6137553e-02  -1.6119127e-01   4.6447826e-02  -1.1003983e-01   1.5320629e-01   1.0744154e-01   1.3853342e-01   1.2709132e-01  -1.8847588e-01   1.6744918e-01  -3.2196205e-03  -1.3521059e-01   8.6599083e-02   1.3373907e-01  -1.5281100e-01   1.2877332e-01  -6.3779864e-02  -4.2834997e-02  -1.0975654e-01  -3.8967770e-02  -1.2954523e-02  -1.0518561e-01   1.3851299e-01   1.6343490e-01  -4.5830778e-02   6.5480553e-02  -6.1221731e-02   4.9331435e-03   1.3127773e-02  -5.0081607e-02   1.1784163e-01  -4.3078192e-01  -4.8179039e-02   2.7662225e-02  -1.3056445e-01   2.0188205e-01
   1.1531933e-01  -1.8175166e-01   8.8052276e-02  -2.8074169e-02  -6.3069359e-02   2.7168115e-01  -3.1325738e-03   1.1155309e-01   1.5870872e-01  -6.1629838e-02  -1.2914570e-01   1.8577733e-01   1.1231344e-02   1.7893699e-01   4.6931312e-02   1.0538246e-01  -2.3268852e-02   1.2458938e-02   3.1845806e-01  -1.8508473e-01   1.2297939e-02  -2.6734003e-01   1.5144385e-01  -3.2817251e-01   5.0393287e-02   1.9586120e-02  -8.3689358e-02  -1.2406524e-01   2.4754672e-01   1.5634325e-01   3.9466177e-02   1.4172705e-01  -6.6321223e-02  -5.2485463e-02   9.5335445e-02  -1.5987363e-02   7.3440011e-02
   1.3507488e-01  -6.4667238e-02  -1.3084354e-01   2.2434255e-01  -5.2036922e-03   4.0118496e-02   9.6028051e-02   9.6921989e-02  -3.0067991e-01   2.6788727e-01   2.5754051e-01  -1.0551679e-01  -2.5860547e-01  -2.0845826e-01  -2.3676556e-01   4.8491462e-01   3.5754696e-02  -3.2903276e-01   3.3081920e-01   4.7091783e-01  -2.0186057e-01  -3.2765002e-02  -1.4909956e-01  -1.9088850e-02  -2.0012856e-01  -6.3891660e-02   2.9320530e-01  -2.3606846e-01   3.9939513e-01  -2.0780670e-02  -2.0948286e-01   5.4511544e-02  -2.1035622e-01  -3.0531899e-01  -4.4272128e-01  -3.1580937e-01   3.2600581e-02
  -1.4932813e-01   2.7805721e-02  -2.0955065e-01   6.3426673e-02   1.5180951e-02   8.3228355e-02  -6.6800443e-02   9.1103097e-02   2.5989107e-01  -7.9674114e-02   3.5879945e-02  -1.0258532e-01   9.8219539e-02  -1.7116587e-01  -2.0029539e-01   5.5573373e-02   1.8918861e-01   1.2141250e-03  -1.7677758e-01   7.8997243e-02  -8.5680739e-02  -1.5626205e-01   1.6661429e-02   2.0868801e-01   1.3388222e-01   1.9283640e-01  -1.3535082e-01  -2.8822305e-02  -4.5681697e-02  -5.1788725e-02  -2.7972497e-01  -3.6390393e-02   1.5821456e-01  -7.0026396e-02   3.6755364e-01   1.1538915e-02   1.1557149e-03
  -5.5061164e-02  -1.1313295e-01   8.4106864e-02   1.1409324e-01   3.9429606e-02   1.3355931e-01  -9.8270349e-02  -4.9559469e-02   1.4030461e-01  -5.7429768e-02   9.3358400e-02  -1.3586291e-01  -3.3802374e-02  -7.7770032e-02   8.6856435e-02   6.4986114e-02  -4.9368253e-02  -9.9910671e-02   1.0038518e-01   2.1430061e-01  -1.9567348e-01  -3.3260275e-02   1.5271492e-01  -1.5794043e-01  -4.5748981e-02  -6.5037054e-02   7.8158396e-02  -1.2537205e-01   1.8420809e-01   1.0649115e-01  -2.1490166e-02   5.8394943e-02  -9.0264316e-02  -8.2001347e-02  -1.0352439e-01   9.7047516e-02   2.1276438e-02
  -1.1553978e-01  -2.2087793e-02   6.4435102e-02  -7.9599955e-02   3.4269231e-02   2.1892140e-02  -3.2084743e-02   1.0366382e-02   3.7971973e-02   3.6435851e-02  -2.5549494e-01   1.3931396e-01   1.3485227e-01   4.4232933e-02  -3.2167156e-02  -1.3580199e-01  -1.1775839e-02   1.0452778e-01  -1.6545416e-02  -2.9774165e-01   1.4762212e-01  -3.2844065e-01   9.7189109e-02   9.5812507e-02  -7.6422758e-02  -3.3742506e-02  -1.7999823e-01   1.3456139e-01  -4.1883308e-02  -9.8617734e-02  -4.3895545e-02  -1.3088422e-01   3.1664528e-01   4.9221182e-02   3.0431646e-01   1.8272759e-01  -3.3355762e-02
  -9.6710609e-02   1.0557564e-01  -2.3042165e-01   1.4789214e-01  -1.3862999e-01  -5.1326439e-02   1.2954384e-01   5.2651321e-02  -1.3431147e-01   1.8723111e-01   1.9639790e-01   5.1678373e-02   1.3489000e-01  -2.7961713e-01  -3.0042278e-01   1.1975240e-01  -9.6760708e-02  -8.2566855e-02  -4.7995784e-02   1.0790240e-01   2.9380819e-01  -2.9405383e-01  -1.1055071e-01   3.9067062e-01   1.0656063e-01   2.1015762e-01  -7.5358676e-02   1.8306932e-01  -1.2602335e-01  -1.8354711e-01  -3.3088290e-01  -5.7289834e-02  -4.6209669e-01  -6.0277571e-03  -3.5027641e-03  -3.1767969e-02  -1.6211292e-01
