   1.3632674e-02
   3.8073489e-01
  -2.3610294e-01
  -6.2521430e-03
   4.0884320e-01
   8.3508768e-02
   3.7158352e-01
  -6.0674564e-01
  -7.2344036e-01
  -8.1980112e-02
  -9.9822977e-02
   1.1509871e-01
  -5.1045446e-01
  -5.8723655e-01
   6.1097203e-01
  -1.3803748e-01
   1.0118630e-01
   1.8788327e-01
  -1.4536402e-01
  -5.3379793e-02
   1.3763141e-01
   4.3030663e-01
  -1.6948354e-01
   6.9974723e-02
   5.0574275e-02
   2.8068753e-01
  -2.0441792e-01
   7.8447710e-02
  -8.5755156e-02
   3.1433152e-01
  -6.2460883e-01
  -2.0539847e-01
   2.3874020e-01
  -2.1872596e-02
