  -1.3394651e-01   7.5330477e-02  -1.9386542e-01   1.4438960e-02  -4.1415737e-01  -2.5080136e-01   2.9843593e-02  -2.2279525e-01  -3.1524714e-01   2.3353721e-01   1.3839081e-01  -1.9276763e-01  -9.2585812e-02   3.8541933e-01  -4.0137937e-01  -1.5484800e-01   3.3578270e-02  -2.1945038e-01   3.4185305e-01  -1.3396304e-01  -8.0912964e-02  -3.5251635e-01  -3.3788755e-01   3.6434375e-01  -2.9327474e-01  -3.7868006e-01  -1.4918885e-01   9.4358152e-02   3.5688092e-02   3.6894473e-01  -1.0920479e-01   9.1962340e-02   5.4058920e-02
  -5.8342106e-02  -1.0631005e-01  -8.4135254e-02   3.8810346e-02  -7.9810974e-02  -4.5607271e-02   7.4647145e-02   7.6459975e-02  -5.0352238e-02  -6.7917693e-02  -5.5086414e-02  -5.5359314e-02   6.1982303e-02   3.9216927e-02   6.7822028e-02   3.0127606e-02   5.6194764e-02  -5.7345005e-02   1.2002165e-01  -5.9717402e-03  -4.8966722e-02   6.3063919e-02  -2.9502413e-02   3.1460169e-02   1.1509791e-01  -1.5304181e-02   1.9859813e-02  -5.8850939e-02  -6.9212682e-02  -3.2736676e-02   3.1758819e-02   1.0609295e-01  -1.2401004e-01
  -2.4347098e-03   7.3547243e-02   3.0148928e-02  -3.2809507e-02  -2.2007899e-02   9.3556191e-03  -9.9111365e-03  -2.7576212e-02  -2.7397645e-03  -4.8140740e-02  -5.6641861e-02  -1.7373016e-02   1.2368195e-02  -8.2350067e-04   2.8916102e-02   4.1885535e-02   1.6327598e-02   1.5092945e-02   2.7875219e-02   1.4002883e-02  -2.1907118e-02   1.3914833e-02  -1.9929318e-02   6.8937285e-02   2.0156710e-02  -7.4844740e-03   2.8200376e-02   4.4944585e-02  -1.0400794e-01  -1.3359218e-02   7.0496851e-03  -5.3202691e-02   5.1334267e-02
  -3.1693302e-01  -9.8655511e-02  -5.2752904e-01  -6.4008359e-01   1.2610962e-01  -4.4791409e-01  -1.7684359e-01   1.2595010e-01   1.8925183e-01  -4.8071473e-01   7.1153308e-02   2.7163930e-02   5.8986810e-02  -1.3643921e-01  -1.9285379e-01  -3.2554123e-01   7.1288991e-02   1.6906691e-01   2.8724711e-01   4.3572510e-01   3.4126223e-01  -2.9356587e-01  -8.6253427e-02  -1.0337279e-01   6.9475413e-02   4.1214420e-01   4.9283519e-02  -7.8447091e-02  -1.7726465e-01  -1.8759217e-01   2.0766611e-01   1.3325045e-01   2.5183597e-02
  -2.8953399e-01  -1.4077144e-01  -1.3867697e-01   1.1628490e-01  -1.0132956e-01   3.3682594e-01   4.4498545e-01  -1.0797337e-02   1.9537837e-01  -3.6842220e-01   4.9026902e-02   1.8944024e-01   6.3930419e-02  -7.0174173e-02   2.3819027e-01  -2.7745938e-01   2.6016149e-01  -2.0649966e-01   1.8727183e-01  -5.0231044e-02   4.3840935e-01  -2.6123178e-01   2.8414244e-03  -6.0121033e-02  -1.1131863e-01   1.1429169e-02  -4.6886174e-02  -4.6266319e-02   2.5143850e-01  -2.2033298e-01  -1.7604897e-01  -1.0140976e-01   3.8482736e-02
  -5.8527954e-03  -3.9277354e-02  -1.6407905e-02   2.4277983e-02   1.0295943e-02  -1.5064518e-02   1.6947011e-02   1.6266493e-02   1.6060181e-03   1.5273874e-02   3.4184655e-02   2.4589114e-03  -6.8421390e-03  -8.1711682e-04  -6.6606637e-03  -1.8934216e-02  -1.0742508e-02   1.1113013e-03  -1.6149599e-02  -7.0920966e-03   7.7644202e-03  -1.3575230e-03   2.2279131e-02  -2.1499849e-02  -1.4483533e-02   1.2996811e-02  -1.0815215e-02  -2.8282398e-02   4.6753542e-02  -1.1020736e-02   1.0984401e-02   3.4706406e-02  -2.7827463e-02
  -9.0870752e-02  -2.0822359e-01   2.8273774e-01  -1.8682433e-01  -1.4917532e-01   4.6009183e-01   1.2189730e-02   1.4427650e-01  -9.1679060e-02  -1.3911992e-01  -1.4348671e-01  -1.1766231e-01   2.5154486e-01   8.6175703e-02   4.9157032e-02  -8.5325185e-03   2.2335581e-01  -1.7937467e-02  -5.5344054e-04  -1.1976058e-01  -2.8931961e-02  -2.4108485e-01   1.4369331e-01  -3.9423989e-02   5.6081665e-02  -2.1066957e-03   1.3101543e-02  -7.2807042e-02   1.0616331e-02   7.6588904e-01  -1.6221708e-01  -2.7997282e-02  -8.8115962e-02
  -1.3442841e-02  -1.2502324e-01  -1.3936662e-02   4.8144218e-02   3.3029968e-02  -5.3086853e-03  -1.9112493e-02   6.8691131e-02  -9.3373694e-03   4.9638755e-02   1.1594360e-01   1.0762589e-03   2.4313671e-03   2.7769078e-02  -3.7890545e-03  -5.5178886e-02  -1.6460176e-03  -2.3822310e-02  -1.9982814e-02  -1.2713548e-02   6.6203157e-02  -3.8618052e-02  -5.4894163e-02  -7.4572511e-02  -1.8172395e-02   2.4607921e-03  -2.1934794e-02  -7.9297957e-02   1.5365388e-01   3.6868056e-02  -5.2984646e-03   1.1006824e-01  -8.9419836e-02
   9.0862624e-02   5.8980268e-02  -6.4514324e-02   4.0363513e-01  -1.0362510e-01   1.0562038e-01  -4.7016484e-01  -1.0329713e-01  -3.4154001e-02   4.1235742e-01   1.6301786e-01  -1.2432267e-02  -2.0081778e-01   4.2243473e-02  -2.8697312e-01  -1.5035206e-01  -9.1535931e-02  -4.7069581e-03   2.8212719e-01   1.4102314e-01   2.5458828e-01   1.3202316e-01   3.2025125e-01   3.9861179e-01   9.2014094e-02   1.3158625e-02   9.3854470e-03   7.2034710e-02  -6.7887774e-02   8.5739494e-01   7.0592611e-02   1.4062426e-01   6.6961414e-02
  -2.7671668e-02  -3.8694307e-03  -2.2245795e-02  -1.1671008e-02   1.7097739e-02   2.6234708e-02   2.3835374e-02   1.4637564e-02   2.5856542e-02  -4.5995311e-02  -2.5692460e-02   1.7004955e-02   3.3685423e-02   6.4486729e-03   1.7453680e-02  -1.2072674e-02   3.1678690e-02   2.6565876e-02  -5.3743894e-03  -1.5586946e-02  -2.5658664e-02  -1.8770537e-02  -7.2291799e-03   1.2951995e-02  -8.7269132e-03   1.1548935e-02   4.1703637e-02  -1.0038072e-02  -2.2320305e-02  -2.6777238e-02   3.0260755e-02  -9.7217930e-03  -1.2106489e-02
  -1.2463811e-01   4.4528091e-02  -8.0934401e-02  -1.3573183e-01  -9.3553912e-02  -6.2418345e-01   1.9224619e-01  -4.6686510e-02  -1.6904304e-01  -3.5659004e-01   8.8981020e-02  -4.0438450e-01   9.6132752e-02   1.8787570e-01   3.8057256e-01   5.1587187e-01   1.5114862e-02   8.5061473e-02  -2.7110996e-01  -1.1724229e-01  -1.1840163e-01  -4.4240629e-02   4.5238459e-01   1.7750378e-01   1.6399085e-01   3.5871296e-01   1.5732078e-01   1.1902919e-01  -2.6767292e-01  -4.2758495e-02   1.2181626e-01  -2.3095844e-02   5.9095031e-03
  -3.0307923e-01   2.0240525e-02  -4.0475453e-01   1.6965042e-01   1.5133762e-01   5.9619778e-02  -6.9080811e-01   2.7271238e-01  -3.9212592e-02  -2.2316419e-01   6.5783709e-02  -4.1972972e-01   2.3042121e-01   3.1560435e-01   2.4062306e-01   3.0737757e-01  -3.4462076e-02   2.7694022e-03   6.7768718e-02   9.5233585e-02  -3.8158495e-01   3.3642138e-01  -1.0334030e-01  -2.2352404e-01   2.2685997e-01   1.7865971e-01   9.3105676e-02  -2.8378828e-03  -5.3036338e-01  -5.2790508e-01  -1.1246426e-01   1.7000115e-01  -8.6961516e-02
   3.6973637e-02  -1.2677861e-01  -3.3657296e-01  -3.2855067e-01  -1.1997605e-01  -8.4959449e-02   5.9967249e-01  -7.7160158e-02  -1.1465552e-01  -1.2273997e-01   1.9892447e-01  -1.0760726e-01  -1.5743862e-01  -3.0357851e-01  -5.9112599e-02   1.6315698e-01  -3.0724416e-01  -4.0738053e-01   2.8739462e-01   3.5469315e-01  -6.2209190e-02   1.3133708e-01   2.3102443e-01   1.9801310e-01   8.1084206e-02  -2.9799434e-02  -1.6399620e-01   1.1669896e-01   1.0189840e-01   7.0536696e-02  -3.6804215e-01   2.9651678e-01  -1.1443291e-01
   7.8444022e-02  -1.6245737e-02  -4.6614932e-03  -6.4489777e-02  -2.5163384e-02  -8.9311392e-02  -1.2247835e-01   5.1731337e-02  -3.5935894e-02   1.1174866e-01   1.2714059e-01  -7.1325485e-02  -3.1704785e-02   8.5867827e-02  -2.2167457e-02   1.0479060e-01  -1.2469522e-01   8.4473718e-02  -5.2347843e-02   3.2769557e-02  -5.1495211e-02   3.0083475e-02   3.9997462e-02  -4.6538758e-02   6.6242520e-02   9.8916287e-02  -9.2030556e-04  -1.3860088e-03  -3.6276200e-02  -1.9334770e-03   2.3000479e-03   1.4220433e-01  -6.9569595e-02
  -1.7629343e-01   1.1504518e-01  -1.6436043e-01  -1.5649232e-01  -1.5817543e-01  -3.6329135e-01   9.0575692e-02  -1.7343083e-01   2.2630724e-02  -1.0090382e-01   6.5848328e-02  -1.8097396e-02   1.7878454e-02   6.6170732e-02   4.7446101e-02  -1.0055551e-01   1.3927231e-01   3.0842494e-02  -6.9097896e-02   1.9994468e-01   3.0949209e-02   6.8640709e-02   1.2175199e-01   4.6745495e-01   1.6740289e-01   9.9482577e-02   1.1511193e-01   2.3819350e-01  -2.2246386e-01   4.3815575e-02   1.9816429e-01   3.6336264e-03   1.9450407e-01
  -2.3874936e-02   9.3256449e-02   1.4430987e-02   1.8513025e-02  -6.7400604e-03   4.2792479e-02   1.7981724e-02  -4.7847193e-02   8.0059482e-03  -1.0477423e-01  -9.8351835e-02   7.2307580e-03   3.5870977e-02  -6.3914237e-03   6.0977884e-02   5.1971063e-02   5.2629183e-02   1.9463373e-02   2.8110578e-02  -2.8957876e-02  -4.2095189e-02   4.3535550e-02  -1.7314057e-03   7.5878746e-02   4.0218124e-02  -1.4229925e-04   4.5990442e-02   5.2616274e-02  -1.3893740e-01  -4.8346930e-02   2.0065075e-02  -8.6597492e-02   6.6417749e-02
   1.0235656e-01   1.4316664e-01  -3.6021937e-03  -7.3736865e-02   7.1212651e-02  -4.6264521e-02  -9.3076298e-02  -7.2135968e-02  -1.9878958e-02   1.6753704e-02  -4.4682720e-02   3.8127170e-02  -4.8107404e-02  -1.0756689e-01  -5.3897043e-02   3.0209218e-02  -6.9530191e-03  -1.0654027e-01  -1.8865049e-03   2.8486914e-02   1.4212443e-01  -3.3720777e-02  -2.7135626e-02  -1.2032294e-02  -2.3839799e-02  -7.6631929e-03  -4.4974729e-02   1.1671851e-01   9.6626030e-02   1.1964121e-01  -9.4272800e-02  -1.1364509e-01   1.0807488e-01
   1.7298344e-01   5.0382335e-02   2.6903223e-01   1.9844308e-01  -7.2643600e-02   2.1410916e-01   5.2913825e-02   4.3847691e-02  -1.0906661e-01   4.4849910e-02  -7.3711571e-02  -7.1740427e-02  -4.0046315e-02   2.5590695e-02   1.0375059e-01  -1.2540188e-02  -4.2534508e-02   6.3742864e-02  -1.1057496e-01  -8.0544489e-02  -1.7567299e-01   9.2992729e-02  -5.0430275e-02   6.3359022e-02   2.3982695e-02  -1.1753179e-01  -1.2757117e-01  -2.8475917e-02  -6.4880461e-02   3.1467173e-02  -9.7750546e-02  -1.2647827e-02  -1.8083565e-02
   1.2693136e-01   6.5370475e-02   4.2744757e-02  -1.1537864e-01  -1.9526261e-01  -5.3294418e-02   1.8220781e-02   2.0130638e-02  -2.1572258e-02  -7.7819898e-02  -2.4255874e-01  -9.9300104e-02   9.4663547e-02  -5.2821235e-02   3.7443428e-02   5.7312808e-02   6.7559888e-02  -3.0852378e-02   1.7002527e-01   4.7988098e-02  -1.7509872e-02  -6.5097591e-03   1.9393890e-01   1.0617996e-01  -5.5319035e-02   3.4967253e-02  -6.2312140e-02   4.6305361e-02  -1.6762684e-01  -1.2861703e-01  -7.1412068e-02  -5.3824125e-02  -1.2950950e-02
   3.9830637e-01  -5.6734012e-02   1.9390048e-01  -2.1207611e-01   1.0024100e-01   8.8149686e-02  -6.1834938e-02  -5.6135252e-02  -1.6075791e-01   2.2818521e-01   2.2145262e-01   7.3832883e-02  -1.8847566e-01  -1.1619518e-01  -2.0513771e-01   4.6717214e-01  -3.1041628e-01  -1.3659148e-01  -4.5357515e-02   1.9555660e-01   9.1602845e-02  -1.4046751e-01   1.1442907e-01   4.0571317e-02   2.0911617e-01   3.3359488e-01  -9.7990811e-02   1.8568913e-01   8.0004670e-02   2.3823213e-01  -2.0289995e-02   1.9041952e-01  -2.3211897e-02
   1.0541970e-02   4.2489786e-02   3.2817310e-02   6.2266225e-02  -3.0704893e-02  -3.0054256e-02   5.3245526e-02  -4.7150766e-02   3.3661333e-02  -1.2876403e-02   7.9281161e-02  -3.2967752e-02  -7.7938034e-02  -2.0238162e-02   8.3174331e-03  -4.6561932e-02  -5.1724135e-02  -3.1030705e-02   6.2820322e-03  -1.0163506e-02   2.2069738e-02  -3.1897141e-02   3.4132077e-02  -1.0188593e-01   3.4291092e-03  -4.3569462e-02  -7.4418992e-02   3.2662082e-03   9.0808191e-02   4.9559931e-02  -7.9849625e-02   4.6892286e-02   1.2837371e-02
  -2.2090050e-02   5.1836977e-02   1.0006598e-02   1.0159660e-01   7.8731154e-02   5.9011083e-02  -3.8505080e-02  -6.9617773e-02   7.2580493e-02  -1.4744785e-02  -6.7262637e-02   8.2008049e-02  -4.7892587e-03  -7.1513361e-02   4.2683261e-03   8.2402986e-03   3.6664684e-03  -4.1085429e-02  -7.7530546e-02  -2.2102253e-02   8.7454462e-03   3.6064882e-02   2.7686925e-02  -7.4511699e-02  -1.6033137e-02   1.4212880e-02   1.6293743e-02   2.8180262e-02   1.2942938e-02   1.8518168e-02  -8.4048547e-02  -9.9775703e-02   5.5268791e-02
  -1.1727155e-01   2.4746529e-01  -2.3179096e-01  -1.2528804e-01   1.7275659e-01   5.7330135e-02  -4.1887677e-01  -2.1345190e-01   1.7127881e-01  -2.6138496e-01  -2.6742976e-01   1.9225165e-01  -5.7968799e-02  -3.9511497e-01  -2.8865340e-02   2.7589781e-02  -5.6748796e-02  -3.1472202e-01   2.3439909e-01   2.8961045e-01   2.5662878e-01   1.9586874e-01  -4.2314760e-01  -2.5429979e-01   1.8378873e-01  -4.1117604e-02  -6.2859206e-03   1.2854723e-01  -1.8122203e-01   2.4517255e-01  -3.9731014e-01  -3.0611978e-01   1.6108550e-01
