  -1.0831178e-01
  -9.7173954e-02
   7.1004283e-02
  -5.3890949e-01
  -6.6746226e-02
   3.8929535e-03
   4.7384650e-02
   1.1575049e-01
   6.5507350e-02
   4.4190595e-01
  -3.5273426e-01
  -3.5267836e-01
  -2.0615650e-01
  -2.8557021e-01
  -2.1897786e-01
   7.8295973e-01
   5.1653596e-02
  -3.7642913e-01
   1.1298782e-01
  -2.4765493e-02
  -3.4952768e-02
  -2.6279013e-02
  -1.4155363e-02
   1.4473982e-01
  -2.7912899e-02
  -1.4525906e-01
  -1.8439132e-01
  -2.1615474e-01
   4.9000479e-02
   9.8833641e-02
  -8.0197446e-01
  -4.7961118e-01
  -1.3648939e+00
   7.1122674e-03
