   1.7156982e-01
   3.2874196e-02
   6.2998278e-01
   2.9251866e-02
  -7.9773607e-04
  -5.2085246e-03
   4.5256870e-01
   1.1487098e-01
  -4.4455300e-01
   3.5812476e-02
   5.9650828e-01
   8.8545669e-02
  -5.1770038e-01
   3.6174166e-01
   1.4911208e-01
  -6.6578114e-02
   3.5598970e-01
   6.2394150e-02
  -7.3825965e-01
   7.3655192e-02
   1.4232787e-01
   6.4433026e-02
  -6.4587881e-02
   2.0336095e-01
   3.2708607e-01
  -1.7613944e-01
   2.3282181e-01
   2.7962633e-01
  -9.2004161e-02
   6.2563706e-02
  -7.0655104e-02
   1.3860374e-01
  -1.6375502e-01
   1.5992383e-01
  -8.7387141e-02
  -2.7791148e-02
   9.2795486e-01
  -6.7554099e-02
  -2.0446519e-01
