  -7.6692019e-02
   1.2712211e-01
   1.4870194e-01
  -1.7914663e-01
  -7.9594790e-02
   4.6435190e-01
  -1.8461406e-01
   2.9327247e-01
   9.0797274e-02
   1.7859743e-01
  -2.0854502e-01
   1.4453279e-01
   1.8251635e-01
   3.2179422e-01
  -5.2831008e-01
   6.4415834e-02
  -4.4436448e-01
   3.9894329e-01
  -1.5290541e-01
   1.6487185e-01
   4.7886970e-01
   1.8021531e-01
  -1.8762786e-01
   2.9626819e-01
   2.7239104e-01
   1.9695762e-01
   3.9600603e-01
   1.8717732e-01
   2.2435380e-01
  -4.3932999e-01
   5.7273603e-01
   3.5091760e-01
  -1.0832491e-01
  -1.0883246e-01
   2.8301975e-01
  -2.2530476e-01
  -1.4412673e-01
   1.4463033e-01
   8.5767994e-03
   7.9795981e-02
  -2.0249543e-01
