   2.7502247e-02
  -7.7328687e-02
   1.1034403e-01
  -3.8015600e-01
   7.5678274e-02
   5.4991185e-03
   2.4660833e-02
   4.8514026e-01
   3.6654142e-02
  -5.8116992e-03
  -8.9260001e-03
  -4.3285163e-01
  -1.0814521e-01
   7.5602628e-02
  -2.3139765e-02
   2.0962205e-01
  -2.6010195e-02
   7.1166624e-01
   9.0607959e-02
   1.9025973e-01
  -1.4711031e-01
  -4.6991375e-01
  -4.3991393e-03
  -6.4003672e-01
   1.4797000e-01
  -1.0234442e-01
   1.7464511e-01
   2.1492110e-01
   4.5227081e-01
   2.8063561e-01
  -6.6778208e-02
  -6.3592936e-01
  -4.9480059e-02
