  -1.2203178e-01
  -2.4672226e-01
  -5.0667495e-01
   1.3190575e-01
   9.4127430e-02
   3.6501170e-02
   1.9356558e-01
   1.1019343e-01
  -1.9159078e-01
   1.6726397e-01
   1.1507080e-01
   8.6661731e-01
  -4.5515907e-02
   6.1295714e-01
   2.2290706e-01
   6.4539023e-02
  -2.3841286e-01
  -4.9326912e-01
  -2.4101887e-01
  -1.5721440e-01
  -1.5687228e+00
  -3.2348281e-01
  -1.1531328e+00
  -3.1294342e-02
   2.1185896e-01
  -1.4891224e-01
   2.6816955e-01
   1.1018543e-01
   3.1752573e-01
  -2.4374047e-02
  -1.0325059e+00
   2.7276337e-01
  -3.4976639e-02
   5.8459173e-01
