  -1.2679656e-01  -1.4695179e-01   1.3147868e-01   1.0754813e-01   2.4218936e-01  -3.0325816e-02  -1.1504376e-01
   1.2122463e-01  -5.7306010e-02  -1.1239254e-01   1.5398485e-01   1.3545350e-01  -1.5476823e-02  -7.0276289e-02
  -5.5904717e-01   6.6501796e-01   2.3172112e-01  -1.4300567e+00  -1.0942109e-01  -9.1215111e-01   6.3597994e-03
   5.6945563e-01  -1.8394469e-02   5.0356767e-01   3.4522239e-01   2.3323646e-01   1.6756808e-01  -4.9061284e-01
   4.0178322e-01   5.0249217e-02   2.3864447e-01   8.3413286e-01  -1.8071478e-03   8.8307525e-02   2.4943008e-01
  -1.0962302e-01  -7.9793289e-02  -3.4650128e-01   3.6050153e-02   1.0951316e-01  -1.1929215e-02   1.2755221e-01
  -8.1848264e-02  -5.5361305e-02  -1.9375551e-01   1.6248106e-01  -1.8876006e-02  -1.4299311e-01   2.4451015e-01
   1.3646832e-01   6.9434332e-01  -6.7974517e-01   3.4332670e-01   4.5715605e-01   3.3330809e-01  -3.7053160e-01
   8.8535587e-01   2.6489359e-01  -1.3574445e+00  -3.7788524e-01   4.8133579e-01   8.4209470e-02   3.3344831e-01
  -3.5545531e-01   1.7854403e-01   8.8406746e-01  -1.8995083e-02   2.6060450e-02  -2.5173702e-01   1.1748487e-01
   4.0545558e-01  -8.3891783e-02   2.7422689e-01  -4.5681228e-01  -2.0810123e-01   1.3869224e-03   6.4116262e-01
   1.4167358e-02  -3.2002080e-01   1.3145296e-01  -3.1103261e-02  -4.0513833e-01  -3.1603217e-01   1.4309501e-01
  -9.0007363e-01   8.2442459e-01  -3.4274826e-01  -3.6419969e-01   1.6162703e+00  -5.2682358e-01  -8.0829608e-02
  -6.1929494e-01  -2.5163039e-01   1.3225572e-01  -1.6393958e-01   7.7688518e-02  -1.1514557e-01  -4.8215508e-01
   3.4367068e-01   4.1924307e-01  -1.1524266e-01   8.9283698e-01  -6.2639758e-01   4.8217259e-03   9.2578091e-02
   4.1283731e-01  -3.1193909e-01   1.1691545e-01  -4.9403008e-01  -3.6342129e-02   2.0615771e-01  -4.8952836e-01
   3.7191992e-02  -1.4198308e-01  -7.3187605e-03   1.9779094e-01  -2.2347062e-01  -1.3830794e+00  -6.7492089e-01
   1.8472881e-01  -4.1337381e-01  -1.3273718e-01  -2.2080385e-01  -2.0040037e-01   2.6311676e-01  -6.2339178e-02
  -5.5754226e-01   8.3878903e-01   2.3637793e-01   3.5867654e-01   3.5081193e-01   7.0205098e-01   9.4384934e-02
   5.3121665e-01  -9.7130821e-01  -1.0499802e-01   1.1804466e+00  -1.9773780e-01  -4.4873902e-01   6.5123435e-02
  -6.6802569e-02  -3.2662818e-01  -4.7546691e-01   1.1225816e+00  -1.3502043e+00   1.5973637e-01  -2.0255162e-01
   2.5105239e-01  -4.9946779e-01   2.3849359e-01  -7.4888211e-02   4.2276655e-01  -1.5573491e-01  -1.9473260e-01
   7.6546498e-01  -5.3562451e-01   1.2436363e-01  -1.6464381e-01  -9.9245158e-02  -2.5862493e-01   2.3898169e-01
   6.2680159e-01  -3.4622867e-01  -1.8696206e+00  -1.2520765e-01  -6.0990275e-02  -3.4362520e-01   1.0193342e+00
  -1.2371833e-01  -2.0972516e-01  -2.7953230e-02   3.6112174e-01   1.0276316e-02  -1.1023716e-01   2.6596330e-01
