  -4.8506363e-02  -5.0970722e-01  -1.1153893e-02   3.1399863e-01  -1.7210022e-01   4.3885921e-03   1.3764305e-01   1.9369996e-01  -1.2751671e-01   1.3064538e-01  -4.2177483e-01   1.3386489e-01  -3.5779885e-01  -1.4418892e-01  -1.2513729e-01  -4.1698479e-01  -2.9698891e-01  -9.0403110e-02   9.1420600e-02   7.8608443e-02  -1.7002682e-01   2.3476427e-01   3.0272330e-01  -1.4447137e-01   3.6250542e-01  -2.2059005e-01  -1.7714356e-01  -6.3204900e-02  -5.0068580e-01   4.1585512e-01   3.2539145e-01   3.8674988e-01
   6.0396018e-02  -1.9288250e-01  -1.0916192e-02  -9.6443078e-02  -5.4915890e-03  -1.0961001e-01   3.7788328e-02   1.9739162e-01  -2.4877723e-01  -1.0976711e-01  -3.4820614e-02  -1.1328564e-01  -9.1959979e-02  -5.1309015e-03  -2.8293503e-02  -1.7264353e-01   1.5293619e-01   1.2878601e-02  -1.9361873e-01  -5.9440696e-02   1.6251087e-01  -1.9889582e-02   1.4144703e-02   5.3488831e-02   1.0953159e-01   7.3847581e-03  -8.8427125e-03   1.3394674e-01  -6.8191550e-03   1.7853767e-02   7.8718955e-02   1.3800687e-01
   1.0265573e-01   9.0808913e-02  -1.3727916e-01  -5.1150844e-03   1.2207858e-01  -2.2000928e-02  -1.5683549e-01   9.9655854e-02  -1.1979220e-01   7.4583902e-02  -4.7191061e-02  -7.4994187e-02   1.1845395e-01   3.3186087e-01   9.8942723e-02  -5.1597783e-02  -1.5480256e-01  -1.0840829e-01  -3.4555043e-02  -1.3733153e-01   2.1662704e-01   6.0345158e-02   5.2617395e-02  -1.6455610e-01  -1.7845826e-01   1.7018852e-01  -2.1366225e-02  -2.4649270e-02   3.9597568e-03   3.3583827e-02   2.6437672e-01  -7.3907354e-02
  -1.0735465e-01  -2.2759326e-01   8.6041149e-02  -7.7665621e-02  -1.5289086e-01   7.3440943e-02  -3.7852681e-02   1.0630946e-01  -6.2910752e-02   9.1291794e-02  -7.8397852e-02   1.1314958e-01  -2.0102430e-01  -1.3803708e-01  -1.0365010e-01  -2.4602905e-01  -1.2165474e-02   4.6720342e-02   1.8986931e-01   1.9741954e-01  -1.3238988e-01  -2.3391715e-01  -1.2960288e-01   1.1847778e-01   7.3616889e-02  -4.6437623e-02  -2.3081182e-02  -1.0485875e-01  -2.3407799e-02   2.3070877e-02  -1.3355937e-01   2.1270278e-01
   1.0020643e-02  -1.6295408e-02   3.6520273e-02  -2.9351572e-02   2.5177583e-02  -2.3527840e-03  -1.8661467e-02   3.4129067e-02  -4.8976577e-02  -1.7398612e-02  -3.7808313e-02  -3.5073215e-02  -6.5529389e-03   2.2257778e-02  -9.0794587e-02  -3.5756138e-02   1.3765497e-02  -1.7274921e-02  -1.4007694e-02  -3.3374775e-03   1.7930158e-02  -3.3083180e-02  -2.9035145e-02   4.3405067e-02  -9.9634704e-02   2.2726819e-02  -4.5821420e-02   2.5523566e-02  -5.8483509e-03  -1.3348887e-02   3.2699172e-02  -5.9273477e-02
   1.4619976e-02  -1.0154609e-01  -6.8960696e-02   1.5500935e-01  -1.2763746e-01   4.9517614e-02  -2.4704233e-02   5.1722783e-02   5.4705538e-02  -5.2726663e-02  -1.4467458e-01   4.7597802e-02  -3.4078307e-01  -3.3532039e-02   4.3446345e-02  -4.8951540e-02  -4.5670612e-02  -7.1062121e-02   2.0934912e-01   2.5407601e-01  -1.0825166e-01   1.0694621e-04  -1.0652707e-01   1.6942002e-01   2.3713163e-01  -1.2003329e-01  -1.3887838e-01  -1.1631753e-01  -2.5839803e-01   2.9451798e-01  -3.5491058e-02  -2.6120315e-02
   3.5549152e-02  -1.2854537e-02   2.3193854e-02   5.0777762e-02  -2.1845009e-02  -5.5708798e-02  -2.3932535e-03  -1.3528318e-01   9.8264036e-02  -4.8613703e-02   9.3340133e-02  -2.6007281e-02   1.1593085e-01  -8.8975506e-02   4.3094163e-02   3.5045468e-02   8.0677123e-02   8.1195590e-02  -2.2294894e-02   2.6802404e-02  -5.6316911e-02  -4.9349156e-02   1.5369115e-02  -1.2970975e-02   1.5809640e-03   2.4921656e-02   2.7696625e-03   2.6082665e-02   6.0753988e-02  -9.5207561e-02  -1.0068587e-01   1.1786375e-02
  -2.8281669e-02  -3.9968596e-02  -3.8397506e-02   4.5399525e-03   2.9422066e-03   4.7311615e-02  -4.2604488e-02   3.8015821e-02  -2.7941102e-02   3.6593876e-02  -1.5408479e-01   6.4861888e-03  -8.7233320e-02  -2.0808765e-02  -4.8531364e-03   2.8094272e-02   6.9116232e-03  -7.3596791e-02   1.9861338e-02   1.4454753e-02  -7.2325103e-02   2.6688196e-02   5.7272403e-02   5.8788808e-02   1.8546005e-03  -1.3389413e-02  -1.4823334e-01  -6.1793422e-02  -4.2240278e-02   7.2161998e-02  -2.3224823e-03  -1.5256518e-02
   8.5442755e-02  -9.4094303e-02   1.9105156e-01  -1.0808627e-01  -1.5565693e-01  -6.8859708e-03   4.3639086e-01   2.8752533e-01  -1.3112598e-01  -5.9796024e-02   1.3010153e-02  -7.3749390e-02   6.6071064e-02  -9.4012401e-02  -3.0364403e-02   2.0704311e-01   1.5770088e-01  -1.2052446e-01  -8.3518080e-02  -1.0910117e-01   2.0616670e-01   5.7314537e-02   1.1498094e-02   6.1306318e-02  -6.6457086e-02  -5.9522879e-02   1.4095524e-01   2.1506618e-01   2.6003472e-01  -1.0747237e-01  -1.0159179e-01   7.3775300e-03
   1.6976835e-01   1.8761293e-01   5.8092436e-02  -2.5850265e-02   2.9807178e-01  -3.1438461e-02  -1.6994209e-02  -2.8320258e-02   4.4810746e-03  -4.6760511e-02   3.6196219e-02   1.1903381e-02  -6.3637687e-02  -8.1750421e-02  -1.8303017e-01   6.1542399e-02   6.4518775e-02   1.5788976e-01  -6.8273126e-02   8.9063742e-02  -6.7925917e-02  -4.0719228e-02  -9.1585621e-02   1.0663198e-02  -1.3766520e-02  -8.9771519e-02  -1.1742108e-02   6.5717769e-02  -5.7156241e-02   7.0379246e-02   4.7082446e-02  -1.3576588e-01
  -7.9055968e-02  -1.0677943e-01  -5.9619973e-01  -2.6391813e-01   9.9730523e-02   1.8864245e-01  -1.9903297e-01   5.9445226e-01  -8.7626464e-01   3.2788203e-01   1.9081783e-01   4.8138770e-01  -1.2452892e-01  -1.0156273e-01  -2.1933491e-02  -1.2604171e-01  -3.1332300e-01  -5.5721179e-01   1.2736158e-01  -2.7030725e-01   2.5987226e-01   4.1854925e-01   3.2557347e-01  -4.8174723e-01   4.0121802e-01  -2.3780709e-02   1.1427492e-01  -2.7960246e-02  -1.7810440e-01   3.6628045e-01   7.6212277e-02   2.5159530e-01
   5.2763794e-02  -1.9335794e-01   1.4452246e-02   2.1277891e-02  -4.3093825e-02  -5.5911647e-02   5.2409669e-02  -9.8761658e-02   1.6785720e-02  -1.7873785e-01  -1.2783732e-02  -4.8982716e-02  -3.5490717e-02  -2.1869832e-01   5.6636036e-02   5.4361144e-02   9.4964056e-02  -7.0213031e-02   2.6540005e-02  -1.0241940e-01  -1.2943917e-01   3.1387012e-02   1.6136821e-01  -3.1272250e-02  -8.0328167e-02   9.4434203e-02  -2.0970223e-01   7.2350434e-02   4.2255463e-02  -8.6121222e-02   1.5872263e-02   1.2584669e-01
  -1.6517452e-02  -1.0471955e-01  -1.0469534e-01   5.4098844e-02  -8.8204957e-02   2.5553126e-01  -1.3724590e-01  -3.4397346e-02  -1.5833673e-01   2.4573046e-01   2.3684636e-01   1.5683350e-01  -1.1358102e-01   3.0361003e-01   1.6294202e-01   2.2410336e-01  -2.1199517e-01  -1.7001401e-01   2.4238564e-01   1.3194257e-01   1.6592334e-01   2.1439538e-01   9.6917230e-02  -4.0371015e-02   1.7378368e-01   2.4751864e-02  -6.4136326e-02  -1.1843571e-01   1.7895638e-01  -1.2700316e-01  -1.0655346e-02   1.3881860e-01
   7.0480246e-02  -7.5299952e-02  -3.1527559e-02  -1.2486194e-01  -9.3135983e-02  -4.2718531e-02   9.2818163e-02   2.3279163e-01  -1.4364913e-01  -8.7804312e-02  -2.0452983e-01   2.1163619e-02  -1.7550149e-02  -6.4723345e-02  -1.3628390e-01  -2.0183846e-01  -2.3340659e-03  -1.1375136e-02  -4.1809460e-02  -4.3454787e-02   2.1816224e-02  -7.7005304e-02  -2.0670749e-02  -1.3640743e-01  -3.6841674e-02   4.5717627e-02   4.8846031e-02   1.0258682e-02  -7.6059369e-02   7.4286294e-02   1.3288195e-01  -9.4968043e-02
   3.3352666e-01   3.6984040e-01  -9.2665166e-03   3.9129436e-03  -1.9227417e-01   6.8880305e-02  -1.2509290e-01  -5.3391268e-03  -1.8221768e-01   1.2383183e-01  -6.5370403e-02   1.1280777e-01   2.4228316e-02  -7.9980930e-02   9.2842088e-02   4.5232777e-02   1.0939907e-01   1.3168622e-01   2.7141670e-01   3.4827983e-01  -8.2217474e-02  -1.4213644e-01  -3.2293098e-01  -5.5412998e-02   2.3097366e-01  -6.4468079e-02   3.6645484e-01  -1.0092880e-01   3.0515295e-02   5.1634201e-02  -4.7003547e-01  -2.7869200e-01
   3.3402637e-02  -1.1693292e-01   5.6814957e-02   8.4115317e-02  -2.8418087e-01  -5.7611331e-02   2.0062954e-01   5.0171571e-02   5.4476080e-02  -7.0152370e-02  -1.9584443e-01   5.0537530e-02  -2.3049822e-01  -7.2508074e-02  -6.1670358e-02  -2.5869979e-01  -2.9805308e-02   6.5682004e-02   4.2165322e-02   1.5878717e-01  -7.3270377e-02  -5.4597242e-03  -1.2187988e-01   7.4165087e-02   7.3622424e-02  -1.7389086e-01  -2.0394638e-02   3.7040621e-02  -1.7531636e-01   8.8512402e-02   1.6487953e-01   9.4305733e-02
   1.4328252e-01   2.7270119e-02   6.3748456e-02   3.5011891e-02  -2.7907966e-01  -6.1004307e-02   3.9149486e-01  -2.4917034e-02   8.2846820e-02  -3.0175831e-02  -1.8653807e-01   5.7178901e-02  -2.7386568e-01  -1.4429681e-01   6.8460200e-02  -2.5629310e-01   1.1406964e-01   1.5042545e-01  -1.9501580e-01   1.5666992e-01  -2.8985677e-02   9.9913562e-02  -2.1506937e-01   1.3053568e-01   8.4320307e-02  -2.4378933e-01  -5.6621960e-02   1.2242661e-01  -1.7706584e-01   5.5826631e-02   2.5012486e-01   8.8544804e-02
   6.2995323e-02   1.1206196e-01  -6.9918253e-02  -1.2923717e-01   7.6317177e-02  -1.0326922e-01  -8.0492681e-02  -7.7073071e-02   1.5221062e-02   1.1947418e-03   1.5771230e-01  -1.3221422e-01   4.8430979e-03   8.2622843e-02   1.1488699e-01   1.6514704e-01  -1.3790004e-02   1.2025920e-02   5.3487116e-02   4.7240020e-02   2.2246846e-01   1.0603577e-01   2.5753387e-03   1.1494181e-01  -6.7139246e-02   1.1734569e-02  -1.3519563e-01   2.7801975e-02   1.5221306e-01  -5.5740992e-02   1.9774246e-01   3.6357128e-02
  -1.1402445e-01   1.6418729e-01  -1.0062355e-01   1.7037853e-01   1.6463051e-01   1.0415869e-02  -3.4881847e-01  -1.4207260e-01   2.2237266e-01   6.7272565e-02  -9.8813712e-03   8.2003632e-02   1.1711023e-01   8.6083700e-03  -1.1716953e-01   6.9188725e-02  -1.8412140e-01   2.7762171e-02   2.3775471e-01   1.6906354e-01  -1.1152970e-01   3.9928731e-02   7.6635781e-02  -7.7890771e-03   2.0066915e-01  -1.5586151e-01  -2.7865290e-02  -2.2172781e-01  -1.8839556e-01   1.9854422e-01   3.1120191e-02  -1.2555368e-01
   1.2272370e-01   3.0281663e-01  -4.0010208e-01   7.7795488e-02   7.1761358e-02   6.6203408e-02  -2.1748374e-01  -2.4877196e-02   1.0669873e-01   1.7767091e-01   1.2292509e-01   9.8760016e-02   4.3575742e-03   3.7642383e-01   1.2175254e-01   8.4086177e-02  -1.9306810e-01  -4.5224690e-02   1.7432012e-01   3.4925831e-01   2.9512913e-01   2.5038361e-01  -1.3363659e-01  -7.2306797e-02   3.7380347e-01  -1.8389280e-01  -1.5304827e-01  -3.6841621e-02  -1.3824461e-01   1.7702528e-01   3.0584210e-01  -1.5556323e-01
  -8.0212962e-02   2.7346201e-01  -6.7626645e-02   1.0921773e-01   2.3123557e-02  -4.2525237e-02  -5.0284194e-02  -1.5636791e-01   1.3368358e-01  -6.1583050e-02   1.1781433e-02  -3.6043286e-02  -6.9571733e-02  -1.4317400e-01   2.6035639e-01  -4.2660540e-02   8.7714098e-02  -1.7854391e-03   3.6781785e-02   1.4533996e-02  -7.4321247e-02   3.8651509e-03  -3.0957792e-01   2.4115728e-01   1.5443291e-01  -1.1822776e-01  -7.6398451e-02  -1.1734789e-01  -1.7593559e-01   1.3794580e-01   9.1485673e-02  -1.2710660e-01
  -1.7565057e-02   2.7521399e-02   3.1840301e-01   1.4300039e-01  -2.8908211e-01  -1.5394618e-01   3.3900678e-01  -7.8718077e-02   2.8417421e-01  -1.8811925e-01   2.5830513e-01  -2.3675411e-01  -1.8128480e-03  -1.6816602e-01   2.8020417e-01   6.9515691e-02   1.9954016e-01   2.0577660e-01  -1.8479265e-01   5.1885922e-02   9.8703826e-02  -1.5842626e-01  -3.4401612e-01   1.9781700e-01   1.5314311e-01  -1.9615898e-02   9.0006521e-02   1.4621935e-01   6.7396983e-02  -3.9172281e-02  -3.9804735e-01  -1.5322240e-01
  -7.2427969e-02  -3.4611393e-02  -3.7048246e-02   6.7536228e-02   2.5372227e-03   1.8790395e-01  -1.5102735e-02  -1.6959046e-01   1.7638917e-01   1.3648868e-01   1.2749700e-02   1.3638500e-01  -1.4599442e-01   7.5011264e-02   9.1299584e-02  -4.0176911e-02  -1.0627823e-01  -5.2623900e-02   1.6238484e-01   4.6468789e-02   3.9868277e-03   5.7246203e-02   2.9785248e-02   5.1775302e-02  -1.0937114e-02   1.9515284e-02  -1.8050284e-01  -4.3451695e-02   3.2077663e-03  -7.4666235e-02   6.1601691e-02   1.1138868e-01
   1.0986763e-01  -1.6226719e-02   3.9598688e-01  -4.0916501e-01   4.8540074e-01  -5.9539693e-01   2.5614443e-02  -5.8614527e-01   3.0603177e-01  -5.5243716e-01   7.0037134e-01  -2.7193570e-01   5.0506850e-01  -1.0945038e+00  -2.8474989e-01   3.6082177e-01   6.1415041e-01  -1.3300413e-01  -5.3658311e-02  -7.5092057e-02   5.2955232e-01   9.5690585e-01   3.8352407e-01  -4.1098807e-02  -3.5941289e-01  -3.0531310e-02  -9.9405430e-01   6.7654442e-01   5.6871578e-02  -2.8570730e-01   1.0728229e+00  -1.4991287e-01
