   1.3423482e-01   3.7780360e-01   1.3742528e-02   3.4206842e-01   8.9697608e-02  -1.1169466e-01  -3.2155342e-01
  -1.7372385e-03  -2.8374195e-02   4.4085375e-01   3.3401107e-01   9.6405747e-02   3.5356276e-03   1.1521169e-01
   3.2231420e-01  -5.2964717e-01  -2.4000301e-01   1.1759355e+00  -6.2133971e-01   5.2741455e-01   1.0174533e-02
   1.6656294e-01   7.1823872e-01   2.1222692e-01  -1.5115143e+00   4.1378409e-01  -8.7348447e-01   4.4368285e-01
  -5.7756249e-02  -3.3512330e-03   2.8747988e-02   1.9438691e-01   3.6669940e-02   3.3701628e-01  -7.4348747e-02
  -1.2786650e-01   1.2534474e-01  -8.0242813e-02   7.2563653e-02  -1.9485873e-01   3.3428033e-02   1.3392676e-01
   3.3958324e-01   2.3540774e-01   2.1202677e-01   3.6769302e-01  -1.0684322e-01   3.0241979e-01  -4.4539750e-01
  -5.5949731e-02   1.9645814e-02  -3.4451256e-01  -2.1099495e-01   1.4644398e-02  -9.5111120e-04  -2.7614426e-01
  -3.7014276e-01  -3.6461608e-01  -3.8368208e-01  -7.4193213e-01  -7.2563666e-02  -3.6757698e-01  -2.5456737e-02
  -2.9929876e-02   2.6420274e-01  -1.3991570e-01   1.6761118e-01  -3.5306821e-01   2.4128147e-01  -9.8738290e-02
  -5.4483511e-01   6.1545461e-01   4.3703308e-01   7.9680315e-01  -4.9880931e-01  -9.9603306e-02  -6.3266595e-02
   2.3813495e-01  -2.4845961e-01  -3.9066251e-02   4.3348641e-01  -3.1482900e-01  -1.1346459e-01  -1.9164183e-02
  -6.8196045e-03  -2.1022779e-01  -7.4663592e-02  -9.2951269e-01  -7.9519294e-01  -4.6676733e-01  -3.4907105e-02
   3.7338643e-02   3.9471008e-01   4.7331797e-01   7.2709266e-02  -5.4913555e-02   3.8214905e-01  -2.8653388e-01
   1.7136245e-01  -1.9477732e-01  -4.5705879e-01   1.0826837e+00  -8.1494025e-01   5.5496132e-01  -5.8564386e-01
  -1.7021519e-01  -5.5376716e-01  -2.4037073e-01  -3.9977532e-02   3.1024683e-01   3.2022886e-01  -2.9758683e-01
   4.3946692e-01  -4.3147272e-02   8.5016086e-02  -3.8176083e-01  -3.4865645e-01   6.8444936e-01  -5.6657530e-02
   1.7357935e-01  -1.3733216e+00   1.7661184e-01  -1.4389025e-01  -8.7869023e-01   5.0532019e-01  -4.9796174e-01
   1.0948146e+00  -3.3600924e-01   7.1885794e-02  -1.0413524e-01  -8.0020242e-01  -4.0815404e-01   2.4546837e-01
  -1.4672014e-01   3.9900053e-01   9.5504846e-02   6.8410979e-02  -1.0347448e-01  -1.7770310e-01   4.1791811e-02
   6.0277464e-01   9.5768666e-01  -3.5282586e-01   8.6387865e-01  -1.4747398e-01   8.6895935e-01   1.8256253e-02
  -3.1535699e-01  -6.5543775e-01  -1.5653534e-01   1.2769709e+00  -1.3190655e+00   6.9281647e-01  -5.8011399e-01
   1.7166587e-01   2.5480441e-01  -4.1371255e-01  -3.6445874e-01  -7.3003858e-02   9.9751488e-02   6.4715990e-03
   5.2208298e-03   6.5966398e-02   9.3650613e-02   4.0974655e-02   1.0833221e-01  -3.0751346e-01  -7.2214023e-02
  -6.6834317e-02   4.9858771e-01   2.6361685e-01  -6.2059962e-01   3.5134262e-01   1.1010286e-01   4.0652474e-02
   3.8412950e-01  -1.6931229e-01  -1.0325823e-01  -1.7630998e-01  -1.2883824e-01  -3.1109697e-01   3.1262322e-01
   8.8188998e-02   2.0043721e-01  -2.2891056e-02   7.6161802e-03   5.6496632e-03  -2.6495315e-01   1.4105146e-01
  -5.5587262e-01  -4.9837925e-01   6.4862322e-01   7.6109144e-03  -8.5116934e-01   5.2302247e-01   3.9311873e-01
  -1.0277850e-01   3.7587895e-02  -2.4204058e-01   1.6429935e-01   4.1451162e-01  -1.2944725e-01  -4.7298239e-02
   1.6822765e-01   4.0720048e-01  -5.3893019e-02   1.7508315e-02  -3.2867713e-02   2.0327413e-01  -1.1572994e-01
   1.5508804e-01   5.8139118e-02   1.1054200e-01   4.5097294e-01  -3.5533337e-01  -8.0917498e-02  -1.6478727e-01
  -3.2363125e-02   1.5509521e-01   5.3719356e-01   3.6560562e-01  -1.7470158e-01   2.0629584e-01  -1.8220902e-01
  -1.1986116e-01  -1.0437702e-01  -3.7212621e-01   3.5290327e-02   6.1411713e-02  -2.2308620e-01   7.0050613e-02
  -3.8792705e-01   2.2988527e-02   1.9010750e-01   7.7053305e-01   2.9084452e-01  -6.8362234e-01   3.4629346e-01
  -1.9709507e-01  -1.0218169e-01  -1.5531043e-01   1.1464413e-01   2.1149515e-02   1.8449338e-01   2.0901500e-02
   7.8319793e-02  -2.8710235e-01   8.1918316e-02   2.2558478e-01   6.6441487e-02   5.5526875e-02  -8.3617419e-02
   2.2813440e-01   1.3925535e-01  -2.2296556e-01  -2.1593277e-01   4.6481035e-01  -7.0481206e-01  -9.1598352e-02
   7.7836147e-02  -9.1761776e-02   3.5722671e-01  -3.9989616e-01   2.9458615e-02   1.6583859e-01  -6.7404586e-02
   9.9987126e-02  -1.7809155e-01   6.9042644e-01  -3.8620868e-01  -3.1161426e-01   1.6869348e-01  -1.7707470e-01
