  -8.5278042e-02  -1.7727533e-01  -4.7064378e-01  -8.8161308e-02   9.4602826e-02  -3.1448344e-02  -2.5740122e-01
  -2.5841110e-01   3.0555558e-01  -3.3509009e-01   1.0609113e-01   1.8947642e-01   6.8425380e-01  -5.6220562e-01
  -1.8882127e-01   1.0213414e-01   6.9526625e-02  -3.0708987e-01   3.3881824e-02  -8.2269711e-02  -5.0296090e-01
   1.1987864e-01  -3.4326416e-02   2.3826957e-01  -3.5786641e-02   3.3882899e-01   1.1126197e-01   1.0599090e-01
  -2.6813296e-01   1.3144157e-01   1.6584198e-01  -5.2320325e-01   4.9614006e-02   2.6767089e-03  -2.0383486e-01
   1.2331653e-01   1.1575301e-02   1.7031831e-01  -7.3982957e-01   1.1824432e-02   7.4015749e-02  -8.5733380e-02
  -4.6009402e-01   1.7013848e-01   3.7318830e-01  -5.1580245e-01   2.7711456e-01   5.9211268e-01   2.5134864e-01
   7.2312678e-02  -4.1583175e-02  -2.8790379e-01   1.1526171e-02   8.1927214e-02   1.9566209e-01   3.0830975e-01
  -2.5790096e-01  -1.8968061e-01  -8.5602343e-01  -2.9012975e-01  -1.0355924e-01  -1.6815207e-02   7.0729343e-02
  -2.3738429e-03   2.9315327e-01   2.7454528e-01   4.6577573e-01  -3.6137115e-02  -2.1433652e-01   4.2918122e-01
   2.2786863e-01  -4.5337991e-01  -1.6758559e-01  -1.0805131e-01  -4.4461948e-01  -1.0539161e-01   5.6400297e-01
  -1.3931292e-02   8.4534012e-02  -3.3106362e-01  -6.4606544e-04  -2.3188382e-02   4.8765984e-02   3.6027342e-01
  -5.3656458e-02   1.0575514e-01  -1.2665490e-02   2.6351834e-01  -5.8065382e-02   2.4591839e-01   9.7417794e-02
  -4.9462374e-01  -9.3000973e-02   2.9672846e-01  -9.8050499e-02  -4.6617169e-01   1.1825710e-01   1.4800058e+00
  -3.1892316e-01   3.5287109e-01   2.2391159e-03  -1.3527504e-01   2.8066308e-01  -1.4961028e-01   5.0211781e-02
  -1.5739923e-01  -2.6735417e-01  -1.3682060e-01   3.0521452e-02  -2.7462165e-01   4.7848782e-02  -2.2509946e-01
  -5.1519425e-01   5.5840398e-01  -2.4742774e-01   2.7897190e-01   3.0054201e-01   1.4526799e-01   3.8410498e-01
  -4.1481213e-01   1.6409347e-01  -5.9272747e-01   6.5751426e-04  -1.0728140e-02  -9.1559156e-02   1.8037826e-01
  -2.9102688e-02   1.4745988e-01   1.0014635e-01  -8.0573822e-01   4.3812453e-01  -1.7012393e-01  -8.6020604e-02
  -8.6912920e-02   2.0614541e-01  -2.0623773e-01   1.8485196e-01  -5.9418038e-02   1.8375171e-02   3.6513902e-01
  -2.1819484e-02   8.0008122e-02   2.5494102e-02   1.4636493e-01   2.4426558e-01  -1.4251766e-01   1.4365010e-01
  -2.8227961e-02   5.2600061e-02   9.7723607e-02  -5.7930321e-02   3.1436766e-01   1.8055124e-01   1.4668932e-01
  -8.4339952e-03  -1.9868736e-02  -6.0104962e-02  -1.8022515e-01  -3.0273080e-02   2.6342587e-02  -2.2311794e-01
  -3.6682416e-02   4.2930903e-02   9.1126948e-02  -1.7584398e-02   6.3745840e-03   4.1123902e-02   1.8016977e-01
  -9.1387247e-02  -1.3335881e-01  -3.6992630e-01   4.7715321e-01   1.7352674e-01  -1.4248180e-01   5.6647221e-01
  -2.8337116e-01   5.4313819e-01   1.7996370e-01   3.6282477e-01   9.6983748e-02   3.2476816e-01  -2.1218128e-01
   1.8160081e-01  -2.1747068e-01  -2.0041149e-01   9.8504543e-02  -1.3578402e-01  -2.5123043e-01   2.1292753e-01
   5.8661545e-02  -9.9794237e-02   2.9909635e-01  -7.9816000e-02   1.1882175e-01   1.9864366e-01  -2.9941540e-01
  -2.7671356e-01   2.0459100e-01   5.4720651e-02  -3.0421797e-02   2.4239331e-01  -3.3168025e-01  -4.2884806e-02
  -1.0108789e-01  -1.3254616e-01  -3.9653431e-02   1.3357871e-01   1.5243850e-01   3.3846000e-01   2.0957195e-01
  -1.7523395e-03  -2.0429398e-01   4.9094173e-02   5.3474452e-02   1.3142526e-02  -1.1231743e-01  -1.7508148e-02
   1.4116541e-01  -1.2052451e-01   2.2313054e-01   1.4351650e-01  -1.1400993e-01  -2.0264342e-01   4.4189047e-02
  -4.2845478e-01   2.1760017e-01   2.8176548e-01  -1.1965318e-02   6.0304492e-02  -9.5937317e-02  -1.8620487e-01
