  -1.0356267e-01   2.5279531e-02   3.2238848e-02   1.2864713e-02  -6.4933317e-02  -4.8875125e-02  -7.9695050e-02   5.2001227e-02  -8.6555218e-02   2.5097396e-02   3.6441118e-02   8.8938932e-03   3.8797599e-02  -1.3924861e-02  -4.1740254e-02   8.6433540e-02  -5.6344445e-02   6.6953662e-02   4.1196378e-03   1.4020473e-02  -1.5775027e-02  -2.9959329e-04   1.0397642e-01   1.1162803e-02  -4.9517408e-02  -7.0053947e-03  -5.8920091e-02  -1.3978640e-01  -7.0235237e-02   6.6153526e-03  -3.5626947e-03  -7.2736222e-02   7.3145854e-03   5.8192543e-02  -3.9382262e-02
  -2.3451688e-01  -7.8211569e-02  -1.5827367e-01   2.0379584e-02  -6.0636972e-02   7.8606793e-02  -2.6815460e-01   2.0135817e-01   1.1408882e-02   1.8158981e-01  -2.0462453e-01  -1.7620268e-01   4.0102132e-01  -2.7594515e-01   1.1098915e-02   1.6874849e-01  -1.5379613e-01  -1.6315959e-01  -1.0273398e-01   9.4925984e-02   1.7138978e-01  -7.4113063e-02   2.9202160e-02  -5.4823165e-02   9.3701973e-02   8.0934615e-02  -6.3996805e-02  -2.1599950e-02   1.6090785e-02  -1.2479842e-01   1.2500504e-01  -1.5079618e-01   1.5944492e-01   1.6474494e-01   3.1230177e-02
  -1.6827826e-01  -3.5542234e-02   5.4928895e-02  -5.7848181e-02  -8.9678521e-02  -1.1257972e-01  -1.0717292e-01   1.2711896e-03  -1.2643777e-01  -2.1793096e-02   3.2326245e-02   3.8250085e-02   4.6293129e-02   7.2976300e-02  -9.7008340e-02   2.9059316e-01  -6.3917227e-02   5.9869734e-02   3.7743808e-03  -8.3185794e-02  -3.1004660e-02   7.4134348e-02   9.0603597e-02   2.2322863e-02  -4.9518507e-02  -2.1526047e-02  -3.4632397e-02  -2.5818737e-01  -4.5789415e-02   8.7402272e-02   2.4588379e-03  -7.4160287e-02   5.8578119e-03   4.5734961e-02  -8.8641648e-02
  -4.9817760e-02   7.5182208e-03   5.3889472e-03  -5.2608039e-02  -6.8552254e-03  -8.7010884e-03  -2.0313984e-01   7.2983737e-02  -7.0365943e-02   5.9620127e-02  -2.6115163e-02  -1.8047773e-02   1.3603337e-01  -5.4670802e-02  -3.0846216e-02   9.9350159e-02  -6.0305844e-02  -5.5021572e-02  -2.4870625e-02   4.9901279e-04  -2.2367640e-02  -2.3015236e-02   2.0552594e-02   1.8584654e-02   4.3515368e-02   7.6782425e-02  -1.2537729e-02  -1.1309283e-01   1.2236751e-02  -4.0601738e-02   2.9325825e-02  -1.2987205e-01   3.2741234e-02   4.7601912e-02   4.1723684e-02
   1.0185157e-01   8.5872525e-02   1.4727825e-02   1.8671261e-01   1.1309536e-01   2.2444462e-03   4.1491406e-02  -5.7166795e-02   1.1320693e-01   1.0950484e-01  -8.6118021e-02   1.1223056e-01  -7.3548210e-02  -3.6803422e-02  -1.0014945e-01  -8.1177419e-02   1.5337954e-01   6.6960806e-02   3.3310916e-02  -1.5262300e-02  -9.5177966e-02   3.5166263e-02   8.5098115e-02  -1.4049173e-02  -3.0053919e-02   5.5935189e-02   5.0276988e-02   9.6309312e-03  -6.3522545e-02  -3.0103022e-02  -1.0397299e-01   1.4010715e-01  -2.6928336e-02  -6.1485646e-02   8.8167256e-02
  -2.0587397e-01   7.0613337e-02  -4.6731210e-02  -4.1720055e-02   4.8216685e-02  -3.1390891e-02  -1.1047129e-01   1.6288000e-01  -5.3762784e-02  -8.8345943e-02   1.5310592e-01  -7.8730685e-02   1.5720432e-01   1.8339563e-04  -1.8898706e-01  -6.4954324e-03  -1.1679210e-01   2.2933846e-02  -2.9608509e-02  -6.5061862e-02  -8.6633909e-02   7.9265920e-02   8.4754793e-02  -1.4558926e-02   8.4593880e-02   8.5073848e-02  -9.0845971e-02  -1.4560329e-01  -4.1161679e-02  -9.0852034e-02   1.3963165e-02  -3.8886370e-02   7.0016366e-02   7.5261442e-02   2.8291170e-02
  -1.2129803e-01  -2.6278067e-01  -1.3703809e-01   3.3133252e-01   5.4570575e-02   1.9660427e-01  -9.9058553e-02  -3.5338783e-01  -1.8977025e-02   4.2995473e-02  -1.3657107e-01   4.1919528e-03  -3.6216985e-02  -4.0865906e-03   2.6101296e-01   8.2026185e-01   1.0327075e-01   8.3367939e-02   3.1727477e-02   1.3729234e-01   3.8245986e-01  -4.0545515e-02   7.9675673e-02   2.7507089e-01  -4.3051696e-01  -3.5149217e-01   2.2964509e-01   2.9671675e-01   3.9732634e-02   6.1624369e-02  -1.7097154e-01   7.2163093e-04  -4.8013338e-02   6.3892954e-02  -3.9319250e-01
   1.7558571e-01   9.8706226e-02  -9.4214286e-02   4.6814397e-01   4.6547149e-01  -9.5037428e-02   7.1027539e-01  -3.6679839e-01   1.4749250e-01  -5.1873311e-01  -1.4140022e-01   2.6352026e-01  -2.2990001e-01   1.7645619e-01   1.2932247e-02  -1.7659525e-02   2.7558647e-03   3.4784582e-01   3.0706266e-01  -7.0873146e-02   1.1724035e-02  -1.5139812e-01   2.6920368e-01  -1.1560405e-01   2.6188489e-03  -1.3328173e-01  -7.9821399e-03   4.0684479e-01   1.4322060e-01  -1.8769868e-01  -2.0622432e-01   4.3204588e-01  -2.6008182e-01   1.3345425e-01  -4.0546895e-02
  -3.7271856e-01   3.4404449e-01  -1.2062250e-01  -2.0880354e-01  -2.5890174e-01   1.3981307e-02  -9.6050573e-01   3.5558299e-01  -3.2454033e-01   2.1339378e-01  -3.8038497e-01  -1.3200773e-01   3.7318119e-01  -4.5086189e-01   2.3264388e-01   2.6302975e-01  -2.2945447e-01  -1.4312863e-01  -1.4140602e-01   2.9250758e-01   3.6444201e-01  -1.5195859e-01  -1.5596312e-01  -1.7901050e-01   6.2689815e-02  -3.6959138e-02  -1.6413950e-01  -1.9874650e-01  -3.5389251e-02  -1.5396403e-01   3.4831141e-01  -2.5510610e-01   1.0084549e-01   2.4382782e-01   2.5512510e-01
  -2.7843143e-01  -4.6135728e-01  -8.8561400e-02  -2.9114418e-01  -1.7634161e-02  -1.6280402e-01   1.6296711e-01   2.6366066e-02   8.2367158e-02  -1.6053092e-01   3.1806753e-01  -3.2446684e-01  -3.1143718e-01  -1.3218700e-01  -2.1353775e-01  -5.1865222e-01   7.0497504e-02  -1.8389589e-02  -1.0194525e-01   9.7768784e-02  -9.4820069e-03   6.0207789e-02  -8.9683010e-02  -6.5878871e-02   2.9616771e-01  -2.2214639e-01  -1.2783633e-01   1.7762736e-01   5.7734652e-01  -3.7891668e-01   1.9820435e-01  -1.6557881e-01   1.2086028e-01   6.9901935e-03  -1.1049009e-01
  -1.4988287e-01  -3.6680898e-01  -2.0019356e-01   3.3584709e-01  -2.3194521e-01   1.2950388e-01  -5.5097277e-01   2.6907255e-01  -1.5197692e-01   2.8553873e-01  -5.3209437e-01  -2.7291267e-01   7.5909590e-01  -3.4499720e-01   1.4110111e-01   1.3494383e-01  -2.3471440e-01  -2.2248858e-01   1.4776514e-02   5.4452015e-02   2.6900538e-01  -1.8693647e-01  -8.7319372e-02  -1.3034605e-01  -1.6812761e-02   4.1746640e-01  -1.2310607e-01   9.2526323e-02  -1.9414574e-01   4.8189478e-02   1.7865403e-01  -1.7974663e-01   4.5733803e-02   2.4591245e-01   7.2395754e-02
   5.2650670e-02  -1.2892874e-02   4.8604786e-02   4.4573662e-02   3.2569377e-02  -5.0966575e-02   5.3401526e-02  -3.4613375e-02  -9.4436650e-02  -9.6404138e-02   1.8276846e-02   2.0285341e-02  -8.1036455e-02   9.3204939e-02  -6.3475286e-02  -5.2793607e-02   2.9035541e-02   9.7541303e-02   3.5341959e-02  -1.0316323e-01  -9.8965909e-02   3.0644596e-03  -2.6332350e-02  -5.4756349e-02   4.3954450e-03   9.4985044e-02  -7.2441586e-02   1.5192767e-02   2.3889974e-02  -4.0597168e-02   1.7118147e-02   1.1810088e-01  -5.0946148e-02  -8.5151900e-04  -9.7150181e-03
   1.1267954e-01   6.7915234e-02   2.8261563e-02  -5.3395819e-01   2.0575572e-01  -6.3270222e-02  -6.9014195e-02   2.1062327e-01  -1.4827340e-01  -1.8080597e-01   3.0177936e-01  -1.0851294e-01   4.7490064e-02   8.9406499e-02  -1.3046526e-01  -3.3545761e-01  -2.4671440e-01  -1.3497532e-01  -1.9508357e-02  -3.4958665e-01  -9.4801994e-02  -3.1347319e-02   9.1189812e-02  -1.0280981e-01   3.0079155e-01   2.6747612e-01  -3.0808275e-01   7.3150880e-03   6.6140229e-02   1.1300560e-02   1.8717991e-01  -1.2032142e-02   2.1851588e-01   1.6107948e-01   1.4708208e-01
  -7.2724094e-02   1.8429259e-02   4.3024352e-02   3.1165181e-02  -7.4443605e-03  -5.1107481e-02  -1.0533422e-01   4.7429119e-02  -8.8259779e-02   1.7363976e-02  -4.4814886e-03   3.4129465e-02   4.9122948e-02  -2.7408735e-03  -8.4676151e-02   6.8193720e-02  -5.5632654e-02   4.2049211e-02  -4.0058770e-03  -1.6995467e-02  -5.4279354e-02   1.3264377e-02   7.7009824e-02   2.9754694e-03   2.5437612e-02   4.6242472e-02  -5.3501301e-02  -1.0573543e-01  -5.9982401e-02  -1.0703567e-02  -1.3987299e-02  -7.4817938e-02  -1.2535649e-02   5.9260015e-02  -9.1370552e-03
   3.1139823e-02   3.4710811e-02   7.3207421e-02  -1.4403831e-01  -1.6878981e-02  -1.3716254e-01   3.7364895e-03  -1.1545871e-01  -1.7319921e-01  -8.5026572e-02   1.9063122e-01   1.0472914e-01  -8.3631128e-02  -2.1568030e-03   1.1994817e-01  -1.0721622e-01  -1.0439777e-01   9.2708968e-02   1.5694601e-01  -3.7317072e-02   6.4164262e-02  -1.1295736e-01   1.5411719e-01  -5.7930627e-02  -8.5359286e-02   7.5819689e-02  -2.7766827e-01  -1.7588206e-02   3.8786951e-02  -5.2547459e-02   4.0428597e-02  -2.4564735e-02  -5.3470153e-02   3.3711137e-02  -1.4226471e-02
  -1.8702932e-01   7.3278153e-02  -2.3050031e-02   2.2176065e-01  -1.8629523e-01  -3.5460775e-02  -3.8103450e-01   2.0021463e-01  -1.7112117e-01   2.4420126e-01  -1.6839613e-01   1.3287018e-02   1.9229029e-01  -2.4828504e-01  -8.5126578e-02   1.0689144e-01  -8.4094620e-02   9.8396718e-02  -6.2931778e-02   5.8955610e-02   2.5704668e-02   1.6857254e-02   1.3286757e-01   1.4583051e-02  -7.2157758e-02  -8.0823297e-02  -4.7204748e-02  -1.6851471e-01  -1.1479612e-01   9.9828117e-04   3.5991591e-03  -1.8768039e-01  -2.7149768e-02   9.5309370e-02  -8.4338568e-02
  -4.7672903e-02   2.6880619e-03   1.2228740e-02   1.9249030e-01   3.1812605e-02   1.2980915e-02  -5.7416134e-02  -1.4170397e-02  -1.0415185e-02   8.6310205e-02  -1.2569378e-01   4.3174278e-02   1.1372074e-01   2.7566788e-05  -1.9127792e-01   3.9307424e-01   2.2678275e-01   1.6135669e-01  -1.1936850e-01  -1.0170900e-01  -1.7195476e-01   1.5577657e-02   1.4504686e-01   3.2004079e-02  -2.1109135e-01   2.8757494e-01   9.8161566e-02  -3.7664620e-02   1.0563046e-01  -2.4539577e-01   3.4355320e-02   3.6386278e-01  -1.1193353e-01   1.1023961e-01  -1.8951462e-01
  -1.0673620e-01   4.1807048e-03   5.0360933e-02  -3.2771050e-02  -7.0739201e-02  -7.1333572e-02  -7.2659147e-02   2.5012000e-02  -9.7893590e-02   4.7705059e-03   3.3419375e-02   2.9004374e-02   3.7924927e-02   2.7595745e-02  -4.4888514e-02   1.2332460e-01  -7.5126579e-02   3.2138252e-02   2.3612972e-02  -1.8280904e-02  -2.8668716e-03   1.9760717e-02   6.9575757e-02  -1.3749694e-02  -2.3532209e-02  -7.8609970e-03  -6.6523133e-02  -1.5880900e-01  -6.3942042e-02   4.7742017e-02   4.3176281e-03  -8.0751509e-02   9.4806295e-03   4.7795141e-02  -1.6625714e-02
  -8.6153398e-02   7.0150485e-03  -1.2285267e-02  -7.7222259e-02  -4.3260687e-02  -3.0409176e-02  -1.8180934e-01   7.5982472e-02  -1.2322112e-01   1.8762417e-02  -2.2680270e-02  -4.1403512e-02   1.3343308e-01  -7.0723003e-02  -2.6526502e-02   1.2716295e-01  -5.6282136e-02  -4.6437116e-02  -2.0515624e-02  -5.8850566e-03   3.0341565e-02   2.2878497e-02   4.4144546e-02   7.9228457e-02   3.0750199e-02   6.2950790e-02  -5.0644675e-02  -1.1986885e-01   5.9333977e-03  -7.2060038e-03  -1.7172649e-02  -1.1510276e-01   5.5985908e-02   3.0172324e-02   5.6211882e-02
   1.7074334e-01   3.9829540e-02   1.7910514e-01   6.5102592e-03  -1.5615130e-01  -9.4004965e-02  -1.9501848e-02   1.0274554e-01  -1.4376085e-01   6.1241173e-02  -8.0736513e-02   3.3154154e-02  -3.8016648e-01   1.5151128e-01  -9.8850909e-02  -9.0782401e-02  -8.5562315e-03  -9.5234295e-02   5.3897315e-03  -1.0907700e-01  -1.8742132e-01   1.5982507e-01  -1.5146616e-01   6.5796991e-02   4.8998864e-02  -3.4136617e-01   6.8455032e-02  -3.1328021e-01  -1.7358675e-01   3.6484112e-01  -6.8310386e-02  -1.6415429e-01  -1.1092283e-01  -1.6358617e-01   1.6574466e-01
  -3.9130789e-02   2.6187532e-03   2.8412120e-02   5.4693636e-02  -8.1149497e-03  -3.5787095e-02  -6.5630697e-02   3.9238194e-02  -7.6169565e-02   6.3528050e-03   1.0007899e-02  -1.5541262e-04   1.0943677e-02   1.9215192e-02  -3.8604769e-02   3.6387363e-02  -4.8025238e-02   6.4146333e-02  -3.6137035e-03   9.8023840e-04  -7.9012488e-02  -3.8516045e-02   6.7257014e-02  -3.9028701e-03  -7.2932358e-03   4.6039996e-02  -2.7035295e-02  -7.2520419e-02  -3.0021443e-02   6.7831152e-03  -3.8062032e-04  -5.0850017e-02  -1.8050781e-02   4.0966324e-02  -3.0809931e-02
   2.4778699e-02  -2.9558001e-02   4.0689606e-03  -5.6523784e-02   7.2769587e-03  -1.6506153e-02   2.8275580e-02  -2.5840216e-02  -3.1603347e-02  -5.3542320e-02   4.6252390e-02  -1.8299653e-02  -4.8253874e-02   4.1082125e-02   1.1557535e-02  -3.7822120e-02  -1.4046019e-03   1.1433684e-02   1.9595940e-02  -5.4089585e-02  -1.4244261e-02  -3.1932721e-03  -4.2580962e-02  -2.6722898e-02   6.8044904e-03   1.0880737e-02  -3.7250760e-02   3.3556898e-02   5.3052798e-02  -1.0287647e-02   3.3265760e-02   4.5000492e-02   6.7903561e-03  -1.8082758e-02  -8.0470326e-03
  -1.1380362e-01   4.2955361e-02   5.6873618e-02   3.0552606e-02  -3.6322625e-02  -7.1162248e-02  -1.5080718e-01   6.5579006e-02  -1.1702008e-01   4.3221803e-02  -1.6013017e-03   4.4804403e-02   8.1032476e-02  -2.7815709e-02  -1.0277489e-01   1.3534121e-01  -7.4021511e-02   5.0866107e-02   2.0323714e-03  -1.6016139e-02  -5.1154780e-02   2.6557959e-02   1.2428302e-01   1.8827195e-02  -6.0843861e-03   4.8885306e-02  -6.6130847e-02  -1.8157726e-01  -9.9225851e-02   3.2214514e-03  -2.6864514e-02  -1.1258600e-01  -1.8077141e-02   7.7748317e-02  -1.7424622e-02
  -1.1206749e-01   1.0527805e-02  -1.3535061e-02   7.9231666e-03  -8.0051062e-02  -1.8574371e-02  -2.1728355e-01   1.0844187e-01  -1.3118439e-01   4.7015446e-02  -7.8466966e-02  -3.9844547e-02   1.2881208e-01  -7.7714984e-02  -3.4614122e-02   1.4527426e-01  -6.9169165e-02   3.3388267e-03  -1.2537596e-03   2.8130036e-02  -1.9214555e-02   7.6813884e-03   5.6427371e-02   4.5222488e-02   1.7327968e-02   6.2946388e-02  -3.4687227e-02  -1.2494433e-01  -2.3736047e-02  -8.6019293e-03  -1.0462393e-02  -1.2643258e-01  -1.0684510e-02   5.5267610e-02   2.8235103e-02
