  -3.6457628e-01
   2.1064808e-01
  -7.0415207e-02
  -1.2596489e-01
  -5.6224046e-02
   1.2758118e-01
   2.0269952e-01
  -2.0738905e-01
   6.7882864e-02
   2.9754797e-01
  -2.2798182e-01
  -8.1454161e-02
  -2.2071303e-01
   1.9131277e-01
  -6.4524150e-02
   3.0896923e-01
   9.2491964e-02
   1.9517557e-02
  -6.3404560e-02
  -2.4601175e-01
  -5.5850100e-02
  -3.5423510e-02
  -2.1744425e-01
  -2.1156038e-01
  -7.6704209e-02
  -2.1659082e-01
   3.5846845e-02
   6.4514339e-02
   2.1441680e-01
  -3.3731751e-01
   1.4179964e-02
   2.5353147e-01
   1.3037868e-01
  -1.4043261e-01
  -1.2490958e-01
  -1.9610156e-01
