   1.0096202e-02
  -7.9648585e-02
   1.8028742e-01
  -7.3202006e-01
   1.1747615e-01
  -1.8890765e-01
   1.4807546e+00
   7.3424788e-02
   2.0588518e-01
  -1.4078019e-01
   7.2784022e-01
  -1.1263618e-02
  -4.2532839e-01
   2.9179220e-01
  -1.7891307e-01
   8.8019876e-02
   2.6600315e-02
  -8.4344653e-02
  -6.1067731e-02
  -1.5065413e-01
  -4.2277099e-01
   1.1480529e-01
  -1.3282439e-01
  -1.4981586e-01
   3.8475087e-01
   4.5153991e-01
  -2.1601338e-01
  -4.4797172e-01
   3.1604599e-01
  -2.0048550e-01
   3.6151986e-02
   2.7076877e-01
   2.0161741e-01
  -1.6375816e-01
   4.4930348e-01
