  -3.1729812e-02  -2.6388400e-01   1.3931143e-02  -1.4314452e-02  -2.1274127e-04  -2.9439969e-02   5.8751329e-02  -7.2183898e-03   6.3599206e-02  -8.8401273e-02  -6.2206326e-03   1.2755346e-02  -1.7150253e-01   5.4917792e-02   2.4995944e-02  -4.1409925e-02  -1.3273661e-01  -2.0622842e-02   2.9301308e-02   2.3675588e-02  -2.0306486e-02   1.3267146e-02   2.9793674e-01  -9.8625360e-02   4.1605266e-01  -3.6090378e-01  -9.1216697e-02   4.5764044e-02   5.7384362e-01  -1.6167638e-01   1.1172776e-02  -2.2597797e-01  -2.1610054e-02   1.5944728e-02   6.0156409e-02  -2.2159111e-02
  -9.6203984e-03   8.8797991e-02  -8.1140342e-03  -2.6223122e-01  -1.7832871e-02   2.8260235e-01  -2.0975876e-01  -2.8892802e-02  -1.6523811e-01   2.8298789e-01  -2.3697071e-01   3.5116885e-02   5.4847092e-02   5.1159309e-01  -1.6957494e-01  -8.4121867e-02  -1.2308854e-01  -3.3926778e-03  -2.7665690e-01  -2.0653702e-01   8.1787884e-02   3.2339790e-01  -1.1314187e-01  -2.1049625e-01   5.5379952e-01  -7.1529861e-01   2.2540290e-01  -1.4446391e-01   2.4617643e-02   9.8497060e-02   2.7120004e-01  -7.6706753e-02   1.7124515e-01   2.9360838e-01  -3.0629319e-02   3.4825316e-01
  -3.2876148e-02  -5.9141628e-02  -1.0304015e-01   2.4223840e-02   3.0549320e-02  -3.9708087e-02   3.2122090e-03  -6.1622229e-02  -3.3479459e-02  -2.4668088e-01   3.0683820e-02  -1.9007460e-02   9.7467556e-03   4.4021384e-02   3.0670404e-02   3.5755952e-02  -8.8395080e-02   5.4291691e-02  -5.8671992e-03   3.3244694e-02   4.0185550e-02   3.2463934e-03  -3.4505378e-03  -6.2674742e-02   3.3503743e-01   1.5757423e-01   4.9095454e-02   1.0639569e-02   5.5046445e-02   2.8425147e-02  -1.9084591e-02  -6.4885739e-02  -2.0172778e-03   5.9331129e-03  -1.6792711e-02  -1.4930520e-02
  -2.7654500e-02  -2.9363103e-02  -2.8620501e-02  -5.0732969e-03   6.1775898e-03  -5.3292092e-03  -7.8057125e-03  -1.8611451e-02  -2.8917263e-02  -4.4101349e-02   3.1503843e-04   2.3292229e-03  -6.1720271e-04   2.8725032e-02   4.0390026e-03   4.2909255e-03  -2.7963778e-02   9.2737026e-03  -1.5002603e-02   3.7298015e-03  -3.1164680e-04   1.1493220e-02  -4.1303319e-02  -1.6162343e-02   7.7123184e-02   1.1445349e-01   4.0238385e-02   3.8219790e-03   4.1235655e-02   1.2194206e-02   3.2318604e-03  -2.0314091e-02   6.6012406e-03   1.7394657e-02  -1.0318532e-02   8.7265543e-03
   2.7200352e-02  -1.2586236e-02   3.0137660e-02   1.8764831e-03  -3.2587691e-03   1.3364621e-02   1.4203387e-03   8.4278813e-03   1.9341505e-02   6.2953594e-02  -5.1242209e-03  -1.9456796e-03  -4.0003931e-02  -1.9985804e-02  -1.0381735e-02  -8.4918450e-04   2.9622540e-02  -1.3311842e-02   1.1225494e-02  -4.4087673e-03  -9.7844534e-04  -1.1826454e-02   3.1179371e-02   1.4514347e-02  -7.1360916e-02  -1.1788844e-01  -5.7777375e-03   5.4316296e-04  -3.9728852e-02  -2.0862052e-03  -4.0456424e-03   2.9165191e-02  -6.8069800e-03  -1.4103637e-02   5.7570830e-03  -7.6915765e-05
   9.7972661e-03  -8.0242462e-03   1.1447634e-02   5.6870114e-04  -7.2947574e-04   6.3809079e-03   1.1915412e-03   2.0032743e-03   6.1369048e-03   2.5128433e-02  -2.5735179e-03  -1.0906881e-03  -2.0739106e-02  -6.7689012e-03  -4.9899386e-03   4.8358085e-04   1.1831573e-02  -5.1699286e-03   3.8757183e-03  -1.8073147e-03   3.3826365e-04  -4.7263176e-03   1.0840338e-02   5.3742894e-03  -2.6131951e-02  -4.5393179e-02   8.2063091e-04   4.2032148e-04  -1.8098788e-02   1.5219159e-03  -1.8054269e-03   1.2711096e-02  -2.6351686e-03  -5.2967131e-03   1.3605863e-03   1.1382025e-03
   9.6717847e-02  -2.5559966e-01   4.3233507e-01   1.1726194e-02   1.0522974e-01   1.8394402e-01   2.6782866e-01  -4.0283597e-01  -1.4074820e-01   2.2781722e-01  -5.2430137e-02  -1.2088691e-01  -1.3037828e-01   4.3448910e-01  -1.0821139e-01   1.2636863e-01  -2.1391731e-02   3.5718997e-02  -1.2579079e-01  -2.6090464e-03  -4.0788044e-01   1.3885785e-01  -4.5046824e-01  -2.2286350e-01   4.4912073e-01  -6.5508855e-01  -9.2004816e-02  -4.8456698e-02  -2.5476016e-01   1.9198515e-01   6.0044499e-02   2.2593531e-01   7.7302477e-02   6.3671112e-02  -1.3976851e-01   1.6193037e-01
   2.3065952e-02   8.7939658e-02   1.8009224e-02   1.5583508e-02  -6.3629842e-03  -1.1400907e-02  -3.4850594e-03   2.7365320e-02   4.8508435e-02  -3.2352306e-03   9.4997252e-03  -8.4834967e-03   4.6184654e-02  -3.3445745e-02   8.9359126e-03  -8.3240218e-03   8.6222421e-03   1.2954269e-03   2.6241992e-02   3.7588663e-03  -1.0753289e-02  -1.1295740e-02   6.3486887e-02   1.1699083e-02  -4.6541302e-02  -1.0167565e-01  -9.4199587e-02  -6.7159034e-03  -2.3460142e-02  -3.7873192e-02  -4.1609263e-03  -6.1374435e-03  -1.1096832e-02  -2.7069919e-02   2.4290055e-02  -2.7253257e-02
   4.5368642e-02  -5.2007254e-02   4.7769930e-02  -2.6112700e-03  -3.0425753e-03   2.7766700e-02  -4.4502468e-03  -3.9514282e-03   2.0532004e-02   1.2754828e-01  -1.4040672e-02  -2.4983752e-03  -8.4104165e-02  -2.0505220e-02  -2.1662042e-02   8.5365840e-05   4.8636788e-02  -2.4787910e-02   1.2004161e-02  -7.6637146e-03   2.7784246e-03  -1.6801375e-02   3.5866273e-02   2.4372888e-02  -1.1708479e-01  -1.6815533e-01   3.2774938e-02   6.7076871e-03  -6.1026089e-02  -4.2858744e-06  -5.4866308e-03   5.0600802e-02  -1.2013696e-02  -1.5691767e-02   1.1492868e-02   1.1010169e-02
   3.3458900e-02   2.4258284e-01   3.7436010e-02   1.4535459e-02   1.3685785e-03   2.7689437e-02  -4.7421567e-02  -6.0277701e-03  -5.5116076e-02   1.1975888e-01   8.2059041e-03  -1.4245036e-02   2.2477261e-01  -2.7722263e-02  -2.0262555e-02   3.6841193e-02   1.2709062e-01   1.4259714e-02  -2.8208701e-02  -1.7607366e-02   3.9091399e-02  -4.9769928e-03  -2.7806630e-01   7.8914010e-02  -3.7013165e-01   3.0251956e-01   3.8174146e-02  -3.9362480e-02  -4.6601256e-01   1.3071370e-01  -5.3865964e-03   1.9811453e-01   2.0418135e-02  -1.1598759e-02  -5.0403515e-02   2.1084313e-02
  -1.1364548e-02   1.5766712e-02  -1.4153200e-02  -5.4256388e-05   2.6021389e-04  -9.2116560e-03  -1.3340081e-03  -1.6500589e-04  -5.4379407e-03  -3.3510879e-02   4.0417072e-03   1.5190912e-03   3.0990472e-02   6.3711264e-03   7.2178502e-03  -1.3602024e-03  -1.4819451e-02   6.7597781e-03  -3.8373884e-03   2.2862108e-03  -1.3765782e-03   5.6631586e-03  -1.0762047e-02  -6.2674194e-03   3.1654654e-02   5.5330272e-02  -7.4185417e-03  -1.3279244e-03   2.2453882e-02  -3.6897873e-03   2.3258376e-03  -1.6929766e-02   3.2889071e-03   5.6427125e-03  -9.6051713e-04  -3.1937062e-03
   3.0115313e-02  -5.2727169e-02   3.4287638e-02  -1.8034799e-03   3.9920112e-04   2.4278944e-02  -4.2471544e-03  -8.7822377e-03   9.8354117e-03   9.7126728e-02  -1.1804550e-02  -3.3835479e-03  -7.9789255e-02  -1.0810844e-02  -1.8989794e-02   3.8540094e-03   3.6199556e-02  -1.7929408e-02   7.4528269e-03  -5.1381041e-03   5.9779137e-03  -1.3289779e-02   2.2210554e-02   1.5609927e-02  -7.8232300e-02  -1.2479717e-01   3.7348162e-02   6.4542638e-03  -5.1539193e-02   8.4484682e-03  -5.5554027e-03   4.2093740e-02  -9.1228937e-03  -1.1199464e-02   4.8043204e-03   1.1892819e-02
   8.3430551e-04   2.5287555e-03   3.9676888e-04   3.4299398e-04  -3.1370556e-04  -4.4043577e-04   2.0006402e-05   1.1087747e-03   1.2672125e-03  -2.6869002e-04   3.3961649e-04  -1.3673371e-05   1.9858690e-03  -1.1773874e-03   3.4293233e-04  -3.4649546e-04   3.2672676e-04  -1.9950747e-05   6.1932776e-04   5.7743322e-06  -3.3484513e-04  -2.5726436e-04   1.6528109e-03   3.6772783e-04  -1.1829167e-03  -1.9087965e-03  -3.0380387e-03  -3.0396020e-04  -5.1592642e-04  -9.4603049e-04  -3.7625819e-05  -1.6348082e-04  -1.3277464e-04  -6.2760067e-04   4.9952219e-04  -8.3260231e-04
   2.6260621e-02  -4.5304054e-02   3.0897703e-02  -1.1505005e-03   3.3813028e-04   2.1319414e-02  -2.3076352e-03  -6.1764126e-03   9.1263851e-03   8.3016956e-02  -1.0074486e-02  -3.2060493e-03  -7.1380926e-02  -1.0191842e-02  -1.6669009e-02   3.5761595e-03   3.2189984e-02  -1.5693823e-02   6.9678483e-03  -4.5417597e-03   5.0205513e-03  -1.1958957e-02   1.9874965e-02   1.3603075e-02  -6.8581519e-02  -1.1435735e-01   3.0244862e-02   5.3019676e-03  -4.6114699e-02   7.8799894e-03  -5.0982596e-03   3.7624782e-02  -7.9317964e-03  -1.0450558e-02   3.4640154e-03   9.8322527e-03
  -3.1758215e-02   1.7327833e-02  -3.5432907e-02  -1.6127786e-03   3.7627176e-03  -1.5887586e-02  -3.0839189e-04  -8.7824091e-03  -2.2008253e-02  -7.6194749e-02   6.4209671e-03   2.0698972e-03   4.7195747e-02   2.2460442e-02   1.2333955e-02   1.1620690e-03  -3.4576339e-02   1.6086447e-02  -1.2653899e-02   5.1783280e-03   1.0255741e-03   1.3551926e-02  -3.5259023e-02  -1.7108183e-02   8.5362458e-02   1.3653200e-01   3.2215128e-03  -1.2652274e-03   4.4445354e-02   3.0752814e-03   4.5345615e-03  -3.4049878e-02   8.0427414e-03   1.5767302e-02  -7.1335969e-03  -6.6755501e-04
   3.2134018e-01  -6.7034090e-01  -1.9791327e-01   6.0012486e-02   4.1364661e-02  -7.7772294e-03   2.8302386e-01  -2.0074312e-01   3.8282121e-03  -2.0663099e-01   2.1476305e-02  -5.3932823e-02   4.9314483e-01  -1.1973417e-01  -2.0024363e-02   1.0191999e-01  -1.8227666e-02   2.1639803e-02   5.1490111e-02   4.1231461e-02  -3.9216058e-01  -1.0967904e-01  -9.8571868e-02   1.4241391e-02  -2.0338371e-01  -6.4378281e-02   3.9657935e-02   6.2492107e-02  -2.2199967e-01   7.3403394e-02  -1.1885215e-01   2.1595656e-01  -8.0654127e-02  -8.6573500e-02   2.7808016e-02  -1.0800672e-02
   6.8299936e-01   2.2411144e-01   2.3745723e-01   3.1224170e-01   1.2783275e-01  -1.6376021e-01  -2.9375652e-01  -2.1592281e-01   2.2429490e-01   3.6958802e-01   1.8886044e-01  -2.5674479e-01   3.7592468e-01  -2.2076727e-01   9.4493439e-02   1.9819268e-01   1.9582060e-01   6.2075652e-02   3.2894185e-01   2.8595847e-01  -3.1674575e-01  -3.1995198e-01  -2.5080677e-01   9.7772140e-02  -1.5661340e+00   1.9176714e-01   3.7563253e-01   3.0966290e-01  -8.9804826e-01  -3.2387586e-01  -3.0443658e-01   3.9514412e-01  -3.4982722e-01  -3.4603148e-01   3.4078913e-01  -2.2657887e-01
   7.4158183e-03   3.8322285e-03   6.9384685e-03   1.3464935e-03  -1.3896879e-03   1.7554427e-03   7.0935368e-04   4.6204088e-03   7.0050442e-03   1.1513432e-02  -2.0640711e-04  -4.5682842e-04  -3.9639030e-03  -7.0615230e-03  -1.3592735e-03  -8.8800980e-04   6.7913029e-03  -2.6219997e-03   3.8375910e-03  -9.3869716e-04  -1.2823143e-03  -3.1203345e-03   1.0618936e-02   3.7846790e-03  -1.6394133e-02  -2.8807078e-02  -9.3239006e-03  -8.4563004e-04  -1.0316743e-02  -2.0939292e-03  -9.6923936e-04   5.7059422e-03  -1.6250047e-03  -4.5787165e-03   2.0839687e-03  -2.0939767e-03
   1.8211338e-02   1.8844915e-02   3.6936618e-02  -5.1385838e-02  -3.0717206e-02   6.7222383e-02   7.8032287e-02   1.5041996e-02  -2.3852575e-02   2.2829466e-01  -5.4914557e-02   3.6659497e-02  -1.1966195e-01  -1.3066176e-02  -5.2058986e-02  -3.1937850e-02   7.9934392e-02  -4.7353104e-02  -3.2349009e-02  -5.2641097e-02  -7.4412172e-02   1.3612201e-02  -2.1569476e-02   5.6956843e-02  -3.1004251e-01   4.2999094e-02   4.3620285e-02  -2.4793713e-02  -1.0533436e-01   4.9918819e-02   3.3124829e-02   5.7552909e-02   2.1206853e-02   2.7128986e-02  -5.2943598e-03   6.1375961e-02
