  -6.6790433e-02   1.9142960e-01   4.9105302e-02  -9.5810636e-01   6.4093027e-01  -3.3246942e-01   4.2806999e-01
   5.9074782e-03  -1.9490756e+00  -1.6725231e-01   6.1163998e-01  -1.5439777e+00  -1.0961050e+00  -3.7074428e-03
   7.2548656e-02   3.4708996e-01  -5.5315173e-02   7.8090917e-02  -2.1785818e-01  -4.7275780e-02  -2.4316691e-02
   2.0440050e-01   1.6087536e-02  -5.5509225e-02  -1.6586015e-01  -9.2922197e-02   1.4846925e-01   8.3049265e-02
  -2.5584594e-01  -1.9952020e-01   2.2346115e-02  -2.4772757e-01   1.6548259e-01  -1.9482053e-01  -2.7025758e-02
  -1.2523528e-01  -3.1686114e-01  -8.0792461e-03  -1.0087145e-01  -2.8253280e-02  -2.0211563e-02   8.3379562e-02
  -1.2376082e-01  -3.4450428e-02  -5.4500225e-01  -9.1350979e-02  -5.2431677e-01   2.5034284e-01  -6.6941655e-02
  -1.8864836e-01  -7.9122336e-01   7.6608284e-01  -6.7411982e-01  -1.4358983e+00   9.6663051e-01  -3.6603809e-01
   3.0569150e-02   2.0771312e-01   7.8547730e-02   5.1806184e-01  -1.4507331e-02  -1.6042994e-01  -4.4258166e-02
   1.4502226e-01  -4.4495637e-02   5.8953957e-02   1.4463267e-02   2.5164373e-01   5.3566065e-02   2.8278484e-01
   2.6721900e-01  -1.2220980e-02  -1.1158658e-01  -4.0914026e-01   4.1517457e-01   2.1648643e-01   2.5890718e-01
   1.1817415e-01   1.0035116e-01  -3.7871311e-02   2.0058173e-03   1.8498765e-01   1.4270273e-01   8.0930708e-02
  -2.8012697e-01   3.6447885e-01  -1.4816567e+00  -1.3080665e+00  -7.1374032e-01  -8.6253496e-01   1.3823279e+00
  -9.1970479e-02   1.4177867e-01  -6.4388034e-01  -3.2533979e-01  -1.6831422e-01   2.4110801e-01   3.4421668e-02
  -3.6733400e-01  -3.1655035e-01  -2.5202368e-01   1.5830008e-01  -4.7592755e-01  -7.6669083e-01  -9.4880421e-02
  -2.6516750e-01   1.4597647e-01   1.8766382e-01   4.5633812e-01  -6.1040734e-01   5.0159419e-01   1.6243477e-01
  -3.4912443e-02  -5.0981993e-02  -1.0724463e-01  -3.8693523e-01   4.9992180e-02  -2.5275462e-02   8.8659764e-02
   7.5943377e-02   3.1092297e-01   4.2097775e-04   6.0277011e-02  -2.1267104e-01  -8.0954417e-02   1.1981249e-01
   1.1562117e-01   2.6168943e-01   6.1166984e-01  -7.2182307e-01   3.4446595e-01  -3.9845458e-01   2.2337156e-01
  -2.4704595e-02  -1.8835659e-01   1.9937875e-02   7.3526330e-02  -1.9272931e-02  -2.5302610e-01  -9.3531608e-02
  -1.4855509e-01   1.2095855e-02  -5.9002149e-01  -1.1530029e+00   4.8535380e-02  -3.7777124e-01   2.5682953e-01
  -1.2502055e-01  -1.8428923e-02  -7.3971743e-02  -1.6743368e-01  -1.0718300e-01   2.3148844e-02  -5.3391271e-02
   9.4497404e-01  -7.7952522e-01   3.5602189e-01  -3.0693692e-01  -6.6630269e-01  -5.5280564e-01   3.9598225e-01
   5.3136261e-01  -5.2339038e-01   2.7272557e-01   3.7694453e-02   9.9147237e-02  -3.8251993e-01  -1.6878770e-01
  -7.8858553e-02  -7.0640154e-02  -6.7230876e-01  -2.7101009e-01   4.5564686e-01  -2.1884301e-01  -5.1407984e-02
  -1.6036970e-01  -1.0851679e-01  -7.1551264e-02  -3.6098075e-01   6.9698851e-02   1.0137298e-01  -6.4865978e-02
   1.2847708e-02   2.7461332e-01  -1.9459639e-01   9.2350922e-03  -9.7913187e-03   7.7872308e-02   1.1619986e-02
  -1.9680611e-01  -2.3382450e-01   2.1398055e-01   9.5686861e-02   1.0276934e-01  -2.0962871e-01   4.1236374e-03
  -6.6366537e-01   1.9766244e-01  -6.7501345e-01  -1.9275166e+00  -3.8825571e-01  -2.0945284e-01   5.6164947e-02
  -2.7538201e-01   6.4115098e-02   2.1716721e-01   4.0423462e-01  -7.0285292e-02   1.8244317e-01  -1.7801005e-01
   4.5880177e-02  -9.9347540e-02   2.7047270e-01   1.1132262e-01   1.7528103e-01  -1.7893633e-01   1.4120425e-01
   1.5906322e-01   1.4640537e-01  -4.5414572e-02   3.2013292e-01  -6.0630491e-02   2.1617334e-01  -7.3217632e-02
  -9.1302524e-02  -3.5327398e-01   1.2443858e-01   5.2171418e-02   1.5636902e-01  -1.3649745e-01  -2.3706164e-03
   5.9751892e-02  -1.4002104e-01   9.2464789e-02  -9.5254293e-02   2.9413112e-01  -4.0578750e-01  -3.9086509e-02
  -4.0383833e-01   5.7716247e-02  -2.5302500e-02   3.4853995e-01  -2.4995241e-01  -3.1875898e-01   1.0562639e-01
  -1.3428621e-01  -6.5020146e-02   1.0438354e-01  -2.1922796e-02   1.8859893e-02   2.5569604e-02   4.8372138e-02
