  -1.6708793e-03   1.6667643e-01  -2.7743209e-01   1.8293270e-01  -3.0741068e-02  -1.5976830e-01   2.4744047e-01
   3.1085783e-02  -3.6622635e-02  -7.6245436e-02   9.8606742e-02   3.4965755e-02  -2.4070947e-02  -1.1636071e-01
  -3.4437423e-01   9.9495078e-02  -2.9821730e-02  -1.3703955e-01   1.9773738e-01   5.3871655e-02   1.8191439e-01
  -6.9977720e-03  -1.0242557e-01   9.4624082e-02  -7.8463978e-02   4.6772473e-02   1.8429705e-01   5.5957941e-02
   7.1271720e-02   8.2328211e-02  -1.5116649e-01   7.5865860e-02  -1.8966247e-02  -9.3923174e-02  -9.9666273e-02
  -6.9062085e-02   2.3992802e-01  -5.7270296e-02   1.5467186e-01  -1.4238813e-01  -1.9819911e-01   5.9406403e-02
   5.4977162e-02   8.6900277e-03  -2.5289760e-01   2.9540412e-01  -6.5933979e-02   8.0034033e-01  -1.3647300e-01
  -6.9804622e-02  -1.3345060e-01   1.8942496e-02   7.3459449e-03   2.7067736e-02   6.2116937e-02   2.1636684e-02
  -5.4793033e-01   7.1075509e-02   2.2772405e-01  -3.1413690e-02   1.0539411e-01  -2.9075499e-01   9.3714035e-02
   1.0442468e-01   8.4592504e-02   7.9035244e-01   4.2527843e-01   2.1463626e-01   2.1801789e-02   7.9045452e-02
   3.3459443e-02   5.1193051e-01  -1.8807103e-01  -2.9662104e-02  -1.7597873e-01   2.4497965e-02   4.3246135e-01
  -1.4332440e-01  -5.2098825e-02   2.7035138e-01  -9.8427713e-02   3.6125246e-02  -1.4068452e-01  -7.0183511e-02
   7.3484911e-02   1.8000726e-01  -9.8230858e-02   9.5914507e-02  -9.2182990e-02  -1.6239801e-01  -4.8932656e-02
   3.0189866e-01  -3.3573762e-01   3.1809217e-01  -7.0136825e-03   3.9932366e-01  -7.6136166e-01   3.9438920e-01
  -1.5938362e-01  -2.1156663e-01   2.8432418e-01  -1.7092033e-01   4.6204960e-02   2.6576692e-01  -2.1417935e-01
  -7.4770091e-01  -5.7893015e-01   7.6479593e-01  -2.3641781e-01  -5.7287642e-01   3.4477856e-01   2.1966653e+00
   2.3978902e-02  -3.0807663e-01  -1.4616328e-01   3.4065707e-01  -6.3049890e-01   7.6011990e-01   2.9529189e-02
  -1.0611351e-02   2.2027775e-01  -7.8584865e-02   6.9576731e-02   2.1851850e-01   6.8464004e-02   2.6012932e-01
  -1.1704943e-01   1.6103259e-01   2.3964752e-02   1.1954913e+00   9.5195592e-03   5.0462828e-03   1.4801515e-01
   1.2039828e-01   3.4432142e-02  -1.8688042e-01  -5.2386013e-02   1.1619155e-03   3.0452419e-01   9.7604073e-02
  -6.3672252e-01   4.7524941e-01   1.4954486e-01  -1.0080726e-01   1.3252056e-01   2.1041088e-01  -1.1316235e-01
  -2.4050777e-02   1.4509849e-02   2.1596176e-01   1.2801716e-01   3.3124746e-02  -1.1970363e-01  -1.0066938e-01
   2.2039875e-02   1.1582691e-01  -1.9682182e-01   1.5913025e-01  -1.7824526e-02   8.6406867e-02   8.7149127e-02
  -2.2183808e-01   3.1851692e-02   1.3383802e-01  -7.9382047e-02   1.6062476e-01   7.1290375e-02   1.5531382e-02
  -3.9749459e-02  -1.4056557e-01   2.8325937e-01  -2.2629594e-01   4.6982740e-02   1.8508445e-01  -2.4033231e-01
  -1.8880594e-01   1.0869362e-01   1.3618361e-01   6.8115245e-02   2.6308059e-01  -2.0083393e-01   2.1164333e-03
  -1.0529777e-01  -4.9986400e-02   2.5017117e-01  -1.8787012e-01  -4.1341744e-02   4.2721286e-02  -5.6320690e-02
  -1.2154497e-01   8.1261433e-02   1.4027783e-01  -1.0775975e-01   3.1723041e-02   7.5101580e-02  -7.7787334e-02
   3.5890631e-01  -8.2754920e-01   4.3169385e-02  -4.5668746e-01  -4.3713379e-01  -5.4540309e-01   5.8364146e-01
  -4.3190121e-02   1.0744206e-02   2.0925019e-01  -1.6521680e-01  -4.8776230e-02  -2.0488301e-01  -1.9971540e-01
   1.9172603e-01   5.9760878e-02  -3.6053937e-01   2.9231807e-01  -3.7029039e-02  -4.8228804e-01   4.1902413e-01
  -9.5016429e-03  -1.3733182e-01   2.7577862e-02  -8.2195439e-02  -3.8888767e-02   1.5727678e-01  -2.8653828e-02
   7.1236830e-02  -2.4987405e-01   4.1266778e-01   9.9562959e-02  -2.5280804e-01  -2.9860804e-02  -1.2221404e-01
   9.9638384e-02  -1.0145819e-01  -4.7470661e-02  -5.8743505e-02   3.4379112e-02   1.7717739e-01   2.2857005e-01
   8.4755619e-02   2.0226758e-01   9.7907597e-01   1.0379293e+00   1.3670406e-01  -8.6440395e-02   4.6868170e-02
   4.6614049e-02   2.0328747e-01   3.9788659e-01  -9.1295232e-02  -2.5334470e-01   1.8592449e-01   6.5905848e-01
  -9.6352965e-02   1.9727102e-01   4.6039918e-01   4.6912396e-01   2.0094408e-01   5.0298048e-02   1.2239126e-01
  -4.7368236e-02  -1.9799590e-01  -4.4578454e-01   4.5725002e-01  -3.0600702e-02  -7.0864012e-01   7.4909934e-01
  -1.1871852e-01   1.5177322e-01  -7.3511311e-03   6.7983752e-02   5.1503705e-02  -4.7565121e-02  -1.4553936e-01
