   2.2354614e-01  -1.1809355e-01  -3.9485203e-04   5.1747740e-02   2.2006243e-01   2.9588452e-02   1.6765844e-01
   1.9960352e-01   1.8349538e-01  -8.7068834e-02  -2.2204600e-02   7.0360970e-03  -7.8582900e-02  -1.8844132e-01
  -3.1940520e-01  -9.6816881e-01  -3.6592474e-02  -2.1356500e-01   1.0916169e-02  -1.7295534e-01   4.9502101e-01
  -2.3427328e-01   5.9201396e-02   3.0548522e-01   1.0580209e-01   1.6742203e-01   7.0545522e-02   8.7539900e-03
  -4.9755442e-01   7.3177563e-02   9.1062173e-01   4.8523189e-01   5.0993752e-01  -1.1402800e-01  -2.5795721e-01
   2.7629319e-02   3.7320108e-01   3.5709556e-01   1.3545653e-02  -4.8765292e-02   4.6095229e-02  -8.1403612e-03
   4.0355481e-03   4.0258696e-01   1.2606787e-01  -5.8993136e-02  -1.1001649e-01   8.0784050e-02  -8.7923255e-02
   4.0231008e-02  -2.2119775e-01  -1.8360861e-02  -6.7575813e-02  -4.6454247e-02  -2.1187191e-01   6.2160891e-02
  -1.9138020e-01   9.2436737e-02  -7.4079520e-01   1.6631616e-01  -5.2762301e-02   1.6957803e-02  -7.5830474e-02
  -3.2658908e-02   7.6505379e-02   1.8386360e-01  -1.7956964e-01  -4.0381962e-01  -1.0556510e-01   1.8881585e-01
   1.8613134e-01   3.9430078e-01   2.8280540e-02  -1.3523378e+00  -3.1317113e-01   7.3138229e-01  -8.9769896e-02
  -4.0041782e-02   4.4219748e-02  -2.1198163e-01  -1.0607629e-01   2.9762790e-01  -3.1298523e-01   5.1043063e-02
   1.3594392e-01   2.5628805e-01  -2.6381025e-02  -1.2085438e-01  -1.6034831e-01  -5.7646351e-02   8.3213507e-02
  -9.5725236e-02  -4.0394781e-02  -1.8790257e-01   5.8405286e-02   3.4364724e-02  -5.4175978e-03  -1.0258663e-02
  -2.0454651e-01  -2.5853989e-01  -3.9440075e-02   3.5966395e-02   3.0772977e-01  -7.6158708e-02   2.1903755e-02
  -1.5823011e-01  -1.0433041e-01   8.9799466e-02  -2.2260959e-02  -3.9808498e-02  -1.8964582e-02   7.7360875e-03
  -9.3992879e-02  -8.9978548e-02   3.1504119e-02  -8.1290196e-02  -2.4177846e-01   2.2360027e-02   1.8248848e-01
   4.2360973e-01  -1.3166565e-01  -1.7383661e-01  -3.4214093e-02   1.2627728e-01  -1.1562969e-01   2.6597289e-01
  -4.5693515e-02  -8.5604347e-02   7.4044746e-03   5.1056448e-02  -2.8113010e-02   1.8213230e-02  -4.8950404e-02
   2.7553415e-02   1.4776402e-01  -9.4029728e-03   4.5886697e-01  -1.4612109e-01  -8.4827160e-02  -2.7284272e-01
   1.6798902e-01  -7.1949073e-01  -4.3036865e-02  -7.9259924e-02  -6.1494257e-01  -3.5237890e-01   7.0934498e-02
   2.9932878e-02   1.5679745e-01  -2.6413793e-01   5.5312879e-03   1.1594615e-01  -1.5004375e-01   6.3372319e-02
  -3.9976847e-01   1.5832241e-02   3.0469450e-01  -1.1129162e-01  -4.1824197e-02  -1.0325158e-01   2.8825955e-01
  -9.6951913e-02  -1.7428805e-01  -5.8275424e-02   8.3563708e-02   1.1824788e-01   6.0751960e-02  -7.0179909e-02
   6.4450222e-02  -6.3699469e-04   4.4993687e-01  -1.3688130e-01   1.8846753e-01  -1.0381804e-01   1.5254845e-01
   1.6492280e-01  -8.1240795e-02   1.0772644e-01  -5.1158187e-02   6.5238688e-02   1.2071068e-02  -7.8886734e-02
   2.3285796e-02  -1.4927084e-01  -1.1659330e-01   7.2804453e-02   1.6982305e-01   5.2399643e-02  -4.7732432e-02
   7.3277067e-02  -2.3917838e-01  -1.8771148e-01  -1.9762454e-01   4.6590430e-02  -1.8557914e-01   4.9937467e-02
   1.1771735e-01   1.8781221e-01   3.2595881e-02  -1.2015940e-01  -1.2295650e-01  -5.4639552e-02   8.3209239e-02
  -1.6601507e-01   8.9070025e-02   7.8541696e-02   1.7864381e-02  -2.7985059e-01   1.2876356e-02   1.7346028e-02
   8.5836387e-02   3.5343694e-01   6.5048094e-02  -4.2753373e-02  -1.5509292e-01  -4.1792516e-02   7.9342890e-02
   1.0549923e-01  -4.5836951e-01   1.9528717e-01  -8.6837696e-02   3.3260818e-01  -2.9664728e-01  -6.8627061e-02
  -2.2872660e-01  -1.1042865e-02   2.9997787e-02   3.3080071e-02  -5.8088955e-03   2.7477428e-02  -1.4214239e-02
   2.1452053e-01  -9.8518154e-02  -1.7134384e-01  -1.4707791e-01  -1.5163552e-01  -1.3246618e-01   3.7487299e-02
   3.6818450e-02   2.3698061e-01  -2.2894620e-01   7.2760824e-02  -8.0938640e-02   1.6033460e-02  -1.2228244e-01
   5.2515883e-02  -2.2023713e-01   1.3502568e-01  -1.1213654e-01   9.9186367e-03  -1.4862588e-01  -5.8324927e-02
   5.4344325e-02  -2.8916721e-02  -5.5504885e-04   1.7001887e-02  -1.1044232e-01  -7.9342043e-02  -4.0510591e-02
   1.4071195e-01   3.5816118e-01   1.0600384e-01  -1.1012628e-01  -2.0504090e-02  -7.1406122e-02   2.9156018e-02
  -7.5306489e-01  -2.5641488e-02  -4.0026061e-01   2.5211442e-01  -1.2565246e-01   2.1238523e-01   2.9808624e-03
