   1.9493270e-01
   5.2851283e-02
  -6.5291775e-02
  -6.2621788e-01
   1.6606909e-01
   2.2902189e-02
   8.6566086e-02
   1.1756630e-01
  -2.0551177e-02
  -5.2201276e-02
   2.3948611e-01
  -5.3044698e-02
   1.4608423e-01
   1.6048933e-01
   6.4566458e-02
   2.9564455e-01
   8.7548994e-01
   3.8566940e-02
   5.8473139e-02
  -2.1346465e-02
   5.2305339e-01
   1.5184901e-01
   1.7248465e-01
   2.7063975e-01
   7.0657166e-01
  -5.5758781e-02
   2.1841927e-01
  -2.4321538e-01
   1.3824231e-01
   2.3796607e-02
  -6.0875866e-02
  -4.3253158e-02
