  -1.0727155e-01  -7.5935659e-01   6.8853037e-01   1.2586444e-01  -8.8307089e-01  -1.1166895e+00   8.4853914e-01
  -5.5966319e-01  -7.2942546e-02   1.1369662e-01  -6.9652477e-01  -3.7920044e-01  -4.3494202e-01   6.8900693e-01
   8.1044823e-02   2.6557849e-01   7.7058527e-02  -4.6948473e-01   9.1451566e-01   1.5953200e-01  -2.2969990e-02
   2.0874173e-01  -2.2633398e-01   2.7663085e-01  -7.4914832e-01   6.6930656e-01  -6.3417298e-02   1.6291771e-01
   3.6110545e-01  -3.6444864e-01  -2.8372440e-01  -5.1013669e-02  -8.7017418e-01  -2.7070846e-01   3.0330855e-01
  -1.1667029e+00   8.3851626e-01  -1.1285278e+00   2.8133603e-01  -1.7262296e-02  -7.9606750e-02   3.6442726e-01
  -7.0723612e-02   4.7924969e-01   5.8981445e-03  -1.8165861e+00   1.2060863e+00  -7.5786040e-01   3.3587213e-01
  -1.2159815e+00   1.0251814e-01  -7.2285694e-01   1.9052332e+00  -1.2581155e+00   5.1215156e-01  -8.6867437e-01
   1.2770443e-01  -8.4826731e-01   3.9742049e-01   3.5590270e-01   7.4929505e-01   1.9380606e-02  -6.3924973e-02
  -2.0230581e-01   5.7864213e-02  -1.1066358e-01   9.0240428e-01  -3.8218224e-01   6.4132347e-01  -1.5357708e-01
  -2.8173470e-02  -4.8078428e-02   2.0466872e-02  -4.9865863e-03   4.3360775e-01   4.0908500e-01   6.6338946e-03
   5.2091315e-01  -2.7683451e-01   2.1519709e-01   1.3292974e-01  -1.2930036e-01   1.6049335e-01  -1.4476449e-02
  -2.0527775e-02   2.1972759e-01  -4.2572273e-01  -2.9746923e-01   1.1157451e-01  -3.8130953e-01   2.7826217e-01
  -2.0349934e-01   3.1343727e-01   8.8014546e-01   6.8795938e-01   9.5508475e-02   1.2558352e-01  -4.9869624e-01
   2.0260921e-01   5.2599030e-01  -8.0217884e-02   5.3078032e-02   1.4564775e-01   3.9014426e-01  -2.7506612e-02
  -1.1997003e-01  -2.4823416e-01   1.6509116e-01  -6.3422700e-01  -1.5731328e-01   3.9066295e-02   2.1759726e-01
   4.4378815e-02   3.0180644e-01  -8.4407124e-02  -9.5576398e-02  -3.0322229e-01  -2.3960037e-01   2.4169312e-01
   1.7114797e-02  -2.6569427e-01  -4.0943725e-03   1.6232596e-01   2.5948707e-02  -1.2666092e-02  -1.1251295e-01
  -1.0799473e-01   1.6131045e-01   3.0769520e-01   1.6465320e-01  -2.6010811e-01   1.6065360e-01   3.5095911e-01
  -1.1160743e-01   3.2607833e-01  -2.3297487e-01  -1.0302561e+00   1.3326496e-01  -7.1574703e-01   5.9180389e-01
  -2.2134526e-01  -3.2826982e-01  -7.9438065e-01  -6.3227293e-01  -1.3322899e-01  -3.6081972e-01   2.3596930e-01
  -1.4902699e-01  -5.3654023e-02  -3.7639441e-02  -3.0804198e-01   1.1349135e-01  -8.8526728e-02   9.7304274e-02
  -1.6608001e-01  -2.2565977e-01   9.8970163e-02  -6.6184605e-02   3.0532381e-01   2.5174339e-01  -2.7703316e-01
  -4.2960465e-01   5.1443681e-02   1.7105364e-01  -6.3775965e-02   1.0282242e-01  -1.4198682e-01  -6.3739285e-01
  -4.5715431e-01  -2.7343777e-01  -3.2942852e-01  -1.2819830e-02   5.3191156e-02  -1.8995710e-01  -1.0524187e+00
   4.2769176e-01   2.1477382e-01  -2.7900717e-02  -2.7086617e-01   2.0519489e-01  -5.0007069e-02  -1.5977564e-01
   2.8890933e-02   1.8576951e-01   1.1807777e-01  -1.0492959e-01  -3.4000124e-01  -3.3979098e-01   7.5403807e-02
   8.9694213e-02   3.7943670e-01  -1.1172746e-01   3.7531651e-01  -8.9697668e-02   3.3331801e-01  -7.2849124e-02
  -1.9837580e-01  -5.0495050e-01  -2.2277449e-01  -3.1639207e-01  -1.3075418e-03  -1.3449547e-01  -3.0954858e-01
   8.6155638e-02  -1.3255034e-01  -2.0492170e+00  -5.9122964e-01   8.0500948e-02   2.5722729e-01   1.0980270e-02
  -9.7756896e-03  -1.9705676e-01  -3.3540890e-03   1.5639781e+00  -1.1611579e+00   3.9929603e-01  -6.0863211e-01
  -1.9313000e-01  -5.5763482e-01   1.7117823e-01  -4.0774310e-01  -1.2226322e-01   1.3879753e-01  -1.1143956e-02
  -9.3607334e-02  -2.9381432e-01   1.9644016e-01  -2.0001815e-01  -1.3212202e-02   2.3449260e-01  -1.1647114e-01
  -1.3900386e-01  -5.0875766e-01   7.1417689e-02  -9.5692549e-02   1.6722282e-01   4.4220996e-02  -3.3882395e-01
