   1.6909576e-02  -1.7820134e-02   4.1950422e-01  -1.3510722e-01   3.2635937e-01  -4.4501359e-01   1.7545345e-01
   4.0408766e-01  -6.9441069e-01   7.0791924e-01  -9.1094590e-01  -2.5058998e-01   3.7032885e-01  -2.1401189e-01
   1.9153075e-01   5.1227252e-02   8.5326849e-02  -1.7334912e-01  -8.2385911e-02  -7.7425818e-02   1.7678224e-01
   7.9111889e-03  -4.9652255e-02  -1.6728742e-01  -9.1960862e-02   6.9007683e-02   2.9925064e-02   6.3735327e-02
  -2.1676908e-01  -2.9827117e-01   4.1628272e-01   2.4710485e-01   6.2638787e-02  -7.8544414e-02   5.8767877e-02
  -1.1404186e-02  -1.0399099e-01  -2.1804480e-01   2.7944714e-02   1.3075662e-01  -1.1172024e-01  -1.4511643e-02
  -2.7250865e-01   6.2810632e-02   7.0424662e-03   1.4711772e-01  -3.7057656e-02   1.1582660e-02  -2.7439363e-01
   6.4111368e-02  -1.2531283e-01   3.9769048e-01   1.2674386e-01   2.1168870e-03  -3.3267888e-02   9.0745399e-02
  -3.0776703e-01   2.7359623e-01  -1.5203744e-01   5.1836898e-01   2.6067483e-01   3.4209259e-01   1.0862598e-01
  -4.3982306e-01   6.7700616e-02  -2.4678514e-01   2.7958557e-02   1.1734186e-01   2.5730139e-01   7.2730901e-03
  -1.0001120e+00   2.4993552e-01  -7.0378843e-01  -1.5168049e-02  -1.8490757e-01   2.0064910e-01   1.7788907e-02
  -4.9999574e-01   3.8220654e-02  -1.8882656e-01   9.4531733e-01  -8.2773320e-01   6.3656309e-01  -1.2956577e-01
  -7.8910500e-02   1.0268584e-01  -1.0698385e-01   1.3039580e-01   2.1525909e-01   2.8997557e-01   7.1716427e-02
  -5.3460666e-02   1.0501239e-01   1.8981829e-01   5.4407739e-02  -7.0863450e-02   1.2995384e-01   5.4646945e-02
   4.1148920e-01  -1.9649463e-01   1.4893377e-01   8.5429520e-01  -4.5937124e-02   7.9870375e-02   6.5041910e-02
   9.3470216e-03  -3.0179675e-01   1.6584144e-01  -1.3574792e-01  -2.9494952e-01  -1.5379437e-01  -1.7722863e-02
   1.0473120e-01  -1.2272894e-01   1.5377524e-02  -1.4761011e-01  -2.0067966e-01  -2.4593551e-01   1.9291174e-02
   4.7377196e-02   1.7884645e-01   2.1590835e-01  -9.0473433e-03  -2.8639396e-01  -1.7467251e-01  -1.5162051e-02
   1.3456770e-01  -1.2876740e-01  -1.3414316e-01  -1.0387109e-01  -3.6775171e-02  -1.0822969e-01   1.4201211e-02
   2.7176654e-01  -6.0102825e-02   1.1578904e+00  -3.6215087e-01   5.2702045e-01  -1.3475234e-01  -1.0611256e-01
   1.2267284e-01  -1.0759298e-03   3.8257019e-01   3.5489640e-02   2.3195452e-01  -3.3124581e-01   2.1390071e-01
  -2.1791295e-01   2.1521503e-01  -1.8687382e-01  -9.1343244e-02   2.6938262e-01   2.0543539e-01   3.2716409e-02
   2.3868899e-01  -1.0138845e-01   1.8850989e+00  -3.8885333e-01   3.7873615e-01  -3.6026314e-02  -8.1214959e-02
   2.0078499e-01   1.6398949e-01  -2.8259361e-01  -1.5665242e-01  -3.2622525e-02   3.8995899e-02   4.6868847e-02
   1.1841963e-01   2.9783430e-02  -3.3040323e-02  -7.2461193e-02  -6.1978844e-02   1.9694566e-02  -7.0378276e-04
  -4.2013650e-01   4.9703240e-01  -5.7764922e-01  -1.9359326e+00   9.5389140e-01   1.7926868e-01  -2.9294916e-01
  -1.0774546e-01  -4.7014370e-01   6.4428759e-02   1.3271197e-01  -1.5122496e-02  -1.4575372e-01   1.9300214e-01
   2.7532549e-02  -1.0969809e-01  -2.9581729e-01  -7.1817642e-02   2.1648586e-01   6.1424148e-02  -6.2049087e-02
  -1.3076819e-01  -1.0096951e-01   2.2195216e-01  -2.2613496e-01  -2.4142283e-01  -1.4616561e-02   5.5882131e-02
   1.3454698e-01  -2.8154872e-03  -2.1192319e-01   2.3501335e-02   8.6158998e-02  -2.8574373e-03   2.3072022e-02
   2.4812105e-03  -1.9598427e-01   1.9972115e-01   3.0979828e-01   2.2502916e-02  -8.6528400e-02   1.3211421e-01
  -3.5551301e-01  -1.8719725e-01  -5.3272802e-02   2.5425312e-01   7.0849554e-02   1.8885252e-01   7.6667771e-02
  -9.9839718e-02  -2.0818365e-01   1.5706836e-01  -2.2689260e-01  -3.3207699e-01  -1.0009899e-01  -1.4425574e-02
   6.4667106e-01  -6.2159801e-01  -5.2459806e-01  -2.5887245e-01   2.4558294e-01  -1.0128281e+00   4.4385318e-01
