   1.6590786e-01  -5.1433754e-02   4.4682998e-02   1.6155075e-02   1.6713788e-02   5.0401833e-02   8.7094728e-02
  -4.2442639e-01   8.5889640e-02   6.9090688e-02   6.6253644e-02   4.8164760e-02   1.7015783e-01  -8.4919100e-02
  -7.8888709e-02  -3.7411792e-01   3.3648249e-01  -4.6725067e-01  -4.1149788e-02   4.7172051e-03   4.4378094e-02
   1.0525644e+00  -9.0272908e-01  -2.3544097e-01  -7.7176720e-01  -1.1718355e-02  -5.3081043e-01   7.5692501e-01
  -1.2644610e-01  -4.0353700e-01   2.7255028e-01   3.6847005e-01   1.9866724e-01  -1.6176180e-01  -2.1185273e-02
   5.2869886e-01  -3.9000050e-02   2.8463651e-02   1.7555617e-01   1.6412421e-01  -1.7768149e+00   6.8797344e-01
  -1.8027956e-01  -7.8695989e-03   7.1968829e-02  -1.2114500e-01   2.0054925e-01  -2.7025232e-02   4.7640201e-02
  -1.3388373e-01  -1.6392619e-01  -2.2791018e-02  -5.6228702e-03  -3.8353183e-01  -6.5345736e-02   2.0523115e-01
  -5.0058662e-02  -1.3430847e-03  -2.1380969e-01  -1.3799383e-01  -1.8655459e-01  -1.6357334e-01   9.0638804e-02
   8.2233710e-02   2.8477001e-02   7.0924052e-02   3.9334308e-02  -1.1737113e-02  -2.5388769e-01  -2.2892454e-02
   2.3116782e-01   1.9788705e-01  -2.1108286e-01  -6.7513389e-01  -1.8614482e-01  -6.7112978e-01  -2.6922556e-01
   8.6713231e-01   3.2861933e-01   1.3725664e-01  -1.9922318e+00   1.2898022e+00  -5.5682846e-01   5.2399220e-01
  -1.2407396e-01   2.0463299e-01   7.8274770e-02  -1.1445252e-01   2.1807131e-01   1.3276983e-02   1.1245339e-01
   1.0211866e-01   3.8361925e-02  -5.2095821e-01   1.8362420e-01   1.1400114e-01  -4.3342045e-01   4.3296020e-01
   1.2528909e-04   2.1493603e-01  -1.8237405e-01  -5.4287604e-01   5.4352127e-01   2.2504045e-01   2.9672528e-03
   8.9335782e-02   1.7226431e-01  -5.1576379e-02  -6.2692829e-02   8.3513054e-03  -1.4160072e-01   1.0201575e-01
   1.3549115e-01  -1.6812275e-01  -2.2387503e+00  -2.6125548e-01  -3.3612155e-01   2.5359947e-01   3.9264468e-02
  -1.0770495e-01   1.2430457e-01  -6.1589762e-02   3.9712770e-03  -5.1534391e-02  -1.9466546e-02   3.7344114e-02
  -7.8424745e-01  -4.0647346e-01   9.7070042e-02   7.7765493e-01  -1.4048852e+00   5.4496353e-01  -1.9899268e-01
  -3.0466110e-01  -1.2527009e-01   4.0106614e-01  -2.7857007e-01  -1.0526265e-01  -5.0161663e-02   4.1456929e-01
  -4.8168088e-04   1.1957228e-01   4.7273478e-01   4.1276311e-01   2.9185259e-01  -6.4890147e-02  -2.5681537e-01
  -1.7440571e-01   6.4406786e-01  -1.3668703e-01   1.3921933e+00   1.5218890e+00   4.8247810e-01   2.9945763e-01
   2.3952485e-01  -1.0332422e-01  -1.3149371e-01   4.8714481e-02  -1.7752962e-02  -1.4097734e-01  -2.3081181e-01
   3.0531773e-01  -2.0315917e-01  -5.9134627e-01  -4.3894677e-01   3.1348675e-02  -1.5026241e-01   7.9960471e-02
  -8.5156134e-02   9.5178793e-02   3.4482314e-01   2.8176840e-01   8.2317520e-02  -4.1500967e-02   8.4722157e-02
  -2.3085132e-01   6.2118105e-01   3.9027550e-01   7.5996591e-01   1.4240236e+00  -5.4344280e-01   5.7532900e-01
  -3.1587061e-01  -1.4187674e-01  -4.9502855e-01   5.6996152e-02  -3.9730483e-01  -2.6224630e-01  -1.6983832e-02
   5.8542558e-01   4.8438138e-01   4.9774636e-01   6.6206770e-01  -3.0429463e-01   3.1829628e-01  -3.0917058e-03
   2.9569888e-01   1.7818072e-01  -1.2368531e-01   1.7776930e-01  -4.9784061e-02   1.8832053e-01   2.3245897e-02
  -1.3638134e-01  -1.3810671e-01   2.4331667e-02   1.7402861e-01   1.2417293e-01   2.7443165e-02   2.5320252e-02
  -5.6495689e-01  -2.0692563e-01  -2.9820490e-02  -6.2081427e-01   2.5083215e-01  -3.2856461e-01  -9.5957061e-02
