  -7.5873678e-01   6.9179422e-03   2.0571360e-01   1.7438425e-01  -4.8165484e-01  -8.6028636e-01   1.8422720e-01
  -4.4283457e-01  -2.6870905e-01  -5.7497122e-02  -7.5950309e-02   5.8742595e-02  -8.1093109e-03  -1.6188403e-01
   3.0159419e-01  -2.8237350e-01  -1.9751605e+00  -5.9380151e-01  -2.8168972e-01  -1.7348230e-01   3.8795874e-01
   2.1673320e-01   8.0687132e-01  -1.9046540e-01  -7.1455956e-01   6.3966266e-01  -7.5060069e-01   6.7595888e-02
   1.3168932e-01  -4.2204287e-01  -4.2033232e-01  -1.1813857e-01  -1.0988458e-02  -4.0188446e-01   8.8660281e-03
   1.5079679e+00  -1.0478808e+00  -8.7085107e-01   3.6573311e-01  -2.7560722e-02  -3.6006830e-01  -9.8937021e-02
   6.3096198e-01   1.1185972e+00   1.2680027e+00   3.2478627e-01  -3.0433560e-01   5.3210105e-01  -4.1964977e-01
   3.3952031e-01  -7.9481337e-02  -8.5283090e-02   1.2064882e-01  -3.8311045e-02  -2.5102330e-01   2.6702462e-01
   1.9392881e-01  -2.1118547e-01  -2.1551334e-01  -2.9864736e-02  -4.0119040e-02  -1.0989022e-01   3.7678302e-03
  -6.9305114e-01  -2.2033892e-01   7.7379212e-01  -2.6014363e-01  -2.8998114e-01  -2.7375996e-01   4.1335201e-01
   1.2738036e-03   4.2595246e-01   2.4619896e-01   3.7856435e-01  -9.8426677e-02  -1.0144957e-01  -6.5587205e-02
   1.3834771e-01   1.0815020e-01  -1.5588303e-01  -1.5433783e-01  -1.9251355e-01  -2.4787939e-01  -6.7830957e-02
   1.0085370e-01  -2.2256671e-02  -1.8563588e-01   8.8765895e-02   5.3791043e-02   2.3666000e-01   2.5608360e-01
  -3.7491505e-01   3.1399078e-01   3.3160508e-01   5.2418973e-01  -2.0085638e-01   2.6137401e-01   3.1715842e-01
   6.1211739e-01   1.0992860e-01  -6.5486297e-01  -5.5743776e-01   1.1423413e-01   2.5920315e-01   3.3426827e-01
  -1.0705124e-01   2.3649863e-01  -6.8631976e-01  -5.4705535e-02   7.4417515e-01   3.6304826e-01  -1.5087317e-01
   1.2481453e-01   1.3458640e-01   5.2677696e-02  -4.3177391e-02  -1.6723035e-01   3.6062371e-01   1.9244916e-01
  -2.5388941e-01   3.2808391e-01   2.1928352e-02   6.9201991e-01   1.0859107e-02  -5.8409978e-02   4.1639544e-01
   1.8777789e-01  -3.7925985e-01   1.2541070e-01  -7.0102861e-02  -2.6097873e-02   1.7982787e-01  -3.9534795e-01
   1.4519713e-01  -2.9502549e-01  -5.2656420e-02   3.8105021e-01   1.8027595e-01  -2.4472902e-01  -5.3765436e-01
   2.0944224e-01   1.4547825e-01   2.5540443e-01   5.4367409e-02  -4.2495595e-01  -1.2333194e-01  -2.2037936e-01
   2.6691037e-01  -1.2074002e-01   3.0923684e-01  -3.9023701e-01   7.6583314e-01   5.9395457e-02   5.5430086e-02
  -4.1511121e-01   5.4182965e-01   2.6144190e-01   6.0439341e-01   4.6338776e-01   4.7206651e-01  -1.3701263e-01
  -6.0466026e-01   4.7718222e-02  -8.6450123e-01   5.0397302e-02  -3.2614948e-01   6.2877900e-01  -1.0410170e-01
   1.2304684e-01  -2.3570608e-02  -2.5394649e-01   2.4271830e-01   2.0783609e-01   8.3286387e-04  -2.4189228e-02
   1.5830114e-01   2.4119898e-01  -2.9129795e-01   5.2801756e-01   1.8858826e-01   5.1578657e-02  -2.2880917e-01
  -1.5753302e-01   1.8043955e-02  -1.1911105e-01   1.9957602e-01   5.1785289e-02   1.5584790e-01   1.4070535e-01
  -3.5344360e-01   7.3952332e-02  -1.8276198e-01  -2.2462478e-02   3.5042571e-02   4.2635341e-02  -2.0231058e-01
   2.1325016e-01   4.3853382e-01   1.9793361e-01  -3.7069895e-01  -1.9923555e-01  -2.6590768e-01   2.5822094e-03
  -1.0834520e-01   2.9989449e-01  -2.9072655e+00  -1.9755114e-02   1.5836714e-01   1.4684140e-01   1.0714413e-01
  -5.9494439e-01   4.8995269e-01   6.2004399e-02   8.8201670e-01   1.3903170e-01  -8.6381315e-02   2.7026960e-01
  -1.4352764e-01   1.5424858e-01   1.9681745e-01   3.5211146e-01   5.4731046e-02  -1.0413506e-01  -1.0940459e-01
  -1.0858683e-01  -7.2020827e-02  -4.2510323e-02  -3.8545436e-02  -7.7184073e-02   1.2312819e-01  -1.3243722e-01
