  -1.1495237e-01  -7.8324252e-02   6.1045617e-02   2.1973364e-01  -1.3727192e-01   1.4125247e-01   1.6201807e-01   1.2328612e-01   8.0869045e-02   1.3560364e-01   1.1052138e-01  -3.5935149e-02   3.8895122e-02   2.1845477e-01  -2.9696032e-02  -1.0385152e-01   1.7220844e-01  -1.6218295e-01  -1.3267667e-01   1.8338976e-01  -9.9670042e-02  -1.4945483e-01   1.7175042e-01  -5.9097922e-02  -1.4630289e-01  -1.3150668e-01   3.4984133e-02  -2.2797804e-02   3.4906839e-02  -3.5078470e-02  -5.0945000e-02  -1.1703956e-01   8.6000995e-02
  -2.6354160e-03   5.9235178e-01   1.2938304e-01  -1.6944911e-01   1.9119407e-01  -1.3257509e-01   2.6080111e-01   2.8435884e-01  -1.9073696e-01  -7.2970425e-02   1.3248705e-01   2.9809242e-01   5.0910046e-02  -1.6568241e-01   4.2704770e-04   1.6930146e-01  -3.6434845e-01  -1.8160967e-01   1.5418890e-01  -1.8436431e-02  -1.6807429e-01  -1.3127452e-01   2.6002505e-01  -6.8362128e-03   1.2467979e-01   1.5668567e-01   4.5302750e-01   1.9794922e-01  -2.4708681e-01  -7.3237216e-02  -8.0086346e-02  -2.7538420e-01  -3.9469321e-02
  -1.5444626e-01   6.9495465e-02   7.7757053e-02   8.2077865e-02   1.6384222e-01   3.3301180e-01   1.0112197e-01  -9.5170333e-02   3.0418523e-02  -5.6574498e-02   1.1271101e-01  -8.6817071e-02  -7.8324596e-02  -3.3962883e-02  -1.1456204e-01  -2.1844262e-02  -4.3653402e-01  -2.9925145e-01   1.3165841e-01  -2.5676320e-01  -1.5917942e-01   3.0665794e-02   6.2180247e-02  -4.9916235e-02  -3.5846234e-01  -2.3919369e-01  -1.8440986e-02   1.9888004e-01  -1.2554201e-01  -4.2362249e-02   4.7519089e-02  -6.4064218e-03  -3.2823481e-02
   1.2849634e-02  -3.3663665e-02   2.6996800e-02   8.2841524e-02  -1.4260924e-01   5.4161127e-02   1.8479335e-01   5.5519843e-02  -7.9075303e-02   2.8625977e-02   7.3698356e-03  -6.0282381e-02  -1.5029127e-01  -1.3440144e-02   1.6984811e-02  -5.7132032e-02   9.5959807e-02  -1.3334885e-01   7.2749184e-02  -1.7496980e-02  -8.6548051e-02  -2.0369959e-02  -7.2477205e-03   8.9323493e-02  -5.1425794e-02   2.1289559e-02  -1.9079516e-01   1.8375189e-01   7.0387163e-02  -6.6259632e-02  -5.6329703e-02  -3.4862096e-02   6.4229053e-02
   8.1045511e-02  -4.4211704e-02  -4.0288518e-02   4.8819426e-02   8.9851639e-03  -4.1555540e-02  -1.2699949e-01  -1.3713341e-01   9.5219202e-03  -2.4688003e-02  -6.8483690e-02  -7.6542496e-02  -4.3372177e-02  -7.1432413e-02  -2.4585506e-02  -5.6647429e-02  -1.3605445e-01  -9.3047356e-02   3.5749558e-02  -1.6031203e-01   1.2417375e-01   8.6379441e-02  -1.3334898e-01   7.5702371e-02  -6.9380482e-02  -7.4279657e-02   1.3554529e-02   8.4523962e-02  -3.7582195e-02   1.1648305e-01   5.9066632e-03   1.1974498e-01  -7.1467719e-02
  -1.8198253e-01   2.9774741e-01   2.2896542e-01   1.3227541e-02  -5.8321063e-02  -1.4377111e-01   7.8425670e-02   7.7675043e-02  -1.2969122e-01   8.8870237e-02   2.3898350e-01   1.9814201e-01   1.6410197e-01  -1.3606928e-02   6.4300420e-02   1.1084866e-01  -1.9348057e-02  -7.8509688e-02  -4.7279084e-02   5.0944009e-02  -7.3693539e-02  -3.3900070e-01   3.2359781e-01  -3.4118486e-02  -6.8731176e-03   5.6558187e-02   2.7058232e-01  -2.6378741e-03   3.6599623e-02  -2.3007535e-01   2.1683122e-02  -1.3634900e-01  -1.4550582e-02
  -1.7585634e-01   8.9814563e-03  -1.1708926e-01   9.7981527e-02  -1.4078246e-01  -6.5424554e-02   1.5304227e-01   5.1542230e-02  -1.1187756e-01   1.7172649e-01   1.5064033e-01   6.1707081e-02   9.4838497e-02   1.5572998e-01   4.3735938e-02   2.3971517e-02  -6.3272990e-03  -1.0675673e-01  -2.5754022e-02   6.2405546e-02  -9.2469444e-02   1.1210812e-02  -1.6695600e-02   6.0618268e-02   7.3871403e-02  -5.3121809e-02   9.7005197e-02   1.1538370e-01  -6.2089291e-02   5.0923460e-02  -2.9272197e-02  -6.6185830e-03   9.2060869e-02
  -1.3829900e-02  -4.2784424e-02  -3.1439885e-02   9.9124249e-03  -2.9708990e-02  -1.4400354e-03  -1.4850398e-02  -2.9927932e-02  -5.4492509e-04   4.7501812e-02  -9.0173681e-03  -1.4015233e-02   9.6277388e-03   3.2552857e-02   3.5842400e-03  -1.4777164e-02  -3.1313424e-02   8.9538258e-03  -2.1324337e-02  -2.1820566e-02   1.9355761e-02   1.6262013e-02  -4.1688710e-02   2.3945624e-03  -1.7516391e-02  -1.5714230e-02  -2.5303035e-02   4.1662658e-04   3.6904569e-02   3.0603000e-02   3.2697100e-02   1.5635739e-02   4.4413864e-02
   7.6894510e-03  -8.1582167e-02  -1.2333138e-01   1.3147339e-01  -1.0282557e-01  -4.3770940e-02  -4.0790367e-02  -1.0541722e-02  -6.0357763e-02   8.4919968e-03   6.0422670e-02  -8.8891934e-02  -1.7261410e-02   3.3891043e-02  -1.0604328e-01  -3.5766605e-02   1.8318356e-02  -2.4979717e-01   1.0056403e-02  -8.1063115e-02   8.5793132e-02  -7.1040651e-03  -5.9764951e-02   8.5566845e-02   5.1196747e-03  -2.1175946e-01   1.2398470e-01   6.0674866e-02  -1.2696070e-01  -2.8272543e-03   8.2926936e-02   8.5942306e-02  -7.1974018e-02
   1.6375209e-01   1.0914969e-01   1.2062474e-01   1.2781456e-01   3.0949368e-01  -1.0916472e-01   3.7844587e-01   3.2921176e-02  -4.6781913e-02   1.0617358e-01  -4.7909064e-01   6.4576657e-02   7.2277837e-02  -2.5659936e-01   5.2980436e-01  -3.0871171e-01   5.4145810e-01   2.8716190e-01   4.3097791e-01   3.2848651e-01   2.1843888e-01   1.2402050e-01  -1.0448773e-02   1.1316565e-02  -7.1354579e-02   4.3543720e-01  -7.6336559e-02  -1.2242497e-01   2.5152179e-01   3.1883931e-03  -2.4679268e-01  -1.4986741e-01   3.4784745e-01
   2.8175310e-02   3.2357706e-02   2.0653363e-02  -1.8808234e-02   3.3756798e-02   1.0519606e-02   8.9967869e-03   2.2875130e-02   8.3868491e-03  -5.3637414e-02  -2.9878874e-03   3.3749799e-03  -1.9738960e-02  -4.6743094e-02   9.4091889e-03   2.1656292e-02   2.3639832e-02  -3.0593074e-04   2.9592680e-02   7.5621967e-03  -1.0554904e-02  -9.6180495e-03   2.6129690e-02  -5.7696973e-03   1.5440922e-02   4.9572008e-03   2.0033846e-02  -1.6488854e-03  -3.3092253e-02  -1.7124484e-02  -3.5387036e-02  -9.7224015e-03  -4.3437869e-02
   2.0583486e-01  -8.6031291e-02   1.6596067e-01  -2.0307610e-01   2.3836271e-01   1.8561391e-01  -1.7960204e-01  -1.1911845e-01   3.6372039e-01  -3.0842808e-01  -1.5005358e-01  -1.3907645e-01  -2.1205016e-01  -1.8319987e-01  -1.6829851e-02  -9.1248500e-02   1.3054190e-01   5.5271465e-02   2.0031993e-01   5.2720578e-02  -6.0166424e-02  -3.1694159e-02   1.7390042e-01  -8.2789241e-02  -1.8405034e-01  -2.4931009e-01   6.5023180e-02  -1.3166621e-01  -1.4036808e-02  -1.7579251e-01  -6.5106127e-02   1.4024345e-01  -9.1290405e-02
  -5.9508392e-03   2.9932127e-03   1.3705920e-02   1.8854222e-02   8.8639313e-03   5.0640466e-03   1.4301726e-02  -9.8435615e-03  -9.8969778e-03   1.7240588e-02  -2.9844004e-02  -4.0088774e-03   8.4755072e-03  -9.3765160e-03   2.2926311e-02  -2.9881814e-03   6.7906566e-04   1.9078669e-02   9.2510397e-03   8.4483399e-04   6.3840581e-03   1.8996124e-02  -1.5265667e-02   5.3289704e-03  -7.8332472e-03   3.6212734e-02  -4.0447077e-02   1.5314260e-02   2.4834577e-02   1.9683993e-02  -2.3038919e-03  -1.3977995e-02   3.6937704e-02
   7.7229393e-02  -8.5118276e-02  -6.8876461e-02  -1.7163255e-03  -1.8800076e-03  -1.2655302e-02  -1.3645800e-01  -1.0134266e-01   2.1803028e-02   3.5202790e-02  -1.6543608e-01  -8.1092245e-02  -1.9995042e-02  -6.7373104e-02   2.5550716e-02  -5.8013258e-02  -9.1609051e-02   3.7945912e-02   6.7078997e-03  -7.4990482e-02   1.0556377e-01   1.0181300e-01  -1.6345388e-01  -1.3666762e-02  -5.7013622e-02   2.4793492e-02  -7.2986350e-02  -2.4663916e-02   9.2980673e-02   9.2845318e-02   3.7332174e-02   6.9103624e-02   6.7168987e-02
   4.2107502e-02  -5.6783104e-02  -3.6716056e-02  -4.4842197e-03   1.3284151e-02  -1.4064845e-02  -4.2428613e-02  -6.4995368e-02  -2.0800461e-02   3.5043779e-03  -5.9622752e-02  -4.7657678e-02  -3.2808075e-02  -2.7372645e-02   2.8787122e-02  -4.0263941e-04  -3.1211762e-02   3.7207988e-02   2.6865497e-02  -6.5158214e-02   8.2696773e-02   4.4369745e-02  -6.5116861e-02   1.2596542e-02  -6.9376179e-03  -8.3768111e-03  -5.9950460e-02   2.9666587e-02   2.8945624e-02   5.9746707e-02   4.3639435e-02   4.3821091e-02   1.0354142e-02
  -4.1062823e-01  -1.4083928e-01  -7.3168019e-01   4.0615305e-02  -3.3327074e-01  -3.7713485e-01   2.1916356e-01   4.8514687e-01  -4.2776426e-01   7.5936473e-01   6.2733512e-01   5.8793323e-01   3.0844699e-01   1.2819820e+00  -3.1002027e-02  -3.4823359e-01   9.1530033e-02  -4.9821475e-02  -4.1035777e-01   5.4147348e-01   1.9395580e-02   2.7750717e-02  -1.9940662e-01   7.5880812e-02   5.0916558e-01  -8.4224833e-02   5.7262294e-01  -2.1440204e-01  -2.3180630e-01   2.1302426e-01  -2.7817012e-02  -9.1374616e-02  -1.7766379e-01
   3.3677077e-03   5.7264693e-02   5.5849904e-02   6.3776517e-04   3.1219248e-02   8.3703956e-03   5.2619041e-02   6.2364811e-02  -1.5729411e-03  -6.3014373e-02   2.5422108e-02   2.1423310e-02  -1.6740285e-02  -4.1772253e-02   2.2154710e-02   3.7962273e-02   7.9305034e-02   1.5866019e-02   3.8625278e-02   5.5471767e-02  -2.8296482e-02  -3.9972622e-02   7.6970658e-02  -1.6924508e-02   3.6309552e-02   1.5852225e-02   8.7012979e-03  -1.3833199e-02  -3.0375272e-02  -6.9522129e-02  -3.4896333e-02  -3.3280840e-02  -5.1419289e-02
  -9.7267906e-02  -1.6158584e-01   5.2045915e-02   2.2386265e-01   1.6242633e-02  -7.0352290e-03  -1.6890591e-02  -2.6976995e-02  -2.3537405e-01   6.8782045e-02  -1.4971847e-02  -5.9176601e-02   1.6827085e-02   6.2628690e-02  -1.0506214e-01  -2.8892439e-01  -1.5525936e-02  -1.7190301e-01   4.2716602e-02   6.8768291e-02   1.2625710e-01   5.1364931e-02   9.1732364e-02   9.4697287e-02  -2.4893668e-01   1.9437950e-01  -1.0908902e-01   8.9906947e-02   4.9429040e-02   4.7428791e-05  -4.2596007e-02  -7.0725765e-03   1.9097861e-02
   1.1675666e-03  -4.7264212e-02  -1.8345810e-01   1.1610845e-01  -1.6219316e-01  -1.6346490e-01   1.4107712e-01   7.5099152e-02   3.2430189e-03   1.1504967e-01   1.3628399e-01   1.1976640e-01   9.6195102e-02   1.4661634e-01   1.6730398e-01   1.0620632e-01   1.9071518e-02   3.8559302e-02   1.4657054e-02  -1.2372578e-02   2.1410418e-01   2.5961342e-02  -1.3924634e-01   8.4952824e-02   2.2054778e-01  -3.1832167e-01   2.7383107e-01  -8.8851598e-02  -9.4522244e-02   6.4406266e-02   8.9273851e-02   5.5643038e-02   4.0466995e-02
   7.8723707e-02   1.2033624e-01   4.5401936e-02   2.0365976e-04   9.4228022e-03  -6.3966461e-02   2.4835560e-02   6.5507760e-02  -1.8884873e-04  -9.0164331e-02  -5.6023664e-02   1.8082712e-02  -5.9982395e-03  -2.1611084e-02  -2.6920620e-02  -2.1968138e-02  -8.0021378e-03  -7.7993287e-02  -4.0838095e-02  -2.5213511e-02   6.5500590e-02  -2.1827624e-02  -5.0397557e-02   5.5549557e-03   3.3947710e-02   6.3243548e-02   6.5184252e-02  -5.9179251e-02  -1.2105782e-01  -4.9693130e-02  -6.3511524e-03  -9.5597578e-03  -1.1951202e-01
   1.7078814e-02  -5.1128742e-02   1.7696529e-01   2.1149654e-01   3.1141765e-01   2.5102086e-01   1.4645369e-01  -2.6166308e-01   2.4042487e-02  -8.3635673e-02  -2.8121722e-01  -2.4643813e-01  -2.2421290e-01  -2.9844750e-01   9.1118995e-02  -3.3736705e-01  -5.5970742e-02  -4.3563086e-01   4.7215875e-01  -1.6370018e-01  -7.9054082e-03   1.5293862e-01  -2.3189485e-03   1.2850512e-01  -5.8352829e-01   3.6265945e-02  -3.2909466e-01   3.4416883e-01   1.5601277e-01  -1.0283850e-01  -6.0240877e-03   7.7833163e-02   2.1959530e-01
   1.0635234e-01  -6.1859060e-02  -1.7494695e-01   5.0743509e-02  -3.4113836e-03  -1.4355514e-01   1.6933567e-02   1.1950125e-01  -1.7365550e-01  -6.7485043e-02  -1.7939368e-01  -5.6105505e-02   3.5829589e-02  -2.4633402e-02  -1.4968135e-01  -8.5260125e-02  -6.9247903e-02  -2.6709439e-01   5.3376083e-03   9.2529977e-03   5.1399362e-02   1.0482656e-01  -1.6361123e-01  -3.6416163e-03   7.8539785e-02   1.1119496e-01   2.7383767e-01  -4.7798249e-02  -2.5559378e-01   9.2226230e-02  -6.7758877e-02   1.3465342e-02  -2.2146469e-02
  -3.8305201e-03  -4.4933854e-02  -3.7255800e-02   1.0630188e-02  -3.5656435e-02  -2.1174962e-02  -2.0052869e-02  -1.1693249e-02  -2.1899722e-02   1.7020268e-02   6.4721445e-03  -6.0434720e-03   3.9914806e-03   3.1609660e-02  -3.2997739e-02  -2.5768295e-02  -2.6157540e-02  -3.9476370e-02  -1.5686594e-02  -2.6967147e-02   1.7427557e-02   9.7002789e-03  -3.0564251e-02   2.0126974e-02   1.2136458e-03  -1.5443381e-02   3.1160667e-02   2.5089749e-04  -8.5907102e-03   1.5538001e-02   1.3601915e-02   2.8697060e-02  -3.4936379e-03
