   3.9202013e-01
   1.6096751e-01
   1.5963966e-01
   1.2161018e-02
   9.7163003e-03
  -1.5407528e-01
  -1.5688310e-01
   3.7056788e-02
   3.5805453e-01
  -2.9607613e-01
  -3.2917646e-01
   6.5606653e-02
   9.8085076e-02
   2.2503643e-01
  -1.9587700e-01
   1.8180157e-01
   2.0061478e-01
   5.4875807e-02
   9.4775852e-02
   3.1841013e-02
   9.0946221e-02
   1.9698888e-01
  -2.0826531e-01
  -4.9105619e-01
  -2.7028250e-02
   3.5024635e-02
  -3.8059245e-01
   6.0587350e-03
   1.5420170e-01
   1.2983842e-01
   8.5892516e-01
  -1.2239839e-01
   2.6913156e-01
  -3.6955822e-02
   6.0577825e-01
  -2.1835419e-01
   5.9583600e-02
   3.4840934e-01
   3.7153649e-02
   1.7650530e-02
  -3.2786884e-02
  -4.8483280e-02
  -1.3006003e-01
  -2.7644015e-01
