   3.0502962e-01   2.4848875e-01   3.1332649e-01   4.4173982e-02  -2.4929756e-02   1.2688736e-01   2.1810311e-01
   1.5770283e-01   1.6216360e-01   9.3852604e-02  -1.0325135e-01   9.0636110e-02  -1.5582082e-01   6.3862790e-02
   1.6143343e-01  -6.7588928e-02  -3.9947842e-02  -6.8963874e-02   2.0133369e-01   2.2394558e-01  -1.4102985e-02
  -1.1591030e-01  -1.1246354e-02   7.4713597e-02   6.8915572e-02  -1.5902801e-01  -1.8232969e-01   3.6848730e-02
  -3.7130105e-01  -1.2029104e-01   1.6209843e-01   4.5682045e-01  -4.5463434e-01   4.2111836e-01  -3.0936155e-02
   1.3145787e-01  -8.4603566e-02  -4.7048542e-01   3.1192382e-01  -4.4598818e-03   2.6138051e-01  -1.6093320e-01
   2.6909147e-01  -2.0238915e-01  -2.4514576e-01   4.0545922e-01   4.2593348e-02   1.1030784e-01  -6.6699259e-02
  -9.3973991e-02   2.2381038e-01  -1.0077670e-01  -6.8480997e-02   4.6992759e-02  -2.3441980e-01  -3.3184251e-01
  -2.0273538e-01  -6.1436260e-02   4.2328285e-02  -3.6262238e-01  -2.5204096e-01   1.9248816e-01  -7.1493309e-02
  -5.5885005e-02   4.1771366e-02   1.9845172e-01   1.0578486e-01  -5.3991640e-02  -9.2181890e-02   5.0819438e-02
  -2.2568121e-02  -1.4109848e-02  -1.4220052e-02   1.3968864e-01  -8.4947622e-02   1.2903137e-01  -3.4565688e-02
   2.2423695e-01   5.3093972e-02  -1.8166748e-01  -8.8021514e-02   1.9342068e-01   2.0776446e-01  -1.0325334e-01
   4.5672143e-01  -1.6478506e-01   2.0822922e-01   5.2191856e-02   2.7485402e-01  -2.3725700e-01   1.1660393e-01
  -1.0279955e-01   4.0882820e-03   3.2155794e-05   6.6178438e-02  -9.7642214e-02   5.1905740e-02  -5.0600349e-02
   1.9473839e-02  -1.9958876e-02  -1.5993301e-01  -7.0069116e-02   2.1271605e-02   8.6240375e-02  -4.3979438e-02
   1.9566685e+00  -3.2900685e-01   5.6766709e-01  -1.7823551e+00   2.4485840e+00  -2.2112767e-01   4.6244519e-01
  -8.4530875e-01   9.5759031e-01   1.8058198e-01   5.3080375e-01  -5.6109302e-01   6.2367639e-01  -7.5719927e-01
  -1.7626251e-01  -1.1268325e-02  -3.9055910e-01  -2.2651072e-01   9.6040264e-02  -1.3215102e-01   1.9972070e-02
  -7.7605561e-02   2.0248615e-01   2.7740440e-01  -1.1306024e-02  -3.7757964e-02  -1.8486499e-01   5.0849570e-02
   3.0991573e-01   9.4289057e-02  -4.3965665e-03  -1.1603126e-01   1.7814092e-01  -2.0392192e-01   1.4371007e-01
   1.0125710e-01   2.3587197e-01   1.4754421e-01   1.9894751e-01  -3.6849236e-02  -2.2965061e-01   7.9301778e-02
   1.1455695e-01   5.2893032e-02   1.7235677e-01   7.7766589e-02  -6.2104090e-03   1.7002816e-01   8.7583368e-02
   1.0599220e-01   2.1326390e-01   5.6563934e-01   1.3485263e-02  -1.7629147e-01   1.0388950e-01  -1.3279994e-01
  -3.4735463e-01   1.0475229e-02   8.7948930e-01  -6.4137364e-02  -2.6325979e-01  -3.0024919e-01   3.6510352e-01
  -1.2742448e-01  -4.3245754e-01  -8.0198099e-02   5.9236851e-01   8.5778328e-01  -1.0717235e-01   7.1433323e-02
   1.4001661e-02  -1.0481924e-01  -1.1575952e+00  -2.2842991e-01   2.2714579e-01  -3.6322846e-01   9.3030454e-01
  -6.2629744e-02  -4.7539485e-03   1.2281074e-01   8.8237216e-02  -6.6350473e-02  -1.4089822e-01   4.2048359e-02
   1.0549283e-01  -2.1040783e-01  -6.1500599e-01  -2.9627193e-01   5.5245111e-02   2.5291671e-01  -2.4471451e-02
   6.3190278e-02   2.4152514e-01   4.6887904e-02   1.2680376e-01  -2.3895211e-02  -1.4656722e-01   2.8247474e-02
   1.2454008e+00  -1.0409005e+00   1.0725440e-01  -1.0470119e+00  -5.9905884e-01   6.1279028e-01  -1.2255348e-02
   1.4145576e-01  -4.5562866e-02  -2.2648730e-01   3.0903243e-01  -5.4564821e-02   2.3375697e-01  -1.2331847e-01
  -6.4528549e-01  -2.4715458e-01  -2.4266149e-02  -4.7264371e-01  -2.2210051e-01  -1.8119682e-01   1.5601455e-01
  -2.3409952e-01  -3.6227100e-01  -6.2827058e-02   7.8605110e-03   1.7986532e-02   1.7180082e-01  -8.7002736e-02
  -1.3882382e-01  -8.5741152e-02   1.8885565e-02  -1.1443535e-01  -4.6991515e-02  -2.9964681e-02  -9.4826617e-03
   4.6827338e-02  -6.6339611e-02   3.7473122e-04   5.2272901e-02   2.5543047e-02   1.5192975e-01   1.3875092e-02
  -1.4958782e-01  -1.4916953e-01   3.5628462e-02   2.6951361e-02  -1.3009602e-01  -1.3327801e-01   5.9030944e-02
  -7.8432940e-03  -3.4018983e-02  -6.5943299e-02  -1.1881850e-01   9.3188710e-02   1.5671638e-01  -3.1348701e-02
  -8.0740546e-01  -1.3003701e+00  -3.3233628e-01  -1.1700431e+00   5.0819564e-01  -4.4393622e-01  -7.1986205e-01
   1.1096762e-02   3.6484107e-02   1.1952429e-02  -6.4969104e-02   2.4818868e-02  -6.1758710e-02   3.2948314e-02
  -1.8571396e-01   1.6617865e-01  -2.6237399e-01   7.3077575e-02  -1.6173231e-01  -1.9064424e-01   9.3351708e-02
   3.7301303e-02  -4.2453684e-02   6.4525696e-02   3.2909338e-02   1.9707502e-02  -2.3884629e-02   3.3229409e-02
   3.9318745e-02   8.2158193e-02   8.9959034e-03  -7.7192864e-02   5.1316440e-02  -1.5755514e-01  -1.8906758e-02
  -4.6737538e-02  -9.6218102e-02   2.7913285e-03   5.0989255e-02  -8.2392967e-02  -5.9793142e-02   1.0355481e-02
