  -1.1837748e-01
  -5.7386506e-02
  -8.2988564e-02
   8.1644040e-02
   9.5898932e-02
  -1.1520132e-01
  -4.5361551e-01
   3.4197657e-01
   4.9503588e-02
   9.6849479e-02
   3.5089576e-01
  -1.1069836e-01
  -2.2739276e-01
  -1.2801015e-01
  -3.7153208e-01
  -3.1406962e-01
   1.4455128e-01
  -2.0448413e-01
   1.3151851e-01
  -1.8692845e-01
   1.0505346e-01
   1.6715425e-01
   4.8780108e-01
   6.4755153e-02
   1.3211955e-01
   1.6300068e-01
  -2.0932961e-01
  -9.7846851e-02
  -1.2201636e-01
   4.5038240e-02
   1.4616240e-01
   1.4690546e-01
   3.9097971e-01
  -7.6062595e-02
   9.5043041e-02
