   1.2204008e-02   2.7875710e-02  -9.9287749e-02  -1.5405807e-01  -1.4967262e-01  -2.1216144e-01   1.6904638e-01
  -9.0917389e-02  -4.0581051e-02   5.8332251e-02  -5.8765923e-03  -1.5169946e-01  -1.1635707e-01  -1.0809712e-02
  -7.4375400e-01  -1.0028647e+00   3.9816033e-01  -1.4943950e-01  -2.5141297e-02  -4.3654629e-02   4.2442055e-01
   3.5773066e-02   5.5931327e-02   2.3594557e-02  -1.4735700e-01  -8.3437649e-02  -5.0383589e-02   8.2943428e-02
   1.5298265e-01  -1.5015253e-01  -3.4819786e-01   1.4730565e-01   4.0261283e-01   2.2908001e-01  -7.4591388e-01
   7.3364717e-02  -6.3755501e-03   1.9871677e-01   1.6402966e-01   5.0304460e-02  -2.0196739e-01  -2.3350756e-02
   1.4182068e-01  -7.5072477e-02   9.1632072e-02  -7.8093697e-02  -2.7538149e-02   2.9738891e-02   2.2028660e-02
  -3.0250843e-02  -5.1063435e-01   3.5200870e-01   5.3488670e-02   2.7842682e-01  -1.9567396e-01  -1.0496438e-01
   3.7742370e-02  -7.7961766e-02   1.7036791e-01   1.3913661e-03   4.2323400e-02  -1.1584246e-01   1.6422621e-02
  -7.4387009e-01  -5.0325534e-01  -2.3270981e-01  -2.0429799e-01  -7.2319179e-02  -2.8582280e-01   4.0593352e-01
   3.5169074e-02  -5.3876108e-02   1.8905960e-01   3.6188485e-02  -1.6639088e-01  -1.3780093e-01  -6.1669565e-03
  -9.1123949e-02  -1.2837661e-01   1.1564422e-01  -1.7448371e-02  -1.6326219e-01  -1.2530514e-01   1.8394475e-02
  -4.1250696e-01   6.7903717e-01  -9.3827647e-01   2.8708301e-01  -5.9313120e-02   3.9545293e-01   4.9203308e-01
   2.7024446e-01  -1.4138327e-01  -6.1909488e-02  -1.3076787e-01   8.4273768e-02   2.2009373e-01   9.0625352e-02
   2.5408729e-02  -1.4788094e-01  -5.6422029e-01  -2.8813990e-01  -2.2740957e-01  -1.0633529e+00  -1.9152287e-01
  -7.4894450e-01   4.0991445e-01  -1.2263426e-01  -1.2658909e-01  -4.3020824e-02  -7.4419921e-02  -1.9066761e-01
   9.1391112e-02  -3.2900600e-02  -1.1446085e-02   6.3938880e-02   1.8072300e-01   1.5754570e-01  -2.8658073e-02
   1.7161877e-01  -1.9451691e-01   2.3364282e-01   6.3467620e-01  -3.0817336e-01  -6.3452675e-02  -1.9387020e-02
  -8.1180753e-01   4.4281854e-01   7.9881076e-01   2.1999029e-01   1.0876231e+00  -6.6344742e-01  -1.5965708e-01
   2.0580678e-01   2.2891123e-02  -1.0203779e-01  -1.4156551e-01  -6.4922737e-02  -1.4924289e-01   7.2878112e-02
   1.9525496e-01  -2.6893677e-01   7.1970210e-01   2.2482939e-01   1.0188512e+00   3.4112860e-01   3.6252990e-01
  -1.2927585e-01  -7.7663006e-01   2.2624339e-01   1.5121022e-01   2.1079133e-02   3.1643031e-01  -3.3525567e-01
   4.2111715e-02  -4.3899383e-02  -2.3061869e-01  -1.5276098e-01  -2.0972259e-01  -3.6068310e-01   1.8278375e-01
  -1.3424804e-01   2.0070089e-02  -4.2755192e-02   8.8100645e-02  -9.9615828e-02  -3.9677586e-02  -2.8454799e-02
  -6.4653323e-01  -7.7302909e-01   8.9539544e-02   2.1265066e-02  -8.6884233e-02  -1.7180589e-01   3.2548110e-01
   9.9262983e-03  -5.3622231e-02  -2.0279470e-01  -3.2563568e-01   2.3917221e-02   1.3927524e-01   7.3366390e-02
  -6.3128069e-01   3.2744175e-01  -6.0593363e-01   7.8117766e-01  -3.6039281e-02   6.1183002e-01   1.1926396e-01
  -2.5674288e-02  -6.4004926e-03   7.2180297e-02  -2.6789473e-02  -1.1793739e-01  -1.0263736e-01  -2.3117989e-02
   1.4455145e-01  -7.5836102e-01   8.1957167e-01  -1.6968351e+00   4.0502546e-01   1.8328371e-01   2.4330010e-01
   1.8075160e+00   9.3792504e-02   1.7600783e-01  -3.0963846e-01  -4.5434501e-01   2.9972446e-01  -1.0874647e-01
   1.0185132e-01  -2.4496825e-02  -4.3500609e-02  -1.3588901e-02   1.0191293e-01   1.9454332e-01  -6.5311770e-02
  -8.4560036e-02  -3.2123429e-02  -4.2172621e-02   9.9538923e-02   8.5727841e-02   3.1415853e-02  -1.1072176e-02
   4.6091436e-01   7.3180435e-01  -3.0590485e-01  -1.0895324e-01  -1.4023594e-01   1.0435097e-01  -2.8285361e-01
  -9.7862065e-02   3.8893289e-02   2.5600526e-03  -9.5584726e-02  -1.2088700e-01   7.9661364e-03   3.5219609e-02
   4.4253436e-02  -1.8550874e-01   1.8606943e-01   3.2077965e-02   6.8939804e-02  -6.0174663e-02   4.8392034e-03
  -1.6267786e-01  -8.5323091e-01  -1.1593477e+00   1.2014726e+00  -8.7279102e-01  -3.2887744e-01  -4.4000738e-01
   9.1581142e-02  -5.9666134e-02  -3.3944262e-02  -6.4459430e-02   6.9621390e-02   2.3518640e-01   1.5936950e-02
  -1.7679153e-01  -7.8505073e-02   4.7572171e-02   1.0248141e-01  -3.1605535e-02   5.8457520e-02   6.5867192e-02
  -7.4794670e-02  -3.3251775e-02   1.5417839e-02   5.3530349e-02   4.7894834e-02  -2.6606576e-01   9.4313520e-03
