   7.1954214e-01
   2.8957817e-01
   4.8809764e-02
  -1.3755238e-01
  -1.1651697e-01
  -2.2097031e-01
   9.2345055e-01
   1.3414925e-05
   1.3541505e-01
   1.1663382e-02
  -5.9013030e-01
  -1.2073012e-01
  -4.0472363e-01
   5.0312488e-02
  -5.5991921e-02
   1.1651671e-01
  -7.6962531e-02
  -7.0983398e-02
  -2.6944290e-01
  -5.4138207e-01
  -6.2879036e-02
   1.2765948e-01
   2.1041832e-02
   3.3692177e-02
   2.2214650e-02
   2.3850141e-01
   1.4586670e-01
  -6.4331818e-02
  -1.9332661e-01
   4.8862808e-02
  -1.2908042e-01
   3.7322187e-03
  -3.4475548e-02
  -1.5565107e-01
  -1.7416174e-02
   1.2937261e-01
  -2.4266292e-02
  -1.1992024e-01
  -5.6514394e-02
  -2.4168801e-01
   8.3991025e-03
   2.5709004e-01
  -4.1800171e-01
