   6.0151506e-03  -5.6333585e-02   1.7965492e-02   5.4138462e-02  -2.8871426e-02   3.4669505e-02   6.4110803e-02  -1.1362144e-01   6.1152571e-02   7.0999078e-02  -1.6120169e-02  -4.4710033e-02  -5.4709976e-02  -5.1055092e-02   1.1385309e-01   7.3919861e-02   1.4608238e-02   8.7427506e-02  -1.6144012e-02   3.8287326e-02  -4.0023068e-02   8.6360031e-02  -1.2755118e-01  -4.2038688e-02  -2.6129283e-02  -1.0024279e-01  -2.0174047e-02  -1.3577501e-03  -1.1289418e-02  -3.8265252e-02   9.6755039e-02   4.0275218e-03   5.2947202e-02
   1.0910762e-01  -9.0372704e-02  -9.9144364e-02  -2.5209772e-01  -6.5325575e-02   6.4043995e-02   1.7218012e-01   2.5622871e-01  -4.4048711e-02  -7.9852933e-02  -4.9539723e-03   8.1361307e-03   6.7624805e-02  -1.0146027e-02  -2.0296102e-02   1.9039762e-02   3.9359772e-04  -1.6100974e-01  -1.5469109e-01   3.6150171e-01  -7.7373806e-02  -3.5553491e-01   2.5367695e-01   1.5758765e-01   2.2398870e-01   8.5638463e-02  -1.2336317e-01   2.0475347e-01   2.7523193e-01   1.3870723e-01  -9.7762330e-02  -2.8489796e-01  -5.3749948e-02
  -6.0250172e-01   2.6553488e-02  -1.0880315e-01  -2.6003620e-01   1.0826848e-01  -1.0787635e-01   6.6895973e-01  -3.3287964e-01  -3.2386074e-01  -1.8718935e-01  -6.8975815e-02   4.1060473e-01   1.1463009e-01   3.7488483e-02   6.5155444e-02  -2.2165658e-01  -2.6379549e-01  -9.8520783e-02   2.3308572e-02  -1.9772674e-01  -2.6946624e-02  -3.0202353e-01   1.2341695e-01   1.1958849e-02   5.7764916e-03   4.6949904e-02   2.1790199e-02  -1.6734670e-03   8.6898006e-02   1.4573897e-01  -2.6576051e-01   3.6394727e-01  -1.1701205e-01
   7.2848826e-02  -1.5999150e-01  -1.6063302e-01  -3.8983343e-01  -9.1555303e-02   1.2848879e-01   1.1389937e-01   4.0248603e-01  -1.4452239e-01  -3.1535225e-02  -5.2589771e-02  -3.3840955e-02  -1.2669729e-01   3.4242649e-02  -2.4830924e-02   5.2122707e-02  -2.3901129e-02  -1.1433997e-01  -2.4610514e-02   5.4988837e-01  -2.8738017e-01  -2.7025235e-01   2.0001187e-01   2.8568553e-01   2.9237233e-01   6.8249702e-02   2.9832823e-03  -3.7992039e-03   3.7159775e-01   1.3610922e-01   6.5570291e-03  -1.8803174e-01  -1.0022730e-01
   1.4401139e-02  -1.0086788e-03  -1.2098717e-02  -7.1428830e-03  -1.0331821e-02   1.6360238e-03  -4.0152175e-03   2.7955665e-03  -7.2331066e-03  -1.5465026e-02  -8.6180566e-03  -1.8617828e-02  -9.7668296e-03   1.4022974e-04  -9.2949450e-03   1.8744826e-02  -5.7978811e-03   1.1338666e-02  -6.6891586e-05  -1.5590809e-02  -4.0483777e-03  -1.2413938e-02  -7.7067739e-03  -3.4683556e-03   5.6337489e-03   1.7310711e-02  -7.2605318e-04   1.0804714e-02  -3.2237847e-03   3.6069728e-03   1.0376620e-02   8.4105989e-03  -1.1733509e-02
   1.0555202e-02   1.9799184e-02   1.1902430e-02   1.1466368e-02   1.0117686e-02   5.1056741e-04   4.1621702e-03  -6.9007892e-03   1.0952290e-02   1.2977510e-02   4.5899970e-03  -3.4588903e-03   2.2934881e-03  -4.7795601e-03   5.6735890e-03   4.8909543e-03   1.7167412e-02   1.4759112e-02   1.3503494e-02   9.3076492e-03  -2.0259263e-03   1.0863100e-02  -3.5792944e-03   1.2575200e-02  -2.2563237e-02  -2.3235574e-02  -1.0025611e-02  -6.9961691e-03  -7.6179633e-03  -4.6808438e-03  -4.2588644e-03   6.3182263e-03   6.9682394e-03
  -1.0908292e-02   1.4132403e-02   2.0906079e-02   3.0109635e-02   1.5387082e-02   2.0449734e-03   2.3612659e-02  -2.9415100e-02   2.3573318e-02   3.6920624e-02   1.6929522e-02   9.0459171e-03   4.2767561e-03  -2.5968727e-03   2.6059686e-02  -2.1479299e-02   2.7365776e-02   2.3844092e-02   2.4658830e-02   3.7169332e-02   3.1016310e-03   3.1134968e-02  -7.1737799e-03   1.5027865e-02  -2.0745526e-02  -3.6381601e-02   5.0926674e-03  -2.8448206e-02  -9.8078386e-03  -1.6322577e-02  -1.8297769e-04  -2.8694232e-02   2.3706588e-02
   4.5460116e-02   2.9971183e-02   5.4560438e-02   1.0589385e-01   4.5849509e-02   1.3114003e-03  -7.7773443e-02  -2.9189826e-01   4.7410158e-02   2.8141235e-02   8.4847450e-02  -4.3311324e-02  -4.6265462e-02  -3.7935815e-03   3.9573639e-02  -3.0224351e-02   8.2343263e-02  -5.8557535e-02   2.1002386e-02   7.2553540e-03   1.4050416e-02  -2.3842844e-02   3.7785142e-02  -5.2846859e-02  -2.4415921e-01  -4.2697612e-02   5.6898334e-03  -1.7645785e-01  -5.0626651e-02  -9.8917707e-03   2.0631942e-02  -7.9241073e-02   7.8204752e-03
   6.1664443e-02   1.3918568e-01  -2.9914451e-02  -4.6997925e-02   7.6751141e-02  -7.9700926e-03  -1.9026316e-02  -5.7165277e-02  -3.4832129e-02  -7.4957161e-02  -7.6873921e-02   1.6475868e-02  -4.6608400e-02  -9.7258450e-02  -6.9143295e-02   9.1693606e-02  -4.1192038e-02  -2.7832403e-03   5.2959030e-02   1.1040559e-01  -1.5243270e-01  -1.1512722e-01  -1.7482812e-02  -1.5741573e-02  -7.5782300e-02   9.6736108e-02   2.8429142e-02  -1.4457723e-02  -7.9660705e-03   5.2531777e-02   3.3521820e-02   7.8237457e-02  -8.0815472e-02
  -5.0318138e-03  -1.0496639e-03   1.8602777e-03  -2.3170461e-03   2.2353536e-03  -2.0066833e-03  -1.6310503e-03   3.5755622e-03  -8.3692495e-04   2.8321006e-04   6.2798232e-04   7.5554058e-03   4.0167516e-03  -6.6446795e-04   2.8822542e-04  -5.0264971e-03  -2.0567953e-03  -9.6887489e-03  -3.2146346e-03   2.0427921e-03   1.8287750e-03   8.9016084e-04   4.8819966e-03  -1.2092686e-03   1.1543219e-03  -9.7534740e-04  -5.2718359e-04  -7.0264370e-04   3.5742852e-03   1.8043366e-03  -4.8492833e-03   1.0432832e-03   9.5062376e-04
   1.0633150e-02  -3.4754518e-02   3.7460410e-02   6.4259794e-03   1.3322210e-03   1.7872458e-03  -1.8909017e-01  -2.0585969e-01  -5.0872883e-02  -2.6006978e-02  -2.3072802e-02  -1.4749124e-01  -9.6543760e-02  -1.5855793e-03   3.9260531e-02   8.1267505e-02  -5.0331027e-02   2.7160701e-01   7.4714981e-02   9.4074405e-02  -1.1197878e-01  -3.3775440e-02  -1.8008937e-01  -2.3183594e-02   7.2148363e-02   1.7540440e-03   4.4971643e-02  -7.9139700e-02  -8.1783789e-03   9.0979113e-03   3.3452333e-02   6.4714542e-02  -1.3324791e-02
   9.7569202e-02   9.3000207e-02  -4.1590405e-03   1.2968813e-01  -2.3774178e-02  -2.5202204e-02   3.3615114e-01   1.5700773e-01  -5.6879100e-03   5.3486397e-03   1.4804986e-02   1.4334655e-02  -5.3186892e-02   1.6408990e-01  -1.4926564e-01  -8.1041285e-02  -8.2789995e-03  -1.3126575e-01  -1.9615105e-01  -5.7638329e-01   3.1098866e-01   1.2953457e-02   1.4156579e-01   4.0967813e-02   1.3810936e-02  -6.4358985e-02   5.6821502e-02  -4.4736407e-03  -1.2975895e-01  -5.1841617e-02  -6.6851090e-02  -2.6823938e-02   6.9984520e-02
   2.6320768e-02  -4.5676330e-03  -1.2270880e-01   2.0810803e-03  -8.1620103e-02   5.2513930e-02  -7.9724835e-02   2.2736655e-01   1.2955305e-01  -2.0689826e-02  -4.6700850e-02   2.4362872e-03   1.3382242e-01  -1.4776461e-02   1.0887035e-01   9.2373131e-02   5.9249177e-02   1.0506159e-01   4.2205077e-03  -4.9777084e-02  -1.1491297e-01   1.7836693e-01  -5.1435137e-02  -3.0842737e-01   1.1383029e-02   1.8710789e-01  -3.5172978e-02   5.3702367e-02  -8.6932968e-02   3.0962366e-04   1.6817766e-01   4.1124366e-02  -4.2956517e-02
   4.4628747e-02  -2.8597792e-02  -3.6716984e-02  -7.7959354e-02  -2.8073379e-02  -1.0090940e-02  -4.5534742e-02   6.7113912e-02  -5.7423897e-02  -9.5781814e-02  -3.7374489e-02  -2.2207113e-02  -4.9371657e-03  -1.3284217e-03  -6.3944930e-02   5.1760605e-02  -6.6647661e-02  -5.8707889e-02  -6.0392030e-02  -8.9554971e-02  -4.6625435e-04  -8.5363419e-02   2.4941206e-02  -1.2789592e-02   5.7053652e-02   9.0119572e-02  -9.2630793e-03   7.4505371e-02   3.3759449e-02   4.6354348e-02  -1.9222309e-02   6.4477861e-02  -5.9264176e-02
   8.9727691e-02  -8.0889069e-03  -7.6337622e-02  -6.7215974e-02  -6.2232884e-02   9.0588984e-03  -6.5188258e-04   2.9445090e-02  -7.7561650e-02  -1.2209700e-01  -5.5554510e-02  -1.0347902e-01  -3.1130146e-02  -1.6838632e-02  -3.0946963e-02   1.2032830e-01  -6.2580374e-02   1.0684588e-01   8.9275468e-03  -1.0900144e-01  -2.2209689e-02  -9.7171665e-02  -6.2438847e-02   1.0326524e-02   7.9278080e-02   1.2364893e-01  -1.3857204e-02   9.2309959e-02  -6.6357004e-03   5.7352606e-03   4.0747168e-02   8.7922743e-02  -7.9531058e-02
   3.0703012e-02   7.0014167e-03  -1.7331394e-01  -7.0036824e-02  -1.2540810e-01   3.0872229e-02   3.1826490e-02   9.5284508e-03  -7.7027879e-02  -1.9856674e-01  -4.7244775e-02  -1.1245567e-01   1.9411735e-01   6.2452391e-04  -7.6590708e-02   9.1114953e-02   2.0101313e-02   1.5822062e-01   1.4673737e-01  -1.7504431e-01   1.3182210e-02  -2.2860531e-01   5.9196737e-02  -2.4024612e-02   1.1474388e-01   2.9741754e-01  -5.4147482e-02   3.1186688e-01  -6.7474320e-03   1.0579487e-02   8.7936146e-03  -6.7355039e-02  -9.2155867e-02
  -1.0602710e-02   1.1876731e-01  -5.4125863e-03  -1.9459048e-01  -2.5953951e-02   8.5187122e-02  -7.5364928e-02   4.4909145e-01  -1.5230116e-01   8.3938613e-02  -1.2936877e-01   2.2710098e-01  -1.2266850e-01   1.1345980e-01   1.6243602e-01  -1.3923192e-01  -4.9441433e-02   3.2661971e-01   6.8371850e-02   1.0173299e+00  -3.2335657e-02   6.1108625e-02  -4.7592046e-02   3.7432534e-01   3.6522412e-01  -1.9355745e-01  -2.8211085e-03  -1.0157523e-01   2.3458111e-01  -1.6188723e-01  -1.1494285e-01   2.4712977e-01   1.1528952e-02
   1.5004370e-02  -9.2385296e-03  -1.8311263e-02  -3.7065915e-02  -1.4631668e-02  -5.6062500e-03  -2.8359455e-02   3.4156213e-02  -2.6899442e-02  -4.5361985e-02  -1.9740497e-02  -1.0555208e-02  -2.8998584e-03  -1.2321824e-03  -2.6666927e-02   2.4763879e-02  -3.1180410e-02  -2.8831634e-02  -2.4338157e-02  -3.9682022e-02  -1.9406083e-03  -3.4320054e-02   8.4023807e-03  -1.4340443e-02   2.3657151e-02   4.2761459e-02  -4.0158108e-03   3.1156760e-02   1.3139581e-02   2.2398364e-02  -5.4087457e-03   3.5603028e-02  -3.0033190e-02
  -5.1353776e-03  -1.9006816e-01  -1.0405580e-01  -7.9635231e-02  -8.2279824e-02   1.7720175e-02  -1.2942750e-02  -4.5487470e-02  -8.4833506e-02  -9.9293829e-02   7.3449569e-03  -2.5273747e-02  -4.1672620e-02   4.8354465e-03   2.0837702e-03   2.4653731e-02  -1.0763438e-01  -4.9373545e-02  -1.0006854e-01  -5.3047956e-02  -3.8097799e-02  -1.3257870e-01   8.8243988e-03  -3.9203926e-02   5.3282275e-02   1.5485327e-01  -1.8878356e-02  -2.8461593e-02   4.4529538e-02   1.7809721e-02   7.1082795e-02   3.5796537e-03  -4.9902347e-02
  -2.1675404e-01  -3.3617063e-02  -4.4982630e-02  -1.5244608e-01  -1.5545243e-02  -8.0822595e-02  -1.8819543e-01   4.6654717e-02  -8.4772864e-02  -1.0713591e-01   2.4091080e-02   1.9183850e-01   1.8229875e-01   1.9308820e-02  -3.7740063e-02  -1.1876968e-01  -1.1756024e-01  -3.2225359e-01  -1.9686657e-01   9.9548487e-03   8.0567790e-02  -8.3603283e-02   2.5860343e-02  -1.7479229e-04   3.5273499e-02   9.2755241e-02  -1.0061278e-01   5.9212960e-02   6.6505148e-02   4.0422365e-02  -1.3430601e-01  -7.8913960e-03  -2.2557445e-02
   1.9022494e-03  -1.9374687e-02  -1.8476471e-02   1.1203888e-01   6.3600711e-04   1.7157157e-02   2.3853798e-02   1.0652662e-01   3.3435841e-02   3.9580015e-02   1.1506303e-02   2.4275235e-02   1.1083136e-01  -1.4689927e-03  -4.4839336e-02   6.1288733e-03   4.9961241e-02   4.1800061e-02   1.9696218e-01  -6.6021373e-02  -2.4099772e-03   6.4857214e-02   2.5300320e-02  -8.2561560e-02   3.8912209e-02   2.8818054e-02   4.4694768e-02   1.6177238e-01  -1.1893403e-01  -6.0549814e-02   1.9641289e-02   4.4476032e-02   2.9640291e-02
   5.2219385e-02  -1.9101353e-04  -1.0410653e-01  -1.1701150e-01  -3.9248087e-02   4.9133138e-04   7.6197051e-02   6.8525841e-03  -1.1293617e-01  -1.8199430e-01  -5.9793534e-02  -9.8973269e-02   2.7352465e-02  -8.1154267e-02  -5.8084952e-02   1.3553864e-01  -9.9945006e-02   8.8679145e-02   4.4035528e-02  -1.2529048e-01  -4.9172186e-02  -1.9419705e-01  -4.9603455e-02   3.9707526e-02   8.1090322e-02   2.0815151e-01  -3.0332758e-02   1.6184754e-01   2.3373631e-02   4.4957513e-02   2.2758021e-02   8.1749034e-02  -1.0769382e-01
  -8.2646214e-02   1.9100054e-01  -2.9078592e-01  -3.9103354e-01  -2.0201020e-01   7.6983393e-02   2.4588251e-01   3.2927484e-01  -1.1305553e-01  -2.4063971e-01  -2.3946274e-01   3.1461454e-01   1.9510392e-01  -2.3015499e-01  -5.2630226e-02   1.0574282e-01  -3.5737154e-02  -8.1253621e-01   9.6842543e-02   8.9259364e-01  -2.6607316e-01  -2.4470383e-01   5.1179825e-01  -8.0748497e-01   9.9401905e-02   4.3436395e-01   3.0555126e-02   3.3269045e-01   2.1192118e-01   2.8246527e-01   2.4617239e-01   5.6045068e-01  -3.3993925e-01
   6.0604969e-02   3.0752207e-01   2.5863264e-02   1.4934668e-01   4.7854565e-02  -2.0310473e-02  -3.3970614e-01  -1.2757420e-01   1.0136649e-01  -1.1157028e-02  -3.4027324e-02  -6.0072989e-02   2.1192336e-03   2.3968509e-02  -1.0049702e-01   1.6001459e-01   2.1483493e-02   2.4035762e-01  -2.2096930e-02  -1.0569926e-01  -2.0947167e-01  -1.9218713e-01   1.4438159e-01  -1.2760987e-01  -1.4693979e-01  -4.9604739e-02   1.7439050e-01   1.4450362e-01  -5.3897332e-02  -1.5606914e-02  -3.2892445e-02  -3.8544148e-01  -4.2182205e-02
   1.5411615e-02  -1.0751533e-01   2.2246063e-02  -3.9621011e-03  -4.3312479e-02  -2.0122017e-02  -6.2729106e-02  -1.0520085e-02   7.6233456e-02   2.3294080e-02   2.7805281e-03  -1.6781327e-02  -8.0521732e-02   2.7061637e-02   1.1579572e-02  -6.1690341e-02   3.3148830e-02  -2.3948289e-01  -2.1214661e-01  -3.2312875e-02   3.6722867e-02   4.3975066e-02   4.5590667e-02  -1.4303297e-01  -5.2117446e-02   3.7510243e-02  -8.8054544e-03  -2.7834906e-02   4.7620070e-02   7.2529364e-02   7.5313327e-02  -7.7386395e-02   1.3936959e-02
