   6.6351046e-01  -7.4785382e-01   3.5461126e-01   7.8705031e-02   2.5118051e-01  -3.1532918e-01   5.3097248e-03
  -5.8019909e-01   1.4031211e-01   5.2188659e-01   2.1213546e-01   3.4045789e-01   2.9781372e-01  -2.5118278e-01
   1.6917097e-01  -1.9679277e-02  -1.6527160e-01   6.6273487e-02   2.1446480e-01   2.8360513e-01   2.6457743e-01
  -6.2035483e-02   1.0657350e-02  -7.7061852e-02   1.1399443e-01   1.4325752e-01  -4.8035648e-03   4.0940170e-02
   4.5150817e-02   3.5958165e-02  -4.1902227e-02   1.1016607e-01   7.4925220e-02  -1.1431225e-02   2.2738292e-02
   1.5010902e-01  -4.8117885e-02  -3.3558957e-02   7.9869136e-02  -1.6673924e-01   6.7182909e-02  -2.9763629e-02
   1.1991769e+00  -9.3301107e-01   1.2748989e-01  -1.2983855e-01  -6.5714677e-01   2.4973269e-02  -3.6454643e-03
  -4.1732590e-01   3.6286466e-01  -4.1683393e-02  -2.0873887e-01  -1.8558432e-01   3.9798964e-02  -9.7738991e-03
  -1.0827138e-01  -4.2557826e-02  -9.7966449e-02  -1.1282895e-01   1.0859859e-01  -3.8167138e-02   6.2169893e-02
   2.1446791e-01  -2.3539773e-01  -5.2029409e-01  -8.1209778e-02   5.4830093e-01   7.7109206e-01  -8.6954392e-02
  -1.0694417e-01   3.5487211e-02  -2.3134279e-02   6.1202034e-02   1.7738098e-01  -3.8469527e-02   3.3042248e-02
  -7.9350781e-02   5.9115939e-03   5.3710843e-02  -1.4410320e-01  -1.1135463e-01  -1.5671256e-02  -2.2741792e-02
  -4.6623082e-01  -6.5183616e-01   1.8766371e+00  -2.5668835e-01   6.0086486e-01   2.9987840e-03   3.7659109e-01
   2.8067372e-01   1.0551894e-01   7.3911408e-02   2.5542892e-01   1.5426870e-02   5.9251342e-02   1.0051795e-01
  -1.1476318e-01   4.2554607e-02   2.7582894e-02  -3.0454017e-02   1.3526576e-01  -5.3974311e-02   3.4996217e-02
   2.0771553e-02   1.2311825e-02  -8.0053088e-02   1.6501147e-01   9.3785089e-02  -2.4687588e-02   1.0014819e-02
  -1.2393531e-01  -1.4070758e-01  -1.4041270e-01   9.1020340e-02   8.3000852e-02   9.4246854e-02   2.8728587e-03
   6.6638878e-03   2.0993373e-02   5.4166756e-02   8.9052374e-02   3.3230692e-02  -7.3641990e-02  -2.5565368e-02
  -1.1823226e-01   4.9766015e-03  -1.3391753e-01  -5.5911907e-03   8.9899708e-02   1.4780424e-02   4.0645539e-02
  -3.9914588e-02   4.3239052e-02  -5.8986215e-02   7.6582516e-02   1.5281685e-01  -9.4455563e-03   4.9422419e-02
  -1.1948231e+00   1.0976817e+00  -1.7823938e-01   1.1955946e+00   8.2385025e-01  -6.4174140e-01   1.0282721e-01
   1.3569318e-01   1.5402037e-02   1.5880607e-01  -1.7058674e-02  -5.4541020e-02   1.0143177e-03  -4.3491109e-03
   9.1510391e-01   2.3205012e-01   3.6455058e-01  -2.5903820e-01  -2.2246541e-01  -2.6536525e-01  -2.6984266e-01
  -1.5561677e-01  -1.4223008e-01   5.8125238e-03  -3.7648352e-02  -3.9521223e-02  -1.0497519e-03  -6.9961795e-02
   1.2843639e+00   2.1643693e+00   9.4873077e-02   2.4600306e-01   8.4396666e-04   2.1146757e-01  -1.0143893e+00
  -5.0548057e-01   1.1934564e-01   3.2307556e-01   5.7515254e-01  -3.0818200e-01   6.4462452e-01  -7.0479766e-02
  -9.0118588e-01   4.3343343e-01  -1.8416373e-01  -4.3909405e-01  -7.8291914e-02  -5.4225270e-01   9.6180550e-02
  -2.8751569e-02   4.3384359e-02  -1.1206713e-01   1.6876162e-02   1.1797751e-01   2.3158667e-02   2.9912956e-02
  -4.7435074e-02  -5.8904598e-02  -1.2712259e-01  -6.4177042e-01  -4.4859040e-02  -1.6119890e-02   1.1453113e+00
  -7.2651753e-02  -1.9209738e-02   7.9545393e-03   3.2070860e-01  -2.1526776e-01   3.3513379e-02  -9.4315019e-02
   9.1384614e-02  -9.7735191e-03   1.2892213e-01  -6.4968335e-02  -9.0212105e-02   1.5700835e-02  -1.0827857e-02
   7.5607498e-04  -2.2637108e-01  -2.6069461e-01   2.0922957e-01   1.7319489e-01   9.6870236e-02  -1.2978647e-01
   2.8204338e-02   2.4016955e-02   9.1508946e-02  -4.4724627e-02  -9.1067747e-02   6.3502478e-03  -2.3047014e-02
   9.4824852e-02   3.4294734e-02   1.3371150e-01  -7.5092970e-02  -7.5060669e-02  -1.3599608e-02  -3.4715910e-02
   1.0651580e-01  -1.3535524e-01   4.0524958e-02  -6.5466924e-02   1.2503296e-01  -2.7639555e-02   2.8610949e-03
   1.5270070e-01  -3.6971429e-02   4.2457622e-02   5.1319449e-02  -1.3661476e-01   2.0662787e-02  -5.1680383e-02
