  -3.0902709e-02
   1.1488487e-01
  -4.9704201e-02
   6.0339907e-02
  -4.4217346e-01
   4.5465004e-02
   8.5434084e-02
   3.1617622e-03
   3.5612977e-02
  -1.2488799e-01
   5.3504872e-01
   3.9641017e-01
  -5.0994266e-02
   1.1232804e+00
  -8.2229817e-01
   1.1035894e-01
  -5.3684933e-01
  -1.2789986e-02
  -7.9045974e-02
   4.9829072e-01
  -1.8664304e-01
  -8.6534843e-03
  -1.3919151e-01
  -8.1488444e-01
   1.3758495e+00
  -1.3953044e-01
  -1.9448482e-02
   3.4529817e-02
   1.4853012e-01
   1.8641554e-01
  -3.8037478e-02
   6.5727355e-02
   3.7192468e-02
   8.3444912e-02
  -9.2749981e-01
  -3.6339498e-02
  -1.1579740e-01
  -2.3656960e-01
   3.5490436e-01
  -8.0057444e-02
