  -5.8607176e-03  -6.5165956e-02  -1.8978490e-03   2.6289784e-01  -2.0516520e-01  -8.7580513e-02  -1.0757909e-01
  -4.8945735e-01  -5.8025353e-01  -1.9356459e-01  -2.3731361e-01  -1.6658141e-01  -4.1032591e-01  -2.3396593e-01
   8.3366303e-01   1.0803053e-01   2.9830322e-01  -8.0969786e-01   6.3912687e-01  -3.1931466e-01   2.5834799e-01
  -4.5604215e-01  -6.3137417e-01  -1.3759273e-01   1.6168687e+00  -1.0625831e+00   2.5068566e-01  -3.8242049e-01
   1.3219575e-01   2.3395096e-01  -4.5545861e-02  -7.7942130e-01   6.0108951e-01  -4.6740188e-02   4.5388604e-01
   9.8591945e-02  -1.1632339e-01   2.1389753e-02   5.4500790e-01  -6.9638161e-01  -3.9532851e-01  -4.3527844e-02
   2.9718911e-02   1.1551338e-01   2.4153715e-01  -1.0241009e-01  -1.9047767e-01  -1.1544574e-02   1.2945036e-02
   1.4651607e-02   2.1408777e-03  -3.2971984e-01   1.6234662e-01   6.1740881e-03  -1.4706390e-01   2.5011971e-01
  -5.0504388e-02   3.4206479e-01   3.8675695e-01  -6.0491888e-01   5.5430307e-01  -6.9370160e-02  -1.5563305e-01
   6.2020421e-02  -2.6912914e-01   9.0319165e-02  -1.3552591e-01  -6.4074065e-02   2.0782605e-01   9.1983298e-02
  -8.8453602e-02   3.3973367e-01   5.5539627e-01  -2.7576264e-03   6.3811308e-02   7.9008508e-01   2.4302106e-01
   1.6030829e-02  -5.2606474e-01   7.7711506e-01   3.5040075e-01  -6.9542757e-01  -3.6081923e-01  -4.7652001e-01
  -3.8210008e-01  -6.6245872e-01   1.1947567e+00   1.1936770e-01   1.6350252e-01  -3.0073759e-02   1.3953715e-01
   2.0897977e-01   2.3641324e-01  -9.8369127e-02   1.6857503e-01   1.9723561e-01   3.0540664e-01  -1.0835039e-01
  -3.8596938e-01   9.6021216e-01  -2.0901916e-01   1.4301930e-01  -3.9563250e-01  -1.8748958e-01   9.7310388e-01
   4.6404004e-02  -7.9728609e-01   3.9632910e-01  -7.5698346e-03  -1.4113514e-01   3.7360879e-01   3.9136629e-02
  -5.2265560e-01   1.0054373e-01   5.2412090e-01  -6.6743936e-02  -7.6133953e-02  -6.5924794e-01   1.4436258e-01
  -8.3595302e-01   6.9388033e-01  -1.5658732e-01   6.3959780e-01  -4.1178269e-01   2.8482018e-01   5.0539743e-01
   1.2304710e-02  -2.5048628e-01  -9.1111331e-01   1.0317452e-01   1.5481671e-01  -1.1625919e-01  -4.8986898e-03
  -1.4093743e-01   1.0576381e-01   3.0985507e-01  -3.2930672e-01  -4.7955485e-05   3.1972593e-01   7.2898061e-02
   1.0663725e-01   3.0921378e-01   1.1317146e-01  -8.5414026e-01   5.8700446e-01  -5.3201588e-02   3.1071571e-01
   3.6966733e-01  -5.5372090e-01  -1.4638008e-01  -9.3308126e-02  -4.7299341e-01   4.4793763e-01   1.6249872e-01
   2.9254188e-01   1.3236363e-01  -3.6872817e-01  -1.7171191e-01   2.1468988e-01  -9.5989336e-02   6.1224332e-01
   3.3383879e-01   3.4264898e-01  -7.1815261e-02   1.3064108e-01   6.1227410e-02   1.5268791e-01  -1.6544583e-01
   5.3075257e-02   3.7536443e-01   2.7139260e-01   1.2639779e-01  -7.2342613e-02   3.6261707e-01  -8.3259075e-02
  -5.4807070e-04   6.6321079e-02  -4.8035615e-01   7.6018286e-01  -6.4313935e-01  -2.3921820e-02   7.6168928e-02
