  -1.5973644e-01
   1.2746780e-01
   1.2851564e-02
  -1.5756394e-01
  -4.1105516e-01
  -5.5747164e-02
   1.4029231e-01
  -1.0928048e-01
   5.5724204e-02
   4.3648257e-01
   9.8894493e-02
  -3.2123579e-02
  -6.1689454e-02
  -8.6492620e-02
   5.2221061e-01
   1.3358437e-01
  -5.7961334e-02
   8.0226497e-02
   1.0955384e-01
   2.3989376e-02
   1.0339388e-01
  -4.9622989e-03
   4.1826717e-01
  -1.9351814e-02
  -1.7938789e-01
  -3.8306831e-01
  -5.7462737e-02
  -9.9912002e-02
   1.4716280e-02
  -1.9530980e-02
   6.2408501e-02
  -1.9152241e-02
