   4.6405917e-01  -5.1518581e-01  -8.8091635e-02  -8.0012289e-02   4.0038505e-02  -9.2381365e-02   3.8734230e-02   6.7670824e-03  -1.1700661e-01   6.5732828e-02   8.9768181e-02   7.4531357e-02  -5.3520671e-02   2.5563433e-01  -3.3879026e-01   2.5299723e-02   8.3138531e-03  -9.7120356e-02   3.5086539e-01  -4.0284761e-02   2.3003517e-01  -1.0792817e-01   2.6348554e-01   4.3315932e-01   7.2891056e-02  -3.7757115e-03   2.5892958e-02  -1.9026943e-03  -1.4298604e-01   3.3557586e-02  -1.0498259e-02  -1.2571704e-01   3.1462822e-02   2.9914271e-01   3.4900576e-02   5.1723958e-02
  -9.6644295e-03   1.3859225e-02   1.0652238e-02  -1.0387035e-02   6.8842764e-03  -2.9008251e-02   1.9259999e-02   2.1868577e-02  -1.1094263e-02  -2.1413595e-02  -1.7787109e-02  -1.9341974e-02  -2.2915696e-02   7.0373154e-03  -6.0256536e-04  -3.6719441e-03   5.8281017e-04  -1.5166892e-02  -1.1840986e-03   2.3256089e-02   2.1006576e-03   3.0739984e-04  -1.3669172e-02   3.3890069e-03  -2.8281012e-02  -7.4323822e-03  -9.1648921e-03  -1.3582284e-02   2.3346004e-02   1.1511288e-02  -2.1835070e-02  -1.0602711e-02  -1.1168657e-02   7.2267085e-03   6.7612704e-05  -8.4107510e-03
   7.5906226e-03   7.3835997e-03   1.7579780e-02   9.2330389e-03   6.3313144e-03  -1.3821560e-03   2.4414742e-03   2.8741392e-02  -4.3456786e-03  -3.1599802e-02  -3.8467792e-03  -1.3173698e-02  -3.4702328e-02   1.3410351e-03   3.2427474e-02  -2.5340907e-02   4.0551642e-02   1.7775117e-02   2.6890367e-03  -1.1299448e-04   2.3392744e-02   2.8445071e-02  -2.1317513e-03  -3.6154902e-02   4.7481806e-03   3.5370377e-02   8.9541165e-03  -1.8981417e-02   4.0985976e-02   8.2478245e-03  -1.5206318e-02  -1.3276176e-02  -3.7458273e-02  -8.6593112e-03   8.9011321e-03  -8.8016769e-03
  -1.3674401e-01   3.7355659e-01  -1.0571081e-01  -3.1797438e-02   1.0461117e-01   2.1062574e-01   1.5627605e-01   1.4973213e-01  -6.6583372e-02  -9.8856421e-02  -1.2615317e-01  -1.7851714e-01   2.2887905e-01   1.9295109e-01   5.0707535e-02   2.2784440e-01   1.0138085e-01  -9.2068582e-02  -5.1384563e-02   4.5824991e-02  -9.6170220e-02   9.9859095e-02   2.4018830e-02   2.8912945e-02   2.5051371e-02   1.3922367e-01  -1.0776651e-01   1.9326094e-01   1.9834678e-01  -5.4406996e-02  -6.6453368e-02  -2.2166018e-01   1.4080220e-01  -1.1360382e-01   1.3143656e-01   1.3539189e-01
  -1.8057398e-01   7.5182095e-02  -1.4104891e-01   2.1347805e-02   4.6569950e-02   1.1753471e-01   2.0365151e-01   5.0131521e-01  -1.1184586e-01  -1.1725701e-02   5.8950782e-02  -2.8374281e-02  -1.2902899e-01   1.0706024e-02  -5.4910504e-02  -3.1813362e-02   3.4779280e-02  -1.4519557e-01  -1.4936836e-01   8.3567883e-02   2.2334922e-02   1.5126584e-02   6.1480801e-01   4.4251576e-01   1.4988558e-03   4.5998404e-02  -1.2663805e-01   6.4905317e-02  -1.5536331e-02  -4.6159168e-02   2.2501814e-02  -3.0749401e-02   1.3035991e-01   6.4602511e-02  -1.2519172e-01   1.1239018e-02
   7.0314732e-02  -9.5927824e-02  -7.0539407e-02  -1.8468858e-01   2.2974617e-01   5.8529052e-02  -3.5361052e-01   5.5829074e-01   4.8644718e-02  -6.4336452e-02  -6.8353234e-02  -2.9192118e-02  -7.2043644e-01  -3.2483432e-01   1.3455527e-01  -2.8274975e-01  -3.6212234e-02  -3.6243815e-02   4.4682133e-01  -5.8540149e-02   9.9109386e-02   6.6971799e-03  -2.7225776e-01  -1.0511748e-01   2.2685529e-01   1.3473809e-01   2.2475337e-02   1.7004698e-01   2.9305830e-01   4.7836417e-01   5.3689259e-02  -4.0737833e-02   9.5620635e-02   7.3815219e-02   2.3946079e-01   4.1473986e-02
   1.6262499e-02  -2.3097245e-01  -1.1239662e-01  -1.0332721e-01   1.3089088e-01   5.8095980e-02  -7.9317865e-02   6.4113862e-02  -5.4270501e-02   5.6515357e-02  -6.1195519e-02   2.4764352e-02  -1.8384401e-01  -1.3558877e-01   9.1439093e-02  -1.4977048e-01   6.0543347e-03  -1.3341224e-01  -2.4181741e-01   5.9858999e-02   8.5133710e-02   1.6824088e-02  -4.4517505e-01  -2.5720300e-01  -2.4607411e-03   6.1162935e-02   2.4352607e-03   9.4790704e-02   1.7835546e-01   2.0488341e-01   2.9849099e-02   3.2742050e-02   6.1100952e-02   1.7120603e-01   1.7844160e-01   2.6645892e-02
   6.9868022e-03  -2.0180926e-02   2.4110420e-03   2.2107408e-01  -1.6676748e-01   2.1071310e-02   4.5360756e-01   3.4534943e-04  -4.9550002e-02   6.8439636e-02   4.7346232e-02   8.5116019e-02  -7.1610153e-01   2.2209961e-02   7.8536906e-02  -2.8642844e-01   3.6207913e-02  -3.4948742e-02  -3.6484300e-01  -3.0981884e-01  -5.7832261e-02   4.8749094e-02  -6.8897434e-02  -4.1089653e-01  -1.9723473e-01   1.5461421e-01   5.7519161e-02  -3.8316136e-01  -4.3609305e-01   2.0414133e-01  -2.4767114e-01   1.7009098e-01  -2.0102303e-01  -2.9841047e-01   1.0244092e-01  -8.7860199e-02
   2.3181401e-02  -7.6893607e-03   9.1052836e-03   1.1673933e-02   6.1146027e-03  -1.2407004e-02   2.4731267e-02   3.2442702e-02  -2.2957254e-02  -1.0681926e-02  -3.2408351e-03   2.0587825e-03  -1.4416128e-02   1.6793777e-03   4.3213828e-04  -5.1583801e-03   1.7910331e-02  -2.2263627e-03  -1.8305984e-02  -1.5803287e-02   1.3674897e-02   1.1000774e-02  -3.7434877e-02  -2.4268697e-02  -1.4997434e-02   2.7040798e-02  -2.2170681e-03  -6.9809923e-03   1.8192913e-02  -3.7852150e-03  -6.6481327e-03  -1.9137043e-02  -3.2189165e-03   1.8877546e-02   7.6698259e-03   9.2627981e-03
  -5.7564900e-02  -1.0445809e-01  -2.1002122e-02   2.2235572e-02  -9.9762388e-02  -8.8842590e-03   1.9870465e-02   1.8824286e-01  -3.6793011e-02   1.6805133e-01  -6.7812316e-02  -1.9487349e-02  -3.2855793e-01  -1.8242064e-01  -1.1370306e-01   1.6913614e-01  -5.9440555e-02  -4.2366059e-02   2.0941075e-02  -9.2954089e-02  -2.5060542e-01  -8.9302733e-02  -2.3147916e-01   1.1026722e-01  -2.4095869e-01  -7.2479427e-02  -5.8344587e-02   4.0770741e-02  -3.8077340e-01   3.3308031e-01   6.5819993e-02  -4.8246796e-02   5.6340046e-02   2.6849280e-02   8.3064042e-02   1.5960715e-01
   4.2358007e-01  -1.0977758e-01  -3.7003545e-02   9.1014512e-02   1.1826186e-01  -7.2462415e-02   3.2490636e-01   7.2989896e-02  -2.3925142e-01   4.0939609e-02   2.1955584e-01   7.3888053e-02   7.3207006e-01   3.5137000e-01   6.8606675e-02  -1.3488810e-01   2.0761560e-01  -8.6740984e-02  -1.1099124e-01  -6.8039684e-02   2.0524918e-01   9.6879343e-02   2.2273144e-01   5.2828531e-02  -5.9027901e-02   1.8994800e-01  -9.1801499e-03  -2.1162291e-01   3.7513226e-01  -2.0561754e-01  -1.9438783e-01  -1.3449770e-01  -6.8698308e-02   1.9582318e-02  -4.9177267e-02  -2.3755595e-02
  -5.2357899e-02  -2.6870718e-02  -5.9064635e-02   2.7648530e-03  -3.4714825e-02   1.1487169e-02  -5.6490425e-02  -7.3265405e-02  -1.6973622e-02   5.3018258e-02  -2.3299630e-04   2.7433528e-02   1.2811849e-01  -5.2150787e-02  -1.6937824e-02  -4.1598298e-02  -3.9690495e-02  -7.8788100e-02  -1.1894785e-01  -1.3467714e-02  -3.2416444e-02  -4.1963192e-02  -1.8775979e-02   4.9147263e-02  -3.1183897e-02   1.6901634e-03  -4.4307612e-02   1.4161954e-02  -6.1176375e-02   2.1383022e-02   2.1893832e-02   4.3528038e-02   6.8106558e-02   4.2100609e-03  -1.4948582e-04   1.5062950e-02
  -2.0052331e-01  -3.2843985e-01  -2.5074949e-01  -4.1810300e-02   2.0614393e-01   1.1214256e-01  -6.5716890e-02   3.9290028e-01  -1.4208173e-01  -6.6419004e-02  -9.1019068e-03  -6.0919084e-02   4.8228409e-01  -5.2415747e-01   1.5751082e-02   6.8792721e-02   5.7352518e-02  -3.7346160e-01  -5.1775083e-02   8.9476555e-02   2.1493131e-01   1.3688725e-02   1.1398403e+00   7.1007473e-01  -1.5506267e-02   1.6954500e-01  -3.2212720e-01   8.2344426e-02   5.8990719e-01   1.7368400e-01   7.6118648e-03  -1.2244787e-01   2.4139260e-01   1.8209310e-01  -2.1271208e-02  -2.4828544e-03
   6.3186072e-02  -1.7894026e-01   3.0401051e-02  -1.1778919e-01   3.8573001e-02  -8.1752679e-02  -2.0119937e-01   6.9398597e-02  -1.0750017e-01  -1.3002635e-01   9.7579318e-03  -2.0760736e-02   2.4372593e-01  -2.6883186e-02  -4.6995136e-02  -1.4923483e-01   3.9872747e-03  -7.1464452e-02   1.5750365e-01   2.2234797e-01   1.4593407e-01  -3.0159793e-02   7.5653959e-02   3.0492722e-01   4.8517435e-02   1.0896770e-02  -6.9355864e-02   1.1494629e-01   2.0318369e-01  -8.9652096e-02   1.0332222e-01  -6.1914773e-02   8.4242110e-02   2.7659109e-01  -1.3164836e-01   2.2149632e-02
  -1.2729370e-01   1.4327958e-01  -1.2480236e-02   1.4497874e-02  -6.8120245e-02   4.6953203e-02  -9.1943553e-02  -1.2718741e-01   7.4845078e-02   9.6478435e-02  -2.8762472e-02   1.7595135e-02   8.8324956e-04   1.2162366e-01  -6.5205510e-02   1.0842820e-01  -2.1371299e-02   8.1302352e-02   6.8832482e-02   3.1188531e-02  -7.3591770e-02  -4.5728762e-02  -7.7923299e-02  -8.3838463e-03   1.4140418e-01  -9.0040184e-02   9.5761967e-02   3.3550666e-02  -2.2085130e-01   4.5814867e-02   4.6632803e-02   9.1620754e-02  -2.6900642e-02  -1.0274178e-01   6.4864279e-02  -2.9669597e-02
   1.6749610e-02   2.3199457e-02   2.0344704e-02  -8.0242249e-02   1.9413541e-02  -6.1572748e-02   1.7003782e-02   4.4923833e-02   1.6999745e-02  -5.7647314e-02  -8.3073065e-03  -1.6930491e-02  -3.9659275e-02   6.1582476e-02  -1.4127377e-02  -1.2946186e-02   9.3053435e-03   3.6257490e-02   9.8431654e-02   4.2819019e-02   4.4568607e-02  -1.0666291e-02   6.9332259e-02   6.2193156e-02   3.5171212e-02  -1.6553496e-02   2.0666755e-02   1.2601391e-02   7.6425027e-02  -3.0820072e-02  -1.2768418e-02  -3.6433415e-03  -3.1556804e-02   4.7064370e-02  -5.8672263e-02  -6.0146892e-02
  -5.9212271e-02  -5.1166840e-04  -5.2649783e-02  -2.3934709e-03  -2.4791871e-02   4.1828513e-02  -8.1062871e-02  -9.7824686e-02  -9.0107686e-04   3.7383736e-02   1.9384368e-02   4.8439200e-02   9.6333558e-02  -2.0740691e-02  -1.2603801e-02  -2.9606673e-02  -3.4577243e-02  -4.6222932e-03   1.3201349e-02  -1.5040875e-03  -4.6986392e-02  -2.6548643e-02   2.6928505e-02   3.8422110e-02   6.4787387e-02  -3.0602766e-02   2.5162489e-02   3.7724918e-02  -6.9008816e-02   2.5420173e-02   4.8058680e-02   3.1656988e-02   4.8476913e-02  -4.3432320e-02   1.9475601e-02  -1.1945395e-02
  -3.5799987e-01   5.7314158e-01   9.0300800e-02  -5.8917142e-02  -6.9158734e-02   1.5662186e-02   1.0091743e-01   1.2822376e-01   9.1290283e-02  -1.3685308e-01  -3.2388583e-01  -1.0064795e-01  -3.7995106e-02   1.4003961e-01   1.4136563e-01   2.2294285e-01  -1.0856181e-01   1.0747745e-01  -7.0633147e-02   4.9388413e-02  -1.2524916e-01   6.3604961e-03   5.7999688e-02  -4.2851647e-02  -1.5361131e-01  -1.0877302e-01   4.7453826e-02   3.0949597e-02   1.0671370e-01   8.4014677e-02  -3.8975388e-02   6.4396271e-02  -2.1414816e-02  -1.6824845e-01   2.0113166e-01  -2.3612044e-02
  -6.2969998e-01   7.9096158e-01   2.5136847e-01   4.1253916e-02  -1.5422382e-01  -1.5648185e-01   5.5830805e-01   9.1984261e-02   1.4403805e-01  -3.0382572e-01  -4.7807153e-01  -1.0388328e-01  -7.4010475e-01   1.9807371e-02   1.9616650e-01   2.4356147e-01  -8.8991216e-02   1.2059126e-01  -3.9554332e-01  -2.0053493e-02  -2.7845780e-01   1.1448923e-01   7.7691173e-02  -3.8004284e-01  -3.7332803e-01  -4.8497909e-02   1.1968858e-01  -2.1472269e-01  -8.2954291e-02   2.0711886e-01  -3.2211517e-01   2.0084445e-01  -2.8049295e-01  -3.3959149e-01   2.6262696e-01  -5.6185220e-02
  -8.7733579e-02   9.6344717e-02  -1.2887771e-03  -1.8433502e-01   9.1267100e-02  -5.2950356e-02  -2.0432371e-01  -2.0024372e-01   1.2466584e-01  -6.5273631e-02  -2.0856612e-01  -5.4270229e-02  -9.4841647e-02  -1.3189962e-01   2.4565986e-01  -2.3955485e-01  -1.1262927e-01  -1.7289659e-02   4.1172773e-02   1.7836156e-01  -1.2558093e-02  -3.3806056e-02  -1.3468594e-01   9.4319383e-02   1.1880577e-01  -1.2569222e-01   2.0384171e-02   1.2696142e-01  -5.0046567e-02   1.5385058e-01   8.0414532e-02  -4.0288670e-02   8.6387254e-02   1.8951924e-01   3.0221551e-01  -5.3323578e-02
   4.6534701e-03  -1.1738582e-03  -1.0099628e-04   4.1767916e-03  -1.5511881e-03   3.9359950e-03  -5.3618977e-03  -3.9055306e-03   2.7819088e-03   8.2899809e-04   7.8053570e-04   5.0780613e-03   7.9387099e-03  -3.9852269e-03  -2.2888403e-04   7.2140083e-05  -2.9912111e-03   2.2674814e-03  -3.9484779e-03  -6.6787812e-03  -2.9333395e-03  -2.7692646e-03   1.6633239e-03  -4.1548220e-03   2.6737322e-03   2.8904506e-03   1.3436792e-03   5.5009907e-03  -9.9404041e-03  -4.6789403e-03   7.1582742e-03   2.4662153e-03   5.7204728e-03   1.5569194e-03  -2.0907143e-03   6.5773805e-03
