   1.4220936e-01   1.1393939e-01  -1.2218334e-01  -2.1261560e-01  -1.1059136e-03  -9.1387966e-02  -2.2238353e-01
  -1.3510658e-01   7.7391433e-02  -2.2436074e-02  -1.8801712e-01   5.1758821e-02   8.3392443e-02   3.8791031e-01
  -5.3337595e-02  -6.6870844e-02   7.0604631e-02  -5.6276176e-02  -1.1279105e-01  -6.1089873e-02  -2.1381351e-01
   1.2301381e-02  -2.2538074e-01  -8.2629252e-02  -1.5893477e-01  -7.3494377e-02   1.7366485e-02   2.6875670e-01
   3.9447059e-02   5.3679977e-02  -1.4234963e-01   1.4629611e-01  -1.3573514e-01   1.2081388e-01  -2.4475082e-01
  -2.0890301e-01  -1.8582518e-01  -3.7194620e-01   2.7581202e-02  -2.8036335e-02  -1.2843001e-01  -5.2079116e-01
   2.4375748e-01  -1.7158769e-01  -2.6777991e-02  -1.0383665e-01  -1.2074411e-03  -1.4969106e-01  -1.1562880e-01
   1.8613503e-01  -1.0086442e+00  -3.5472831e-01  -1.5600556e-01  -5.0035746e-01   4.2022923e-01  -7.5056482e-02
  -9.9505130e-02   1.1530665e-01   8.4867614e-03  -2.7665067e-01   5.7124373e-02  -5.0191900e-02  -2.8598579e-03
  -1.0040594e-02   1.2174007e-01  -6.4613946e-03  -1.2867775e-01   4.7175729e-02  -1.1862299e-01   3.8163788e-01
  -2.2807265e-01   1.5217665e-01  -3.3385459e-02   9.0327051e-02   2.0245253e-01   2.9554620e-01  -8.2625399e-02
   3.4414234e-02   8.0356670e-02   7.3382595e-02  -3.7872965e-01   1.9741696e-01   2.2575079e-01  -1.5979607e-01
  -3.7476807e-01   1.0686857e-02   1.8093215e-01  -8.9665771e-03  -5.1613551e-02  -8.7814316e-02  -2.8804744e-01
   6.9090157e-02   3.9720391e-02   1.3451189e-01  -1.9220309e-02  -1.6705526e-02  -1.1509315e-01  -2.1527936e-01
  -1.6739051e-01   9.0158716e-02   5.0614368e-02   3.2637282e-01   2.6975911e-02   1.1589975e-01   5.5613810e-01
  -1.1689113e-01   1.1814536e-01   2.6563036e-02   7.4327766e-02  -6.6962784e-02   2.2035868e-02  -2.0717461e-01
   8.4276367e-02  -1.2396140e-01  -5.9491880e-02   4.6429460e-02  -1.1108466e-01  -8.0795877e-02   5.5667243e-01
   2.3608890e-01  -3.3180947e-01   2.5247226e-01  -3.2673806e-01   2.2352994e-01   1.2363657e-01  -5.0479906e-01
  -9.0042278e-02   4.6874710e-03  -1.2877240e-02   3.3574148e-01   2.1341192e-02  -4.3627289e-02   1.2584888e-01
  -2.8094945e-01   3.3901453e-01  -2.3856406e-02   3.5231482e-02  -3.1837268e-02  -1.6271534e-01  -2.9460486e-02
  -3.0174882e-01   4.2119493e-01  -3.6563597e-01   2.1171416e-01   7.5340058e-02   2.3183040e-01  -4.2759555e-01
   1.1226692e-01  -6.0910690e-01   1.0979093e-01   2.2301608e-01  -4.8780385e-01  -1.9390134e-02  -7.0855028e-02
  -1.9366526e-01   1.7820046e-01   9.1107956e-02  -5.1663641e-01   2.6101764e-01  -6.1256167e-01  -3.1956822e-01
  -1.7743709e-01  -9.5014367e-03  -7.0872462e-01  -2.3965725e-01  -9.1296316e-02   2.0215994e-01  -1.7362704e-01
   3.2465760e-01  -2.7468077e-02   3.6239158e-01  -1.4658982e-01  -2.3515707e-01  -6.2999512e-02  -2.5753863e-01
  -8.0051109e-03  -4.9949466e-01  -3.4369612e-01  -2.3023957e-01   2.3721943e-02  -1.5624759e-01  -5.3753803e-01
   6.1909188e-02  -5.9781510e-02  -1.6572927e-02   7.0684761e-02   1.2527023e-01   4.0608140e-02   2.9666433e-02
   1.6882648e-01   2.5634188e-02   2.5866323e-01  -1.3065531e-01   1.0544774e-01  -3.5427815e-01  -3.9868099e-02
  -3.1188320e-01   4.7139483e-01   3.0802399e-02   4.6312727e-02   4.5911348e-02  -9.2790627e-02  -6.3153999e-02
   2.5488514e-01  -1.5531307e-01  -1.6155269e-02  -1.2236311e-01  -2.9550439e-01  -8.1224474e-02  -3.7300181e-02
   2.6659873e-01  -1.2429279e-01   2.6161385e-01  -3.4419245e-01   1.3244788e-01  -7.4843801e-02  -6.6641998e-01
  -2.8292642e-01   1.7258376e-01  -5.5846346e-01   3.3916998e-02  -1.2691368e-01  -9.8376073e-02  -2.9985633e-01
  -3.9281939e-01   4.6888227e-02  -2.3826711e-01  -3.0378772e-02  -1.4025781e-01   2.4255155e-01   1.4765692e-01
  -1.9574201e-01  -6.4954934e-04  -9.8247282e-02   8.5683620e-02  -1.9248788e-01   2.0082626e-01   1.3160206e-01
   1.0628279e-01  -4.8126556e-02   1.4242232e-01  -3.1402391e-01   2.3786406e-02  -7.4472348e-02  -2.2465049e-01
  -9.3783033e-02   1.0884554e-01   1.2568820e-01   4.4398370e-02   9.5839387e-02   3.0938790e-01  -7.3954235e-03
  -5.9886009e-02   1.8367970e-02  -1.4075551e-02   9.6366945e-02  -2.4465100e-01  -3.4380541e-02   1.7634400e-01
  -4.7059269e-01  -1.6168731e-01   4.0640942e-01  -3.5218581e-01  -7.1020048e-02   5.4931356e-02  -1.4352539e-01
  -1.5184035e-01  -1.2811311e-02  -6.7881983e-02   7.2300888e-02   2.0871900e-01   4.5262277e-02   2.5577865e-01
   9.9818429e-02  -4.4450806e-01  -1.9975984e-01   1.2276545e-01  -1.2733668e-01  -5.1183383e-01   4.7134709e-01
   9.1501130e-02  -4.3223191e-02  -1.3032935e-01  -1.8786747e-01   5.5497575e-02   5.1036262e-02  -8.6883497e-04
