  -3.8673496e-02  -4.3036221e-02  -3.2522513e-02  -8.7088706e-02  -1.2449652e-02   1.1898400e-01  -1.1532755e-01   1.3375997e-01   1.5511388e-01  -2.7964240e-02  -1.3291686e-01   1.1654742e-01   1.0311977e-01  -1.1531172e-01  -5.9671730e-03  -2.9290355e-02   1.3353701e-01  -6.4528179e-02   8.9465274e-02  -3.2822657e-02  -6.0366781e-02  -2.2825305e-01   3.6338310e-02   1.0251585e-01  -1.9491881e-01   4.7785763e-02
   8.6320385e-02   3.4633727e-02  -2.9811766e-01   1.5054817e-01  -8.6485141e-02  -1.1587068e-02   2.3617533e-02   1.6549414e-01  -2.6762121e-01   2.1948283e-02  -4.8840967e-01  -1.5808069e-01  -1.8963526e-01   1.2291741e-01  -7.5804360e-02   1.9701480e-01  -2.1923538e-01   4.7220748e-01   4.9923807e-01  -2.6270502e-01   2.9565719e-02   2.6834981e-03  -3.3250916e-01   1.3523352e-01   8.5003580e-02   3.7906069e-01
  -7.2597375e-02  -9.6298001e-02  -1.0955611e-01   1.4644081e-01   1.0865253e-01  -1.6367909e-02  -1.2156072e-01   5.5439495e-02   9.1813558e-02   1.4885003e-01   9.2032635e-03   4.1149237e-02   8.2484788e-02   7.5739529e-02  -1.3313525e-01  -1.2117618e-01  -1.0625369e-01   4.8905777e-02   5.8475251e-02  -1.2590806e-01  -8.3627736e-02   2.9594911e-02   3.5576249e-01   8.5162901e-02   2.1860173e-02  -8.5606325e-03
  -6.6302750e-02  -1.7662238e-01   7.1385448e-02  -1.8157909e-01  -4.4245605e-02  -1.3745252e-01   1.6163436e-03   9.3815167e-02   1.7437654e-01  -1.3885102e-01   1.0894584e-01  -2.4879353e-01  -1.0954982e-01   1.0447217e-01   2.0472536e-01   2.0024202e-02  -3.3622331e-02   1.6524108e-01   8.4802136e-02  -9.6759750e-02   1.5827981e-02  -2.0364628e-01   3.4375585e-02   6.5712284e-02  -2.4370910e-02   3.7108055e-02
  -7.5718509e-02  -3.4350550e-02   1.0677466e-01  -1.5458014e-01   9.6893296e-02  -1.4633679e-01   1.3912431e-02   8.5693416e-04   1.0111682e-01   3.6260656e-02   2.4495758e-01  -5.7964592e-02   3.8573555e-02   1.1419437e-01   1.0087568e-01  -6.9998703e-02   6.3388470e-02  -2.3691866e-02  -4.1195020e-02   1.5334301e-01   3.7040517e-02  -8.8030697e-02   2.3764143e-01  -7.9805954e-03  -7.0178960e-02  -1.0240160e-01
   8.0269171e-02  -3.8577600e-04   6.0828337e-02  -1.1695155e-02  -1.3832262e-01   1.8364997e-02   6.9223178e-02  -1.6178115e-02  -7.5401254e-02  -1.4660519e-01  -8.8844946e-03   2.0382914e-01   1.1286544e-01   3.7759475e-02  -2.5006606e-01   2.3423562e-02   3.8385271e-02  -7.8154043e-02   2.2716418e-02  -1.0250640e-01  -1.2262080e-01  -2.2474654e-02   2.8440854e-02   1.0668940e-03   3.2526248e-02   2.9387717e-02
   6.7153649e-02   4.1708913e-02   2.8025680e-02  -1.0854950e-01   1.1183342e-02  -3.3493139e-02   1.2449767e-01  -5.5730557e-02   1.7919546e-01  -8.0215967e-02  -7.8651344e-02   5.4346309e-02  -1.4836494e-01  -1.0470008e-01   2.4091258e-01   6.9929159e-02   2.6232068e-01   2.1868571e-01  -2.0111191e-01   1.3285576e-01   2.7747407e-01  -1.0654008e-01  -3.9230752e-01  -7.9685285e-02   2.0520360e-01  -1.6126312e-01
   4.9526521e-02  -2.5610077e-02   4.1344602e-02  -9.7943435e-03   8.3391980e-02  -8.6107776e-02   2.4540558e-02   1.3053483e-01  -5.8684161e-02   2.5838390e-01  -2.7057386e-02  -2.1829684e-02   1.1799611e-01   1.3604525e-01  -2.2410769e-02   1.0699586e-01  -2.9749044e-02   9.0550086e-02   1.8224768e-01  -8.4227765e-02   1.0523978e-01   7.5079022e-02  -1.9898995e-02  -4.3051225e-02   7.7476022e-04   1.1363824e-01
  -6.2425707e-02   5.2754466e-01   2.4450685e-01  -6.9636117e-01   3.9217041e-01  -3.1035115e-01   1.2859909e-03  -2.3020636e-02   3.5202254e-01   2.1715910e-02   5.3441853e-03  -2.9001376e-02   3.0656615e-01  -9.8245209e-02   1.9537511e-01   2.6386874e-01   1.0482748e-01   4.5011919e-01  -4.6221820e-02   1.4136864e-01   5.3543211e-01  -3.8409968e-02  -4.2597063e-02  -3.1933953e-01  -2.4129362e-01  -4.6376594e-01
  -3.7585380e-03  -4.0630305e-02   6.0354475e-02  -1.3231781e-02  -2.3520537e-02   1.1411088e-02  -1.3358459e-02   1.3216910e-02  -5.3390246e-02   1.8836431e-01   1.4090978e-02   3.1816427e-02  -9.0937134e-02  -2.1419181e-02   1.2635743e-01   5.1852185e-02   1.0874868e-01  -3.0490802e-02  -3.9578025e-02   1.4967872e-02   4.5984088e-02  -1.7952078e-02  -1.3722310e-01   2.1264045e-03  -6.4166436e-03   3.2658066e-02
   1.0443849e-01   1.0462147e-01   1.6523225e-01  -1.3191331e-01  -3.3026870e-02   5.2578941e-02   7.4802212e-02   6.8197790e-03  -3.3457665e-02   4.6920457e-02  -6.3961372e-04   1.1332130e-01   1.0870217e-01  -1.3721994e-01  -8.4214549e-02   7.0945731e-02   2.0681050e-01   6.4598526e-02  -5.7571857e-02  -8.9662169e-03  -5.6341563e-02   4.9515236e-02  -8.8898578e-02  -1.3414940e-01   7.9947780e-02  -1.1157781e-01
  -1.1157163e-01  -1.0678345e-01   7.0577898e-02  -3.3852938e-02  -1.8401635e-01   9.4523536e-02  -2.9240694e-02  -2.0012308e-01   1.4832269e-01  -9.1523423e-02  -8.6606221e-03  -3.9651804e-02   1.1365197e-01  -1.9583483e-01   1.1455496e-01   1.2490607e-01   5.6180031e-02   9.1043052e-02  -9.1752055e-02   8.5499974e-02   1.1020124e-01  -1.6329526e-01  -1.0905772e-01   3.9879065e-02   8.9641939e-02   5.5699200e-02
   1.2669351e-02   6.6649559e-01   6.7935119e-01  -7.7474019e-01   4.6955816e-01  -1.0096675e-01  -2.4125151e-01   2.0537599e-01   5.5786211e-02   1.2931176e-01  -5.1042152e-01   6.1860720e-02   3.4103717e-01  -3.7337593e-01   2.5244815e-01   5.7380985e-01  -4.9364766e-03   6.9966191e-01   2.6144884e-01  -1.8353077e-01   4.4395602e-01   3.9457334e-01   2.4092980e-01  -4.5420955e-01  -5.3521169e-01  -3.1114577e-01
  -2.1504230e-02  -3.0016239e-01  -3.1671687e-02   1.4340369e-01  -2.6787877e-01   6.1134422e-02  -8.9512895e-02  -1.3793984e-01   2.6881301e-02  -2.5204656e-01  -2.9618207e-02   1.9438160e-02   4.7336351e-03   1.2675843e-01  -1.7613822e-01  -1.2431827e-01  -1.3946351e-01  -1.3068741e-01   4.8477974e-02  -1.2763112e-01  -3.0718477e-01  -1.4362498e-01   2.0355634e-01   1.7816116e-01   1.2698549e-01   4.4825597e-02
   3.0213439e-03  -6.4449042e-02  -1.1622489e-01   6.5881246e-02   3.7145556e-02  -1.4928664e-01   6.9051345e-03  -1.6798317e-02   1.4749891e-01  -2.7703061e-01   1.1775362e-01  -6.9290843e-02  -1.8192156e-01   2.2852336e-01  -3.5900679e-02  -2.6686602e-01  -1.7064709e-01  -6.5066658e-02  -4.7959938e-02  -1.2609895e-02  -4.7181656e-02  -7.1806259e-04   1.9645754e-01   1.0364898e-01  -2.8864295e-02  -9.1154501e-02
  -3.9165207e-02   1.9117825e-01  -3.7088944e-01   2.1904238e-01  -1.2066622e-01  -1.1720854e-01   1.0402609e-01  -2.7143534e-01  -7.1993595e-02  -1.9501110e-01   4.1055529e-01  -6.5746323e-01  -2.0890313e-01   8.6756979e-02   9.3646975e-02  -4.6877456e-02  -2.1354369e-01   3.2640434e-01  -8.6898418e-02   2.7192502e-01  -3.8429922e-02   2.1685550e-01  -4.4065598e-04   8.6966831e-02   1.2027125e-01   1.3904248e-01
   2.7470439e-02   1.1220640e-01   7.6124690e-02  -8.1802358e-02   9.0244667e-02  -6.9497504e-02   1.5842695e-02   1.1216704e-01  -5.3567164e-02   5.5189759e-02  -8.5817429e-02   4.2600520e-02  -9.9671112e-02   8.4922092e-02   5.7871731e-02   5.7792467e-03  -2.7069782e-02   7.6946642e-02   1.0548793e-01  -1.0567339e-01   8.1094765e-02   8.2876286e-03  -3.8411927e-02  -4.1527399e-03  -1.2826124e-01   7.6283797e-02
   4.9306616e-02   3.6769283e-02   8.3211794e-03  -2.6373361e-03  -6.1205762e-02   1.2873164e-02   5.7172215e-02  -2.6414365e-02  -4.0914677e-02  -6.9028250e-02   1.9534905e-02  -4.8326708e-02  -4.3125234e-02  -3.9654374e-02  -1.9346376e-02  -3.9894336e-03   1.8548865e-02  -4.4647054e-02  -1.4918829e-02   4.4314927e-03   4.3319552e-02   4.9646833e-02  -1.7002211e-01  -6.1532107e-02   2.8738124e-02   1.7567928e-02
  -2.4559551e-02   4.8004750e-01   1.4418375e-01  -2.8782791e-01   2.5121794e-01  -1.5511980e-01   1.4156536e-01  -5.6710167e-02   1.4587228e-02   1.1752455e-01   4.9303448e-02   1.4042124e-02   2.0512097e-02  -1.4492972e-01   2.0484952e-01   3.4054359e-01  -9.0211017e-03   1.9933965e-01  -1.4372578e-01   2.5354710e-01   3.7542652e-01   3.0566754e-01  -1.9197982e-01  -2.5102275e-01  -1.1903388e-01  -2.0288989e-01
  -2.0618168e-01  -3.0323793e-01   6.8429450e-02  -4.3290654e-01   1.4435602e-01  -2.9479649e-01  -2.8505540e-01   1.7459241e-01   2.7462739e-01   6.8438557e-02   4.9576626e-01  -3.9203920e-01   4.1908431e-02   5.7084555e-01   8.5254079e-02   1.1529127e-02  -5.2827606e-01   2.3840835e-01   2.6790375e-01   2.1128126e-02   4.0386561e-02  -3.1246673e-01   2.2035226e-01   2.1054223e-01  -1.0838339e-01  -1.9278056e-01
  -1.0162599e-03  -1.5236816e-01  -2.0089561e-01   1.4173398e-01  -1.4233184e-01   1.0445068e-01  -1.5423149e-01  -1.2899056e-01   1.1922278e-01  -6.0321369e-02   2.5172505e-01   1.0348607e-01   4.6828940e-01  -4.6312829e-02  -1.2337777e-01  -7.0490610e-02   1.9844708e-01  -1.3479809e-01  -2.5986962e-01   1.0913547e-01  -2.0969872e-01  -7.3903791e-02   1.6629776e-01   1.2126543e-01   1.3549145e-01  -1.3106113e-01
  -8.8731817e-02  -1.2706035e-01  -5.6277459e-02  -4.7499836e-02   8.6569897e-02  -4.2881594e-02  -1.4510438e-01   8.5504116e-02   1.1616349e-01   1.5244588e-01   5.6574168e-02  -9.9605778e-02  -4.2463957e-02   1.1837798e-01   1.1044947e-01  -5.6903729e-02  -1.0460277e-01   2.0232701e-01   4.1743655e-02  -7.1191848e-02   5.6873946e-02  -9.8740348e-02   7.5946848e-02   1.3333858e-01   4.8382777e-02  -9.0266471e-02
  -1.0535433e-01  -2.5121885e-01  -1.3874824e-01   2.7655553e-02   8.2816056e-02  -5.6470063e-02  -1.7894037e-01   3.3314307e-02   1.5062569e-01   6.4592150e-02   1.0486136e-01  -2.2751859e-01   1.4559000e-01   1.1666990e-01   2.4992312e-01  -5.2587828e-02  -3.0618891e-02   1.6819601e-01  -4.4286841e-04   6.6877872e-02   1.3083758e-01  -7.5979364e-02   3.2724556e-01   1.4173242e-01   5.2380759e-03  -2.5472424e-03
  -1.9904296e-02  -7.1429644e-02   3.0211989e-01  -4.3748439e-01   3.8318523e-02  -2.5167697e-01   1.5993891e-01  -2.2998003e-01   6.6075431e-02   1.0953959e-01   4.1784614e-01   1.3328299e-01   3.1972251e-01   3.1611369e-02   1.8266311e-02   4.3188002e-01  -3.7541740e-01  -2.1630149e-02  -3.8478988e-01   2.6496465e-01   8.7370381e-03   7.0230445e-02  -2.2488090e-01   5.9273791e-02   3.7971311e-01  -4.7790956e-01
   5.4047908e-02   3.3509597e-02  -3.8994578e-03  -9.9440579e-02  -5.8513677e-02   4.7974428e-02  -7.7177382e-02   1.9402760e-02   2.2187227e-02  -7.6610166e-02   7.5299374e-02  -5.5009195e-02   9.5495492e-02  -6.1807223e-02  -4.0093162e-02   4.8517771e-02   2.2353785e-02   1.7218059e-02  -3.2237894e-02   7.9210368e-02   4.6431018e-03  -3.8026861e-02  -1.7966059e-01  -2.8518075e-02   3.6559871e-02  -1.1513756e-01
   2.5581472e-01   1.8224009e-01  -1.0659270e-01   1.1268730e-01  -1.1551042e-01  -9.6394364e-03  -2.8187225e-02  -2.9809950e-02  -2.0045790e-01  -1.0144641e-01  -5.2381015e-02  -6.8381338e-02   1.7308589e-01   2.5469047e-02  -4.9300142e-01  -1.3700678e-02  -1.5683950e-01  -6.6845116e-02   2.4614682e-02  -1.2653200e-01  -1.7619392e-01   3.6098162e-01  -6.7906110e-02   4.2099198e-02   1.1706678e-01  -1.3202423e-03
