   8.5979795e-02   6.3840378e-02   2.0548224e-02   1.2678067e-01   1.1527484e-01   1.7286526e-01  -7.3169343e-02
  -2.3879791e-01   3.9859645e-01   1.1534042e-01   7.2642264e-02  -1.1633095e-02   1.9023990e-01  -7.3966809e-02
   2.6778627e-01   2.0214696e-01  -7.8517607e-02   1.0333353e-01   4.9536688e-02   1.8276734e-01   2.1156442e-02
   6.2396669e-01  -1.0937414e-01   3.5265320e-01  -4.1449530e-01   7.3448262e-01  -3.6410050e-01   4.1036912e-01
   2.3829647e-02  -9.2894467e-02   5.2485537e-02  -1.1751149e-01  -9.7694195e-02  -1.5082956e-01   4.9570264e-02
  -1.4036498e-02  -8.6992233e-03  -4.1630690e-02  -2.4091705e-01  -1.2572640e-02  -9.4482017e-02   2.8087245e-02
   1.5653183e-01  -1.9470254e-01   8.4566911e-02  -1.1354770e-01   1.6461107e-01  -1.4500015e-01   2.2852601e-01
   2.7143368e-01   2.3086456e-01  -4.4813709e-02  -6.6084529e-02   3.5911007e-01   1.1920891e-01  -1.0750625e-04
   6.7757419e-02  -8.8679503e-02   1.3214973e-01   2.1522215e-02  -7.4813165e-02   1.4587326e-01  -2.3260483e-01
  -2.1824422e-01  -2.8902840e-01  -3.9566585e-02  -7.8838235e-03  -2.3849367e-01  -1.7766586e-01   4.3423972e-02
  -2.1883281e-01  -1.0782056e-01   4.5145949e-01  -2.6920250e-01  -9.9498850e-01  -1.0594200e+00   5.7683700e-01
  -2.2684029e-02   1.6711909e-01   1.0794983e+00   1.1670895e-01   1.2327737e-01  -3.4464477e-01   6.2945030e-01
  -1.8534742e-01   1.4726085e-01   1.2042177e-01   2.1589702e-01  -5.8071346e-02   4.6564866e-01   1.7567016e-01
   2.6194757e-01  -1.7345004e-01  -1.0572738e-01   1.1706265e-01  -4.5609856e-02   2.2379976e-01   1.1332574e-01
   8.4228043e-01  -3.3532401e-01   8.1212094e-02  -5.0633569e-01   1.1675782e+00  -2.5907729e-01   4.1825660e-01
   6.6612548e-01   5.0525877e-01   1.3296668e-01  -7.4939312e-01   2.3207696e+00   1.2000386e-01   7.7705722e-01
  -3.6790689e-02  -6.4391243e-02   7.1502441e-02  -1.4770962e-01   8.8435833e-02  -1.5409839e-01   1.1140275e-01
  -2.1053097e-01  -3.5222136e-01  -2.4483683e-02  -3.9226731e-01   1.8284205e-01   1.8081313e-01  -1.6226763e-01
  -9.7945744e-02  -4.8904864e-01  -9.2309161e-02   1.1748962e-01  -2.0105005e-01  -1.9325465e-01  -1.2903616e-01
  -2.9199491e-02   6.0752087e-01   2.9866818e-01  -1.7540337e-01   6.4455244e-01   3.0318420e-01   1.3986219e-01
  -1.5157732e-01   2.2277102e-01  -2.4607965e-01   1.5825007e-01  -4.6133861e-01   2.3527943e-01  -2.0145650e-01
   5.6778056e-02   9.3811311e-02  -6.5058617e-02  -4.8450907e-02   6.3531840e-01  -5.7181382e-01   9.2126391e-02
   2.1642087e-01   1.1405815e-01   1.0548679e-01   3.2469547e-02  -1.4797878e-01  -2.6504237e-02  -2.6038221e-01
   3.9252640e-01  -4.8087345e-02  -1.0827007e-01  -1.1389981e-01   5.1021803e-02  -8.7623998e-02  -6.3073431e-02
   7.3849293e-02   3.7534655e-01  -9.6429540e-01  -2.1709199e-01   2.3127206e-01   1.2412712e-01   1.4325256e-01
  -1.5811696e-01   2.9445801e-01  -3.8064909e-02   2.2896773e-01  -5.6527789e-02   3.1167610e-02  -2.4073856e-01
  -6.8552473e-02   5.3349982e-02   3.0079683e-01   8.0753376e-01  -1.0267117e-01  -2.5062888e-01   2.6421648e-01
   1.6178780e-01  -3.7526896e-02   2.5036988e-02  -1.2417954e-01   8.7620133e-02   2.3653672e-01   3.2100614e-02
   8.1354373e-02   7.3629410e-02  -5.2136803e-01  -6.0130773e-01   1.1216559e-01   9.0858881e-02   1.6694327e-01
   2.8596951e-01  -7.0828225e-02  -1.1685090e-01  -3.9345726e-01   1.9752921e-02  -2.8639609e-02   6.1638384e-01
  -2.0204399e-01   2.9258780e-02  -7.9102611e-02   2.2877192e-02   3.2118754e-01  -2.0502109e-01   1.1636285e-01
   9.2411903e-02   9.5695073e-02   7.7088650e-03   2.3204399e-01  -2.7935730e-02   1.2022682e-01  -7.7587613e-03
  -1.3333649e-01  -1.1879885e-01   4.3091183e-03  -2.3901891e-01   5.9261673e-02  -1.0362628e-01   2.1710085e-03
  -1.7964904e-01  -3.0788682e-01  -4.2628165e-01  -1.8816286e-01  -8.7345061e-01   8.3175638e-01  -2.4542097e-01
  -1.3191250e-01   7.5898651e-02  -9.0046912e-02  -1.1141834e-01   2.2127442e-01  -2.6734950e-02  -5.1104618e-02
   4.6357690e-04   5.9249411e-01   1.2081612e-01   2.4057014e-01  -1.6811382e-01   4.8030201e-01   1.0645541e-01
  -5.9938837e-02  -2.5840696e-01  -1.0406230e-01  -2.5639120e-01   7.6224966e-02  -3.0927214e-01  -2.0200872e-02
