  -1.4178882e-02   3.2406585e-02   1.9711884e-02  -3.3834749e-02   2.6431096e-03  -1.6404350e-02   2.0219087e-02  -2.0492998e-02  -1.1022775e-02   4.1527343e-03   2.8485151e-02   6.9512007e-03  -8.2259202e-03   5.0072808e-02  -1.1623582e-02  -1.6195996e-02  -1.6481551e-02  -8.1706104e-03   6.4363333e-02   4.8448637e-04  -1.4351557e-03  -3.8505043e-02   1.5366410e-02  -3.2531506e-02  -5.1491344e-05   1.3903859e-02   2.2443760e-02  -1.6986636e-02  -2.2354437e-03  -4.9214793e-03   2.6607929e-02   2.2371107e-02  -6.7150660e-03   1.7724888e-02
  -2.9198760e-02   5.1090715e-02   4.4257276e-02  -6.9276278e-02   1.8229760e-03  -3.4917770e-02   4.1424690e-02  -1.3739017e-01  -3.7160127e-02   4.0351229e-02   6.3511787e-02   7.1324129e-02  -3.9022534e-02   7.1921121e-02  -2.7241849e-02  -6.7112807e-02   3.0491728e-03  -4.5631440e-02   1.0544117e-01  -2.1933521e-02  -6.3751341e-02  -8.3436984e-02   4.1087421e-02  -9.8549409e-02   4.8521792e-02   3.6350786e-02   4.0310502e-02  -5.6958880e-02  -4.4168720e-02   1.2004695e-01   7.2198266e-02  -1.8104043e-02  -1.1993293e-02   2.5714419e-03
  -2.1855293e-02   8.4095027e-02  -2.9071239e-01   4.4378459e-02  -3.6373319e-02   2.9202173e-01  -4.0269385e-02  -3.3302709e-01  -2.5070751e-01  -7.5743602e-02  -2.1577428e-01   2.6835771e-02  -2.1305039e-01   1.7662849e-01   4.1533163e-01  -8.5222564e-02   1.3264673e-01   1.0535898e-01   1.2504345e-02  -2.5913457e-01   1.9012586e-01   2.2404260e-01  -1.2917017e-01   2.6479778e-01   1.5148724e-01   1.6733549e-01  -1.8201136e-01   1.1665313e-01  -1.2648932e-01  -3.2823061e-03   1.4227850e-01   5.3163864e-02   7.5314552e-02  -9.8543947e-02
   2.3678340e-02   1.1363544e-01  -2.1918522e-02  -2.4224381e-02  -8.3423000e-02  -1.5197022e-02   8.1140213e-02   1.6190632e-01  -1.8203676e-02  -1.4442468e-01   3.1514141e-02   2.1394664e-02  -7.9136453e-02   8.7885062e-02   7.5446107e-02   5.0388027e-02  -5.2149704e-02   1.0787836e-01  -4.2465195e-04   3.0355820e-02  -3.5122751e-02   3.1064446e-03  -1.1238050e-02   1.6632100e-02   5.1117418e-02   3.5436915e-02   3.1888835e-02  -5.4001629e-02  -3.0478416e-02  -3.8608340e-02  -2.3689499e-02   3.7425852e-02   6.0253146e-02  -7.2109111e-02
   3.4229598e-02  -5.1285842e-02  -1.0287115e-02   6.1100459e-02  -8.0108379e-03   8.6626587e-03  -1.6687223e-02   5.0828271e-03   2.7274510e-02  -3.1454046e-02  -2.3582415e-02   8.7906553e-03  -1.1721814e-04  -3.0852526e-02   8.4660090e-03   1.2389558e-02   3.3229407e-02   2.6590743e-02  -3.8325680e-02   6.1064247e-02  -7.2475413e-03  -1.0631368e-02  -3.0744387e-02   5.1138872e-02   1.6189415e-02  -6.4422151e-02   3.4667391e-02   2.9700937e-02  -1.6489011e-02  -3.6828042e-02  -7.7958074e-02  -3.8859046e-04   4.9620371e-02  -1.5927923e-02
   1.4454706e-03  -1.8366588e-01  -1.1271929e-01   2.0863002e-02   2.7075482e-01   8.8266696e-02  -1.5413252e-01   3.6924584e-02   2.4618336e-01  -1.0736352e-01   3.0816817e-02   1.9176335e-01   8.9050167e-02  -1.9109501e-01  -5.3692854e-02   9.2546345e-02   1.4324927e-01   1.0440951e-01   2.0774180e-01  -6.1660294e-02   4.2082120e-02  -2.8655080e-01   1.2446116e-01  -2.5929345e-03  -5.4828573e-02  -1.2333028e-02   2.0777106e-01  -3.2022222e-02  -7.9961100e-02  -9.6671729e-02  -3.1027207e-01   1.1098800e-01   5.6979871e-02  -1.2494122e-01
   5.3110939e-02   2.5328317e-02   4.6419530e-04   4.2723188e-02  -6.1293567e-03   2.5196672e-03   3.0762779e-02  -6.8960309e-02   8.0713114e-02  -1.8076100e-02  -2.1634593e-04  -1.2870513e-02   3.2005917e-02   4.4381013e-02  -1.5822910e-01   4.4677448e-02   4.4375759e-02   4.1025766e-02  -1.9358796e-02   6.6617745e-02  -1.5399670e-01   1.5430554e-02   1.6382225e-02   9.1913926e-02  -6.6692901e-02  -5.6867624e-02   1.0764390e-01  -1.3320962e-02   6.8467867e-02  -9.4554107e-03  -1.2109006e-01   4.3649342e-02  -8.2078761e-03   3.3578497e-02
  -5.7585619e-02   5.3551598e-02   1.6495122e-02  -6.6332375e-02  -3.5283333e-02  -8.2006558e-02   2.1748548e-01   1.9188054e-01  -4.4167552e-02  -2.5452234e-01  -6.0054607e-02   1.3670104e-01  -1.1138447e-01   2.5611437e-02   1.6056359e-01  -4.9313208e-02   1.8811148e-01   1.8563925e-01   3.4705858e-02  -4.6133604e-02   2.2882227e-04  -5.8028094e-02  -1.0028386e-01  -3.4486101e-02  -3.1151105e-03   2.1143730e-01   4.7390936e-02  -9.8491137e-02  -8.8137671e-03   1.6163005e-02   7.7552964e-02   1.4846580e-01  -1.7264284e-01   2.4800720e-02
  -6.0224391e-02  -1.8754932e-02  -2.4789399e-01  -8.1343125e-02   2.3478323e-01   1.8805739e-01  -9.4006542e-02   1.2966141e-02  -7.7722871e-02  -1.1296654e-01  -5.6793801e-02   1.8800454e-01   5.7058846e-02  -1.2026560e-01  -7.1609148e-02  -4.9331585e-02   9.8449508e-02   2.7756649e-01  -1.2353234e-01  -3.6564525e-01   3.1882839e-01   3.0615705e-01  -7.0809551e-02  -5.6450352e-02  -5.7403160e-02   9.3108869e-02  -1.9387851e-01   8.7073541e-02  -1.8347632e-01   3.5694923e-02  -1.1862307e-01   4.0675954e-02  -1.7110008e-01  -2.9064358e-02
  -4.8841659e-02  -1.5510649e-01  -7.5003612e-03  -2.9843373e-02   9.9520429e-02   2.7102605e-02  -1.1665546e-01  -2.2408810e-01  -7.7414534e-02   1.4176488e-01   3.6510783e-02  -4.1283835e-02  -7.3541011e-03  -1.5369474e-02   1.0052923e-02  -3.8211505e-02  -9.2115667e-02  -8.3891558e-02   2.3418690e-02  -9.5624635e-02   1.8397049e-01   9.7779598e-02   1.0500411e-01  -1.0687338e-01  -8.8794979e-03  -7.4003354e-02  -1.0368425e-01   9.2514552e-02  -3.0371883e-02   2.3190010e-02   5.0199670e-02  -4.4392522e-02  -8.5241767e-02   5.0418059e-02
  -1.3852383e-01  -9.6834196e-02   4.3188131e-02  -5.3306368e-02   1.7496074e-02  -4.2814977e-02  -7.7372879e-02  -2.4097590e-01  -5.9911029e-02   1.1453977e-01   4.8143889e-02  -3.9480479e-02  -3.5597390e-02  -4.0327968e-03   1.1042160e-01  -5.0823999e-02  -5.8376106e-02  -1.0235245e-01   5.8410534e-02  -1.0021796e-01   1.0116605e-01  -1.3621566e-03   3.4930372e-02  -9.0555288e-02   3.1132731e-02   2.0756455e-02  -1.0281087e-01  -1.3727764e-01   2.2958802e-03   1.1471682e-01   2.3271229e-01  -6.6614012e-02  -8.0429692e-02   3.2916990e-02
   1.5884813e-01  -2.1176698e-02   8.7279747e-03   8.8703943e-02  -2.3392833e-02   5.5290238e-02  -5.6095466e-03  -9.1084295e-02  -1.1454408e-01  -2.0301975e-03  -1.4451550e-01   1.0737381e-01  -1.9071348e-01   2.8220340e-01  -5.4196796e-02   1.8052536e-03   1.0427990e-01  -3.7058114e-02   1.6454095e-01   5.4272297e-02  -4.0820033e-03   7.0400799e-02   8.8442196e-02   9.2737651e-02  -6.7938241e-03   6.6430343e-02   2.7133316e-02   1.5695089e-01   7.8673232e-02  -8.5952312e-02   1.2868028e-01   1.9342113e-01  -8.8574919e-02   9.5382903e-02
  -5.7269620e-02  -1.0762397e-01   4.1796674e-02   2.8129911e-02  -1.4052058e-02  -6.6023852e-03   2.0549442e-03  -9.9374546e-02   4.8490112e-02   8.8523072e-02  -5.9625346e-02   1.5927891e-02   6.3637964e-02  -4.6408119e-02  -3.4837501e-02  -1.1851491e-01   1.4200645e-01  -2.9424382e-02   1.8468370e-02   1.0530122e-01  -5.6324642e-02  -8.7148172e-02   5.8406147e-04   1.2196746e-01  -9.4930822e-02  -1.0253028e-01   6.2946378e-02  -3.0377249e-02   5.8301102e-02  -8.1537426e-03  -1.4973226e-02  -2.5702875e-02  -1.4546796e-01   8.1449852e-02
   3.3743590e-02   1.7584137e-01  -2.1691578e-02  -3.1975629e-02  -1.0811244e-01  -6.1506914e-03   7.3519979e-02   2.6436243e-01   6.3859893e-02  -1.8712722e-01   1.1809193e-02   8.0547676e-02  -8.7327332e-02   2.0370498e-01   4.2999344e-02   1.1094546e-01   1.6738404e-01   4.2409897e-02   3.8731162e-02   7.8424056e-02  -8.3581503e-02  -3.5286840e-02  -3.5620699e-02   1.1655130e-01  -1.6713393e-02   1.1432537e-01   1.1854668e-01  -6.3771290e-02  -1.4446056e-02  -8.2075215e-02  -7.6394950e-03   7.1501568e-02   6.7495263e-02  -2.9994029e-02
  -2.6638559e-01  -2.9081721e-01   9.0283372e-02  -1.7859786e-01  -2.1715750e-01  -1.7372278e-03  -1.2602702e-01  -2.1332019e-01  -3.5349821e-02   3.8229802e-01   6.5618453e-02  -2.3380206e-01   9.6746187e-02  -8.8534917e-01   1.0756006e-01  -8.7575381e-03   2.3946424e-01  -6.9435367e-01  -1.0144907e-01  -3.5335629e-01   9.3678318e-02   8.2426708e-02  -2.1423189e-01   2.8692203e-01  -1.6391062e-01   1.2532717e-01  -4.5951277e-01  -3.4154207e-02   7.8170627e-02   1.0231910e-01   3.3494085e-01  -1.5287196e-01  -5.5647437e-02   1.1646761e-01
   5.2316558e-02   4.8687379e-02   2.4830582e-03   1.0755241e-02   3.8123407e-02  -1.6136409e-02   2.5343880e-02   1.5362398e-01   9.4543487e-02  -3.2353795e-02   3.2950427e-02   6.5400421e-02   7.2280238e-02   2.3667175e-02   2.2789079e-02   5.9854621e-02   7.1826878e-02   2.9426380e-02   7.0645232e-02   4.8694923e-03  -7.7042109e-03  -4.2999819e-02  -1.6863925e-02  -4.3514278e-02   1.4151194e-02   2.4535960e-02   3.0639811e-02   1.7812361e-02  -7.2014543e-02  -5.7084167e-02  -4.2281014e-02   2.9391887e-02   7.4955863e-02  -5.5478328e-02
   9.7691341e-02  -7.9195518e-02  -1.1012737e-01   5.3142814e-02   8.9979271e-02   7.1342267e-02  -1.4178921e-01   2.3573835e-01  -5.3914259e-02  -3.0729693e-02  -5.9803368e-02   1.2828861e-01  -4.5192165e-02  -7.2990940e-03  -2.8785827e-03   8.0344406e-02   7.6571882e-02   7.2890455e-02  -1.7468337e-01  -2.8155921e-02   1.9592556e-02  -4.7748190e-02  -1.4781869e-01  -3.0273731e-02   4.8151183e-02  -2.5751063e-02  -3.9668770e-02   1.8516597e-01  -2.1617365e-01   2.8306866e-02  -3.2667349e-01  -5.0314105e-02   1.8813421e-01  -1.4510794e-01
   8.1426507e-02  -1.9059086e-01   5.2196274e-02   2.9158858e-01   2.0333114e-01  -1.4903414e-01  -8.5897996e-02  -4.3045224e-02   9.9131431e-02  -1.4907844e-01   1.9655220e-01   1.0633569e-01   8.7852385e-02   1.3484306e-01   1.1487739e-01   2.0537047e-03  -2.8139705e-01   3.4166282e-01   5.2764805e-02   3.5362637e-01  -5.2641289e-02  -9.1342003e-02   7.9305891e-02   7.4530386e-02   1.4890560e-01  -4.5245442e-01   5.1826779e-01  -1.7626088e-01  -2.3615789e-01  -2.8634497e-01  -6.3469738e-01   9.5538728e-02   2.1518866e-01  -1.5965175e-01
  -8.1561735e-03  -1.6152256e-01   1.8885247e-02   5.5012153e-03   4.0845941e-02   2.5341723e-02  -1.3586756e-01  -8.0542705e-02  -5.1553160e-02   4.5573623e-02   5.7585783e-02  -5.2109811e-03  -3.1626037e-02   1.6254390e-02  -7.5710453e-03   4.8278295e-02  -8.9626415e-02  -1.2915095e-02   2.4320897e-02   6.2779998e-03   1.5116447e-01   1.9707882e-02   2.3955603e-02  -6.9504691e-02   2.5305568e-02  -5.2989904e-02  -1.5793003e-02   7.0064093e-03  -1.0250811e-01  -9.5076640e-02  -4.1911945e-02   4.9302607e-03   5.1580875e-02   2.7730092e-02
   1.6499342e-01  -1.1458627e-01  -2.8769372e-02   1.3836677e-01   1.2965331e-01   1.0175113e-02   3.4802595e-02  -3.2951284e-01  -2.0495484e-01   6.5938402e-02   6.4892244e-02  -5.0494381e-02  -1.1160382e-01  -3.9564431e-02  -9.9947329e-02  -3.2782801e-03  -1.1613415e-01  -1.3822992e-02  -9.0284677e-02   9.3612134e-02  -4.6388832e-02   1.8071838e-01   1.7234905e-02  -1.3710572e-01   1.4023621e-01  -7.6002271e-02   1.7997089e-01   1.2651922e-01  -1.0476815e-01   1.3438563e-01  -1.1275755e-01  -5.1421207e-02   1.7099388e-01  -6.3421541e-02
   1.0904348e-02   1.6139169e-02  -7.1349345e-02  -1.1724720e-02  -6.8078818e-02   5.9497062e-02   4.7540516e-02   1.7489033e-01  -2.5198379e-03  -7.3350747e-02  -1.2749389e-01  -3.7567183e-02  -5.9679683e-02   5.7236595e-02   3.4002136e-02   2.0531622e-02   4.6055597e-02   1.2654387e-01  -1.5612671e-02  -1.5307134e-01  -4.8449195e-03  -3.5171637e-02  -4.8140741e-02   6.1720600e-02   3.1756583e-04   1.0332558e-01  -2.2817207e-01  -8.8683527e-03   1.8162284e-02   3.7598844e-02   1.2954348e-01  -1.4415688e-02  -7.8854924e-02  -8.6243018e-02
   2.7237530e-02  -6.0470763e-03   2.2020001e-03   2.5647110e-02   1.1448246e-02  -1.0101638e-02  -7.1885519e-03   4.0665248e-02   2.9602070e-02  -1.9111996e-02   5.6380168e-02   2.2368039e-02   1.6612980e-02  -2.4779988e-02   3.8757311e-02   2.4312516e-02   9.0224124e-05  -2.7872334e-02  -9.9068011e-04   5.0284088e-02  -1.4146786e-02   1.1253456e-03   3.0548908e-03  -3.7558421e-03   3.7285310e-02  -2.4461979e-02   4.2222248e-02  -2.7946361e-04  -3.8594359e-02  -2.2487605e-02  -5.9646780e-02  -7.4692692e-03   8.8744385e-02  -2.9027893e-02
  -2.1850868e-01   5.3332076e-02  -1.0801209e-01   1.6059129e-01   2.3814979e-01   6.5769769e-02  -3.5662096e-01  -2.1570063e-01   8.1263542e-01   2.2540228e-01  -1.1402969e-01  -2.2890339e-01   5.7070300e-01   1.7818605e-01  -8.8671164e-01   2.2356426e-02  -4.2367502e-01  -1.3091025e-01   8.2713789e-02  -6.9611898e-02   2.1259454e-02  -5.3822535e-02   3.1812007e-01   4.6864748e-02  -8.3389549e-02  -3.5390813e-01   1.3581094e-01  -1.9832868e-01  -2.3113652e-01  -2.5396325e-01  -8.9804233e-02  -2.1349920e-01  -4.9774379e-02  -4.2724801e-01
  -5.7726370e-03   1.2517905e-02   1.5069373e-02  -1.4530902e-02  -6.4882558e-03  -1.0212654e-02   1.4099415e-02  -1.1671596e-02  -5.8810465e-03   2.4422882e-02   3.3572785e-02  -6.1466789e-03   7.6370756e-03   6.7495694e-04  -5.6598254e-03  -1.4915765e-02  -1.5658263e-02  -2.9414252e-02   2.1938800e-02  -9.3280213e-03  -1.8834083e-02  -1.7257391e-02   1.3683993e-02  -1.8024172e-02  -1.9668489e-03   3.3287191e-03  -8.1680883e-03  -8.5161288e-03   1.0457612e-03   2.1014530e-02   2.2357909e-02  -9.2688829e-03  -3.8918225e-03   4.5844681e-03
   2.8141960e-02  -4.4359922e-02  -4.6547553e-02  -9.6636708e-02  -9.3277452e-02   9.4210041e-02   1.1719869e-01  -6.3672595e-02  -1.6711976e-01  -5.2828939e-02  -3.4558335e-02   5.5899774e-02  -2.4727555e-01   3.5465790e-02  -2.2931169e-01  -4.8581280e-02   6.7414141e-02   1.1327467e-01   4.6848328e-02   3.4885465e-02  -8.7806905e-02  -7.5537486e-02  -8.5215305e-02  -4.0937940e-02   1.4521860e-01   1.9875097e-02  -4.9088925e-02   1.5145327e-01   8.5392999e-02   6.5894041e-02   7.4215489e-02   5.4291285e-02  -1.8396805e-01  -1.5120374e-02
  -5.4362951e-02   1.6388958e-01   5.0252938e-02  -1.2102055e-01  -9.6973346e-02  -4.5050197e-02   6.1565075e-02   7.0612585e-02  -3.6093653e-02   4.0824282e-02   4.9594799e-02  -1.6701905e-02   1.8281490e-02   2.5219339e-02  -4.3314623e-02  -3.8843935e-02  -5.3898648e-03  -6.8027019e-02   7.5979553e-03  -7.3436107e-02  -3.8371808e-02  -5.3488915e-02  -2.6411076e-03  -5.4657738e-03  -4.5690400e-02   4.8733804e-02  -1.0820053e-01  -3.7884966e-02   3.3667131e-02   8.6508953e-02   1.1175075e-01  -6.2531328e-02  -7.3074552e-02   4.9970414e-02
  -3.8418039e-02  -2.9104356e-01   5.6709601e-02   8.0005183e-02   9.6317886e-02  -1.0435073e-02  -9.2909394e-02  -6.7842972e-02   1.3354986e-01   5.7096004e-02  -1.3093745e-01   1.8526668e-02   7.0464124e-02   2.4528580e-02  -1.2445141e-01  -3.8859529e-03   1.1693135e-01  -1.3454475e-01  -5.9257351e-04   6.8297892e-02   5.9276892e-02  -3.4240801e-02   5.1860004e-02   8.7072812e-02  -1.6573801e-01   3.3395986e-02   7.3726083e-02   8.3807233e-04   1.1556638e-01  -6.8927500e-02   1.0872644e-02   1.1255837e-02  -1.0984674e-01   1.2396717e-01
   1.6371201e-03  -4.0893758e-02  -1.8453865e-01  -2.2721745e-01  -1.7197147e-01   1.7547215e-01   2.7154891e-01   3.7616931e-02  -4.3928858e-01  -2.1445504e-01   1.1301018e-01  -4.7932269e-02  -5.2006977e-01  -2.0076540e-03   5.2288347e-01   1.0876714e-01   2.2096447e-02   3.5494580e-02   1.1797649e-01  -9.2869235e-02   3.6694696e-02  -2.3982961e-02  -1.0141551e-01  -8.5968283e-02   2.7307433e-01   3.5856353e-01  -2.5350186e-01   7.1649210e-02   8.7334146e-02   1.9818039e-01   1.5093349e-01   2.9357830e-02   1.8176626e-01  -2.2001537e-02
   2.4808700e-02  -1.0778657e-01  -7.5184046e-02   5.6941864e-02  -1.1253266e-02   9.4627403e-02  -4.4795235e-02   2.5854547e-02   6.7571079e-02  -1.1331915e-02  -1.6224922e-01  -5.5218645e-02  -1.4208394e-02   3.6069993e-02  -8.3136270e-02   8.1721729e-02   4.3488314e-02   1.9612559e-03  -4.4225939e-02  -4.8836993e-02  -3.9832449e-02  -1.2468102e-02  -3.5728954e-02   1.2634365e-01  -3.8132324e-02   4.8028646e-02  -1.2021636e-01   6.9771935e-02   6.8224410e-02   2.5731855e-03   5.4140831e-02  -2.0646373e-02  -3.5242714e-02  -6.6992602e-02
  -1.5682232e-01   2.2461385e-01   2.6902792e-02  -3.3154417e-01  -1.5785103e-01  -2.8453988e-02   5.1784022e-02  -5.7814753e-02  -2.9321404e-01   2.1168277e-01   9.0807622e-02  -5.8952525e-02   1.4584352e-02  -1.0095182e-01  -5.4580898e-02  -1.9932053e-01  -7.1441453e-02  -1.1982487e-01   2.4149419e-03  -2.5310803e-01   6.9253185e-02  -1.0113109e-01  -1.2107170e-01  -1.1060163e-01  -5.5261169e-02   1.1824584e-01  -4.1638698e-01   1.0757666e-01   8.7099524e-02   1.9936265e-01   2.4365105e-01  -1.6904981e-01  -2.1467801e-01   2.3540691e-01
