   3.9838936e-01
   6.2752299e-02
   1.2465581e-01
   7.4102456e-02
  -4.8067928e-02
   2.0753565e-01
  -4.2765721e-01
  -3.2179817e-01
   2.2293002e-01
  -5.4090547e-01
  -4.0894129e-01
  -5.6475071e-01
  -2.4404208e-01
  -1.3170037e+00
  -1.8687400e-01
  -8.7472128e-02
   4.8130122e-02
  -6.6647980e-02
  -4.5016709e-02
  -2.6102560e-01
   8.9761690e-02
   1.9377238e-01
  -5.7877118e-02
   1.9258550e-02
  -4.4196028e-01
   2.5704390e-02
  -5.1501605e-01
   2.4790709e-02
  -2.2800472e-02
  -9.3361819e-02
  -6.6289666e-02
   2.6858020e-01
  -3.4388531e-02
