  -2.4124238e-03  -1.1123105e-02  -1.6166523e-02   5.2588004e-03  -9.2965281e-03   2.9742077e-02   1.3712391e-03   2.1775983e-02  -4.9895224e-03   3.0453398e-03  -3.6671775e-03  -2.3681669e-02  -1.1348297e-03   1.2949058e-02  -3.4469101e-03   7.0099135e-03  -3.0400378e-03   6.6121059e-03   5.9740045e-03   8.5284843e-03   3.0100947e-03  -1.4090169e-02  -8.0646873e-04  -2.5714237e-05   1.4279740e-02   2.6612711e-03   2.7984941e-03   1.9635924e-02   8.2515994e-03  -1.2546776e-02  -1.5391772e-02
  -1.0300196e-01  -1.7170775e-01   1.1913897e-02   2.9919282e-01   1.0721274e-01  -2.5571622e-02  -3.7166111e-02   2.5477813e-01   2.1571286e-01   2.9139837e-01   7.1384156e-01   1.5217543e-03  -5.3871918e-02   3.9219011e-01  -1.4549713e-01   1.2550981e-01  -7.6495127e-01   5.3944802e-02  -1.3343402e-01   1.3782299e-01   4.0261674e-02   3.9830897e-02   1.4678144e-01  -7.6520757e-02   1.0123336e-01  -7.7618128e-02   2.5340368e-01  -1.2099425e-01  -1.2073620e-01  -5.7722762e-02   1.1464717e-01
  -2.2536681e-02   2.1802391e-02   3.4599316e-02  -1.1804325e-02   1.4623278e-02  -1.6808537e-02  -2.0358957e-03   8.3705876e-03   5.4359097e-03   4.1365283e-03   2.1014683e-02   1.1994031e-02  -9.9928237e-03   1.2364418e-02   3.7434490e-03  -1.4960071e-02   4.4996251e-02  -1.2904168e-02  -3.9118470e-03  -3.0182594e-02   8.6727024e-03  -5.5150793e-03   3.3566920e-02   1.9725873e-02  -1.3076962e-02   2.7444321e-02  -1.9159647e-02  -2.5000523e-02  -1.0083692e-02  -5.2567323e-03   1.2293330e-02
   3.3146215e-02  -2.4077579e-01   1.2871577e-01   3.5463381e-02  -2.6091030e-01  -1.1552596e-01  -3.8485608e-02   2.1841498e-01   1.0175230e-01  -7.6902361e-02  -2.0426953e-02  -1.7415063e-01  -9.0163135e-02   3.1530106e-01   1.2714120e-01  -1.0644913e-02   1.6858920e-01   1.6604829e-02  -5.5747370e-02   2.1936908e-01  -3.6220381e-01   2.0579335e-01  -8.0973525e-02   6.8753391e-02  -1.7448400e-01   1.0418424e-01  -1.1195909e-01   1.2838559e-01   4.5742312e-02  -5.1236725e-02  -8.6861196e-02
   2.1384383e-02  -9.5648070e-03  -1.1205590e-01   9.9651114e-02  -4.3434146e-02   7.5845618e-02   2.7576020e-02  -1.3346574e-02  -1.6251991e-03  -2.5150292e-02  -5.9068523e-02   5.0532774e-02   6.9254923e-02  -4.7297398e-02   1.1862815e-03   3.1400981e-02  -8.5645354e-02   2.9688286e-02  -1.8258898e-02   8.8459794e-02   2.6943611e-04  -1.4674114e-02  -1.2369995e-01  -2.4537351e-02   4.5046311e-02  -3.3834772e-02   4.5684575e-02   4.0316339e-02   3.0161749e-02  -3.6563241e-02  -5.0397668e-02
  -2.5157836e-03   3.7697103e-03   1.0468926e-02  -6.9087768e-03   3.5789885e-03  -7.0615104e-03  -2.3936453e-03   1.3031979e-03   1.7957596e-03   1.5726521e-03   4.6562033e-03   1.2048586e-03  -4.3753000e-03   3.8883580e-03   2.0701918e-03  -3.4844930e-03   8.2875673e-03  -4.0427252e-03  -3.1149147e-04  -7.4492057e-03  -7.7594049e-04   1.5226446e-03   1.0461806e-02   4.9411314e-03  -4.9696890e-03   7.4058209e-03  -5.3251716e-03  -6.1649460e-03  -2.6353714e-03   2.8608360e-03   4.2021532e-03
  -3.5606415e-03   6.0839797e-03  -9.0757253e-02   7.6590266e-02  -9.5551131e-03   1.0247292e-01   2.5454473e-02  -3.2689030e-03  -1.8825967e-02   3.1112228e-03  -7.7043997e-02   5.2807135e-03   4.5437340e-02  -1.7012678e-02  -1.6289230e-02   2.3630987e-02  -4.5290252e-02   3.5387585e-02  -1.8814312e-03   3.2296740e-02   4.1670588e-02  -4.4177769e-02  -6.4522149e-02  -1.6402310e-02   6.8135368e-02  -3.8764699e-02   2.7364169e-02   6.0733045e-02   1.8549964e-02  -1.4795437e-02  -3.4620622e-02
  -1.5034161e-01   1.7670483e-01  -3.0469862e-01  -6.4977614e-01  -3.4240142e-01  -4.6558527e-02  -4.2236667e-02  -1.5095879e-01   6.5377002e-02  -1.0939517e-01  -3.6620602e-02  -1.9678875e-01   6.4411805e-02  -9.2089522e-02   3.6822327e-01  -1.8733124e-02  -1.8512430e-01   4.5030366e-02  -4.8489421e-01  -3.9844613e-01   9.8170979e-02   3.7993264e-01  -9.4265244e-02   1.2606981e-01  -1.1512093e-01   5.7573388e-01   1.1798389e-01   7.9508621e-02   1.4413138e-01  -2.1776515e-01  -1.6043792e-01
   2.4803711e-03   1.3534729e-01   2.0071078e-01  -5.3557192e-02   3.8545344e-01   1.1268839e-01   5.0939816e-02   5.0566249e-02  -1.0236691e-01   5.9546965e-02   1.6889954e-01   2.1090802e-01   6.1639013e-03  -5.0165101e-01  -6.9655245e-02  -1.2826184e-01   3.5847505e-01  -9.8957928e-02   1.0796629e-01   5.2840254e-01   1.0501158e-01  -3.3634612e-01  -2.1468238e-01  -6.9131280e-01   2.5012976e-01  -3.9326134e-01  -5.9431239e-01   3.2040420e-01  -1.7639512e-01  -7.4162241e-02  -3.9402479e-02
   1.1091157e-02  -2.2366460e-02  -8.7108538e-02   1.5059201e-02  -1.4337225e-02   1.0514032e-01   1.2423107e-02   4.9322464e-03  -1.9578469e-02   7.7896834e-03  -6.7154072e-02  -5.3620747e-02   3.1595057e-02  -8.3068962e-03  -9.3188009e-03   3.5605379e-02  -7.8893995e-02   2.9551726e-02   8.3265331e-03   3.3543430e-02   3.4538482e-02  -3.0267131e-02  -3.9787393e-02  -7.9710245e-03   6.0239365e-02  -5.6067656e-02   2.1351004e-02   7.1335566e-02   2.7204595e-02  -1.0751686e-02  -4.4925713e-02
  -9.9408885e-03   1.0092737e-01   4.2509173e-03  -5.3466838e-01   1.1183564e-01  -2.2418265e-01   5.8864779e-02  -7.2935918e-02  -9.3084864e-02  -1.3944021e-01  -1.9646978e-01   2.8594777e-02   1.0124432e-01  -2.3428059e-01   5.5762621e-02  -2.9297005e-02  -1.8366896e-01  -2.7416376e-03  -1.4641522e-01   5.2073528e-02   9.1071532e-02   1.9954241e-01  -2.0627829e-01  -2.7650249e-01   2.8774598e-02  -5.9711060e-02  -1.7607630e-01  -6.7530743e-02  -1.1944714e-01   6.1177431e-02   1.2724409e-01
  -1.9942409e-01   3.2914123e-01  -1.4005275e-01   5.6979414e-02  -7.1694621e-02  -2.5169117e-01   2.3299197e-01   1.0391647e-01   9.9763687e-02   3.6149725e-02  -3.3674843e-02   1.0579902e+00   2.7622288e-01   1.9377763e-01   2.8783229e-01   1.6363212e-02   2.2311250e-01   1.0911666e-01  -4.7472410e-01  -5.8796505e-04   1.1154363e-01   3.3714737e-02  -3.3535663e-01  -5.1934924e-02   1.2934807e-01  -8.4106086e-02   2.2974941e-02  -4.3287105e-01  -1.8885968e-01   6.6205241e-02   4.4698318e-01
   3.6192731e-04   1.2676144e-03   1.5948953e-03  -2.2628495e-03  -5.7005908e-05  -2.9232950e-03   8.5672191e-06  -9.8884087e-04   1.0326728e-04  -5.1547774e-04  -9.5873758e-06   7.8347287e-04  -5.2252988e-04  -7.2619784e-04   2.4432149e-04  -1.1585678e-03  -7.6905515e-05  -6.1216335e-04  -6.9964108e-04  -1.0859470e-03  -7.0436094e-04   1.5174452e-03  -3.9142327e-04  -6.1896493e-04  -1.3084041e-03   5.0415895e-04   6.2423497e-04  -1.7566177e-03  -6.0431842e-04   6.7763113e-04   4.5075416e-04
   1.8885763e-02  -2.7167447e-02  -4.7457771e-02   7.2178074e-03  -1.9436162e-02   4.1484877e-02   6.3315748e-03   4.4761222e-03  -1.5287979e-02  -1.8928683e-03  -3.3879727e-02  -4.0605782e-02   1.1676893e-02  -1.1458529e-02  -8.5937458e-03   1.9907056e-02  -4.9364670e-02   1.9693044e-02   9.4621618e-03   3.1221088e-02   7.5145658e-04  -1.0846829e-02  -2.9853664e-02  -1.8183711e-02   2.7906969e-02  -3.4378870e-02   2.3306946e-02   4.4709160e-02   1.9044530e-02  -7.7372154e-03  -2.8825158e-02
   5.1764194e-02   3.3265739e-02  -5.7021196e-03  -4.0142293e-01   1.6608576e-01  -2.4253971e-01  -3.3435097e-02  -6.5312380e-02  -9.7542705e-02   3.7129703e-02  -5.6383324e-03  -2.5547744e-01  -1.0065533e-01  -9.9283704e-02  -1.0312112e-01  -5.1644576e-02   1.3948462e-01  -2.5984752e-02   3.4907020e-02  -1.3164341e-01   1.2302340e-01   1.4602850e-01   9.9053360e-02  -1.3610019e-01   3.4984024e-02  -7.0371172e-02  -9.6861471e-02   2.2790760e-02  -3.1994747e-02   7.8193678e-02   5.0254383e-02
  -1.4350390e-01   1.5894704e-01   7.7822117e-02   2.2064627e-01   2.5220006e-01  -6.0635683e-01   1.3537840e-02  -1.7811073e-01  -1.1381799e-01   5.6770223e-02  -2.4310619e-01   3.4853613e-01  -6.2833578e-03  -1.7882754e-01   3.2993728e-01  -7.0287560e-02   5.9314848e-02  -4.5953450e-02  -2.1724956e-01  -2.9495208e-01   2.0349605e-01  -4.0093003e-01   2.3624732e-01   1.6925157e-02  -1.3499330e-02  -4.6049395e-01  -1.7294038e-01  -1.8483172e-03   1.8968240e-02   5.3449244e-02   3.6801707e-02
  -8.2468990e-02   1.2006694e-01   8.2473855e-02   6.4586796e-02  -3.2831332e-02  -1.2005239e-01   2.0768481e-02  -2.5884640e-02   3.6103654e-02  -3.8738708e-02   6.1352147e-02   2.7038885e-01  -5.2981935e-03   3.9223181e-02   1.4033494e-01  -8.0939776e-02   2.5198770e-01  -3.3726805e-02  -1.5503702e-01  -8.0870339e-02   1.5549316e-02   6.4684860e-02   9.7892625e-04   9.5298795e-03  -8.0049453e-02   9.8764515e-02  -1.3449368e-01  -1.6205312e-01  -6.4729711e-02  -2.1371769e-02   1.2283633e-01
  -6.0244725e-02   2.5749083e-02  -3.7197226e-02   7.6401889e-02   1.3124991e-01  -6.6064062e-02   7.5307673e-02  -1.8548333e-01  -8.4774575e-02   1.3329349e-01  -1.0073216e-01   2.2018016e-01   1.2176442e-01  -9.6824179e-02   2.0317228e-01   4.3751113e-02  -4.1214472e-01  -1.0946189e-02  -3.2233660e-01   5.9495872e-02   1.8786564e-01   1.0219614e-01   1.2013529e-02  -2.7094658e-01   1.7980659e-01   1.8142202e-01  -4.8904658e-01   2.5524061e-01  -4.2698479e-02   4.7070838e-02   8.1913258e-02
  -1.2279358e-02   2.8020211e-03   7.8897084e-02   1.1365749e-01   2.7800531e-02   8.1811743e-03   1.5213811e-02  -1.0883327e-01  -2.5031661e-02   9.1241146e-03  -9.4595367e-02  -9.6221868e-03   3.0190064e-02  -3.5311529e-02   7.2530890e-02   9.4980686e-03  -9.1572921e-02   1.1719322e-03  -1.7173194e-02  -2.2132875e-02  -5.1041721e-02   1.4642417e-01   9.0444135e-02   6.0339669e-02   2.7453732e-02   4.2112431e-02  -3.9420632e-03  -5.5324060e-03   1.7477110e-02   1.2105480e-01   4.2943272e-02
   2.0928136e-03  -2.4240328e-03  -2.9501878e-02  -2.5652587e-01   1.1971758e-01  -2.5460388e-01  -2.5737356e-02   2.2119337e-01  -1.0388299e-02  -1.4474194e-01  -2.7370903e-02  -3.4174629e-02  -1.1518556e-01  -4.1010592e-02  -1.4734100e-01  -1.3931722e-01   4.3272768e-01   5.6484723e-02   1.6090229e-01   1.5903103e-02  -7.4243295e-02   2.1329931e-01   4.5145111e-03  -2.2669652e-01  -7.5670752e-02  -3.2558614e-02   1.3587074e-01  -8.5937977e-02  -8.4473196e-02   1.5019454e-01   7.4302241e-02
   1.5890730e-02  -2.9645917e-03   1.0988997e-02  -1.1464553e-02   3.3993091e-03  -2.6416699e-02  -6.2564624e-03  -1.7339872e-02   1.1390228e-03   1.6775781e-03   9.8826013e-04   3.3576326e-03  -5.0179018e-03  -6.0219435e-03   1.1185189e-02  -3.2479589e-03  -8.0651265e-03  -7.5265580e-03   2.2655061e-03   4.2632274e-03  -1.5454990e-02   1.8800730e-02   6.7093443e-03  -3.1915639e-03  -1.0317047e-02   5.9067549e-03  -1.1415502e-02  -4.2424882e-03   3.1811603e-03   1.5152058e-02   9.1300385e-03
   1.8238699e-04   3.9181865e-02   1.5968892e-01   8.7528572e-01  -2.7919322e-01   1.3103186e+00  -4.2146129e-02   2.4041415e-01   1.0619717e-01  -4.1168928e-02   6.7507809e-02  -2.1634156e-01  -3.4769235e-02   1.8416375e-02  -4.1253103e-01   4.0854167e-02   2.3724080e-01   9.5258156e-02   1.8258562e-01   2.2077303e-01  -3.8239064e-02   1.4172225e-01  -1.0957090e-01  -6.0224195e-02   1.9913474e-02   9.0004930e-02   2.2730680e-01   1.3777568e-01  -7.8656193e-02  -1.1668418e-01  -1.4390356e-01
   3.6108794e-02  -5.9028114e-02   4.5022966e-02  -2.9429641e-02  -4.4801415e-02  -9.9029504e-02  -2.7315223e-02   3.8014917e-02   2.5519256e-02  -2.7299425e-02   1.2538920e-01   2.7334487e-02  -3.7167371e-02   3.9594776e-02  -4.5065476e-03  -9.9941076e-03   4.6353797e-03  -2.5314077e-02  -8.6360606e-03   2.2932662e-02  -7.7725710e-02   7.6223407e-02   2.4372994e-02  -2.1400898e-02  -8.5299838e-02   5.4532057e-02   2.4932178e-02  -6.8120111e-02  -1.1986482e-02  -9.8308223e-03   1.2846202e-02
  -8.9376079e-02  -3.2435499e-02   2.8299763e-03   2.5305612e-01  -7.6830971e-02   1.2828570e-01  -2.4778952e-02   9.1924798e-02   7.9355396e-02  -3.7121253e-02  -4.1308590e-03   2.8356776e-02  -3.5295872e-02   2.0613058e-01  -1.8018561e-02  -7.6358208e-03   3.8651662e-02   1.3247077e-02   3.6737474e-02  -7.0029808e-02   1.8712168e-02  -2.8629794e-02   1.0362389e-01   1.8466059e-01  -5.2124327e-02   4.4731071e-02   8.9408424e-02  -7.1304702e-02  -1.0428258e-02   5.4832022e-02   5.0712224e-03
   5.6453908e-02   3.1451381e-02  -3.8948275e-01  -1.7084822e-01  -2.3024901e-01  -2.7835018e-01  -6.8575914e-02  -2.5785263e-01  -8.7354742e-02  -3.2613767e-02  -1.4539737e-01   5.9917567e-01   4.5702197e-02   5.2762899e-02   1.0133308e-01   3.4060604e-02   2.4119698e-01   1.1236680e-02  -4.6030368e-01  -3.3274506e-01   9.3904047e-02   5.5304390e-02   4.1141492e-02   9.7701388e-02   3.2427578e-02   3.7145209e-02  -2.3048391e-01   3.1494375e-01   2.2281254e-01   1.0053597e-02  -2.6147706e-01
   2.4175419e-03   1.4504410e-02  -2.0066869e-03   2.0035433e-02   1.0548505e-02  -2.2375446e-02   6.6081420e-03  -3.0589548e-02   1.8814183e-03  -6.6391650e-03  -1.1720459e-02   3.5523170e-02   1.4734232e-02  -2.5585201e-02  -4.0677513e-03  -3.3160914e-03  -6.7381214e-03   7.6997640e-04  -9.9860909e-03  -3.5339288e-03   7.6846949e-03   7.4499980e-03  -1.1594388e-02  -6.8022281e-03  -5.0932868e-03  -1.7780890e-02   8.8758090e-03  -1.4935464e-02  -7.8106889e-03   1.1395641e-02   1.1766423e-02
   1.1705036e-01  -1.4722943e-01  -2.7858511e-01   1.2319759e-01   3.3491056e-01   7.6026416e-02  -6.0707173e-02  -5.3177957e-02  -2.4921019e-01  -2.1458676e-02  -2.6805931e-01  -2.2543522e-01  -7.8514459e-02  -2.7030113e-01  -3.4100612e-01  -2.7156727e-02   2.8576896e-01   3.0593562e-02   2.1446191e-01  -2.6834020e-01   4.6192821e-01  -7.4360868e-01   7.7280507e-02  -1.9214988e-01   2.8274700e-01  -3.1258354e-01  -4.1408838e-03   4.5289456e-01   4.8670429e-02   1.3730152e-01  -1.3772956e-01
  -4.9944446e-02   4.3693432e-03   2.6878150e-01   1.1134623e-01   8.8273914e-02  -2.4204392e-01   1.3561793e-03   1.5173888e-01   7.8507592e-02   7.4903816e-02   3.9172264e-01   4.3312006e-02  -9.6688202e-02   7.5078218e-02   2.5314535e-02  -7.1981153e-02   8.1319753e-02  -5.9259517e-02  -1.4727549e-01   5.8821769e-02   4.0418410e-02  -7.2748801e-02   1.9969282e-01  -1.6141960e-01  -8.7140212e-02   1.3086871e-01  -1.2199280e-01  -3.5363404e-01  -1.9279326e-01   1.5918347e-02   3.5537215e-01
   1.2877947e-01  -1.9628765e-01  -1.9260536e-01  -6.4107766e-01  -2.4196787e-01  -3.8318108e-01  -1.3805969e-01   1.0541990e-01   4.2062867e-02  -7.1786304e-02  -8.2332870e-02  -4.1601012e-01  -7.6154180e-02   2.5736626e-01   2.2744522e-02   8.8588280e-02   2.7640711e-01   3.9123624e-02   8.7222663e-02   1.2285443e-02  -2.6875666e-01   2.0080782e-01  -1.7784250e-02   1.4265577e-01  -1.3179912e-01   1.5773091e-01   9.8593010e-02   2.6852077e-01   2.3209326e-01  -1.9435091e-01  -3.8335426e-01
