  -9.6169696e-02  -6.4859372e-02   1.4056955e-02  -7.1862254e-02   1.3410110e-01   3.2078940e-01   1.6364831e-01  -1.5944508e-01   3.4417425e-02  -1.9018490e-01  -5.6143760e-02   1.7474086e-02  -6.7627570e-01  -9.1386655e-02   1.9237936e-01   2.9480787e-01   3.5048504e-02  -1.4624858e-01   2.4276598e-01  -8.5318119e-02  -2.3059445e-01   1.9976651e-01  -1.5760797e-01   1.9601475e-01  -1.5590352e-02  -1.9174231e-01   6.5607945e-03  -5.6112481e-01
   3.7154628e-03   6.3327309e-02  -1.7955016e-02  -7.5588875e-02   9.4019001e-02   3.9046268e-02  -1.2234956e-01   1.0173256e-02   4.2881536e-01  -3.0458125e-02  -1.6001361e-01   9.9472560e-02   2.4850849e-02   5.8581833e-03   7.0056221e-02   5.3817283e-03  -1.7759363e-01   2.2819172e-02   2.2016050e-02   4.4600946e-02  -2.2829550e-01  -2.1929965e-01   7.2277077e-02   1.7800254e-01  -1.3276266e-01  -3.5250023e-03   6.0118863e-02   5.1019911e-02
  -1.4872270e-01  -4.8172956e-02   1.6034984e-01   7.6439398e-02   1.0463692e-01   8.0328976e-03   6.2770323e-02  -3.0847300e-01   8.6151982e-02   3.2346298e-02   7.4715794e-02  -1.2407143e-02   1.5427374e-01   6.8348418e-02  -9.8673293e-02   1.1531494e-01  -1.4033683e-01  -2.5077122e-02   5.0743143e-01  -1.7857627e-01   2.8832527e-01   7.7018574e-02  -9.2255664e-02   5.6389199e-02  -1.7602502e-01   2.2234130e-02   1.4583669e-01  -2.5328561e-01
   7.5417347e-02  -4.3016729e-01   1.4951996e-01   5.5985322e-02   2.4800885e-01   3.3659410e-01  -4.6337179e-01  -5.1515705e-01   7.4566168e-03  -5.6089480e-01  -1.8879595e-03   1.5559153e-03   3.4363724e-01   9.3921225e-03   4.6835495e-02   3.3835442e-03   2.3588676e-01  -3.4348622e-01   2.9256382e-01  -3.6876172e-01  -2.4242124e-01   1.0210445e+00   3.1025406e-01   6.3161139e-02   1.7997510e-01   6.0040440e-02  -8.1406416e-03  -3.7570845e-01
  -3.1469657e-02   2.7251929e-01   6.2435926e-01  -2.3996304e-01  -3.5721702e-01   3.3262491e-01  -5.9907318e-01  -2.6387428e-01   6.8952064e-01  -2.0280497e-01  -2.2653766e-01   8.4016191e-01   2.0250889e-02   3.4097270e-01   3.5474502e-01  -9.5463794e-02  -4.5298775e-03   2.6951902e-01   2.4185256e-01   6.2437162e-02   2.8054821e-01  -7.0612328e-01   7.7308156e-02  -1.3445999e-01  -1.5530951e-01  -4.4272843e-01   7.6409697e-01  -4.4852132e-01
  -8.8554850e-02   4.3936354e-01   4.2460286e-01  -1.5488172e-01   1.6051738e-02  -1.0574812e-01   1.1841502e-01  -2.3137773e-01   7.7572720e-02  -3.8572954e-01   1.6589763e-01   3.1801909e-01   7.2368742e-01   6.4076149e-02   1.5029827e-01   2.2535342e-01   4.5403331e-02   3.4548324e-01  -1.9102502e-01   2.4141436e-01   6.2112530e-01  -3.7596638e-02   2.8908516e-01  -4.9114496e-01   1.3432832e-03  -2.5611550e-01  -9.9002665e-02   4.2295247e-02
   1.4365934e-01   1.4884365e-01   1.6433070e-01  -3.4018628e-01   4.2295204e-02  -1.7956435e-01   3.3330834e-01   1.6869053e-01  -6.6602437e-03   2.2119697e-01   3.5313620e-01  -8.9909002e-02  -1.8921048e-01   6.2522740e-02   1.6053591e-01   1.1398069e-01   1.4441903e-02  -3.4519606e-02  -2.7863535e-02   1.1950482e-02  -6.2512730e-02  -4.5290958e-01  -1.4878803e-01  -1.2597977e-01   1.7106179e-02  -1.9927654e-01  -3.5649057e-01  -2.2233322e-02
  -2.0924923e-01  -8.3984590e-02  -2.8775483e-01  -2.4050436e-01   6.1661697e-01   1.4577786e-01   3.7374769e-01  -3.4872034e-01   2.5253922e-01   2.0380823e-01  -3.6840394e-01  -9.2494670e-02  -1.2100912e-01   1.6630660e-01  -1.0031906e-01   5.8450900e-01  -3.3430740e-01   3.0542571e-01   7.0447530e-01   2.7430094e-01  -1.3154712e+00  -1.9009272e-01   2.1194253e-02   5.6075612e-01  -3.4669682e-02  -9.0073079e-01  -1.3263587e-01  -3.1703791e-01
   1.3039478e-01  -1.8016977e-01  -4.2449733e-01   2.7209115e-01   1.0249691e-01  -3.1862871e-01   4.2624427e-01   1.9714887e-01  -2.7724216e-01   3.4151452e-01   3.1529807e-02  -5.3574255e-01  -1.7327922e-03  -2.2140489e-01  -4.1138140e-01   6.8587118e-02  -3.3822036e-02  -2.3877287e-01   2.5873174e-01  -1.3221575e-03  -1.7975499e-01   2.2577371e-01  -4.4381023e-02   1.3349469e-01   3.1972985e-01  -1.2280525e-01  -6.2416289e-01   3.5418671e-01
   2.4967444e-01  -1.6682256e-01  -1.6937026e-02  -6.7264250e-03   2.6158549e-01   4.1222354e-01  -2.6989100e-01   8.7749481e-03  -2.7020900e-01  -2.1145516e-01  -4.3080508e-01  -1.0564497e-01  -2.3757171e-01  -2.7151113e-01   5.2792330e-02   5.0887497e-03  -7.0385158e-02   8.9691844e-02  -1.4935703e-01  -3.3814921e-02   5.3322580e-01  -1.8579125e-01   3.5079748e-01  -1.8067793e-01   2.4261233e-01  -1.3706379e-02   6.2902378e-01   9.8997533e-02
  -4.2975323e-01   5.1019489e-02  -3.3927075e-02  -1.9407861e-01   3.1552040e-02  -2.3890504e-01   6.9208419e-01   2.4053536e-01  -5.5868862e-01   5.3980544e-02  -1.3886885e-01  -5.6920467e-01   1.5678275e-01  -3.8207257e-01   4.4839972e-02   6.6768870e-02  -2.5398506e-01   6.6150243e-02  -1.9749371e-01  -2.1356506e-02   9.3751905e-02  -3.0607652e-01  -1.7858617e-01   7.1888220e-02  -2.8361458e-01   5.4223833e-01  -2.6199666e-01   2.6249032e-01
   3.1104095e-01   1.0650992e-01   2.7128074e-01   2.5754038e-01  -1.0931061e-01   1.7671760e-01   4.2955789e-02   1.3909094e-01   1.2385381e-01   3.1082011e-01   2.1610335e-01   2.8275529e-01  -1.3906565e-01   3.9009301e-01   3.0732696e-04  -1.4921055e-01  -1.0826359e-01  -1.8582102e-02   5.2571167e-02  -5.4150035e-02   4.8253637e-01   2.9023086e-01   6.4831637e-02  -5.1960952e-01   1.6098779e-01  -6.9119967e-02  -3.3305389e-02   1.4715951e-01
   5.6630126e-01  -3.7246789e-01  -3.1002203e-01   5.2030464e-01  -4.2863947e-01  -2.6670097e-01   9.0641819e-02   2.7639290e-01   1.8490123e-02   7.4178072e-01   3.7700454e-01   1.3180030e-01  -9.0388240e-01  -1.8238444e-02  -4.8467649e-01  -1.2051460e-01   4.8446755e-02  -3.6704502e-01  -3.2303040e-03  -1.3948342e-01  -2.1477063e-01   7.4123646e-01  -7.6637396e-02  -2.4125738e-01   8.0805525e-01  -2.0738932e-01  -5.6364053e-01   1.9686254e-01
   1.6271485e-01  -3.1402281e-01   1.4407385e-01  -5.7251110e-02   2.3523899e-01   2.9081250e-01  -3.5492817e-01  -9.1923314e-02  -3.8238501e-01  -2.2061586e-01  -2.6479589e-01   1.2386504e-01  -6.9299326e-02   8.5197547e-02   1.6276216e-01  -4.0840769e-01   4.2582178e-01  -3.5233241e-01  -1.2933253e-01  -2.8412943e-01  -2.0480202e-01   1.4911280e-01   1.9702417e-01   2.7414475e-01   8.9541853e-02   5.7686294e-01   6.3758969e-01  -3.1796334e-01
  -2.3915667e-01   1.2375983e-01  -6.0092446e-02  -9.6900231e-02  -1.0032130e-01  -4.1730855e-01   5.5905199e-02   3.7209367e-01  -5.4246766e-01   1.5160418e-01   1.8804477e-01   1.2914685e-01   4.4773169e-01  -1.3270607e-01  -8.3447324e-02  -1.9338354e-01   3.0900515e-01  -2.0762487e-01  -4.5719312e-01   2.2262791e-01   6.2450686e-01  -5.4421270e-01   5.0125495e-02   2.2232626e-01  -3.3718206e-01   6.0745219e-01   3.5207506e-01   3.1570844e-01
