   1.3611428e-02   1.1483033e-03  -7.4515595e-02   3.9208634e-02  -3.4545418e-02  -3.9275178e-02  -1.9553789e-02   6.9365995e-03  -4.5590706e-03   1.1752909e-02   1.2743884e-02  -2.8759400e-02   4.7333836e-02   2.5196265e-02   6.3993568e-02  -1.0069276e-01  -9.5559492e-02   7.0942499e-02   2.1039915e-03   1.9512440e-02   9.1855478e-03  -1.5697142e-01  -6.4874915e-03   3.9276750e-02  -1.5984033e-02  -2.8328155e-02   3.4258384e-02  -8.4435239e-05  -5.5099505e-02   4.3041251e-02   1.7386998e-02   3.4881106e-02
   2.9120081e-01  -1.2450195e-02  -1.3747224e-01  -2.6960755e-01   9.5622754e-02  -1.5397739e-01  -1.1548224e-02   2.8216474e-02  -2.6599985e-01  -8.3195924e-02  -6.7027737e-01  -1.7499257e-01  -1.0915926e-01  -6.1319782e-01  -8.1995850e-02  -1.6502099e-01   3.0671509e-01   1.3426405e-01   1.8948209e-01  -1.8252975e-01  -3.9055163e-01   2.5338972e-01   1.9276171e-01   1.7127808e-01   8.6189963e-01  -3.9098197e-01  -2.4209437e-02   8.1643124e-01   9.0663119e-02   5.2659756e-01   2.6791674e-01  -6.8300056e-02
  -4.1150301e-01  -6.0778766e-02   2.2890849e-04   4.1186776e-01  -1.4527436e-01   4.0920424e-02  -1.3753540e-01  -7.2640093e-02   1.7198638e-01   7.2844440e-02   3.3165284e-01  -1.5019025e-03   4.1490811e-02   1.0782993e-01   2.0509904e-01  -4.6699099e-01  -7.9662212e-01   6.1574531e-02  -2.1165725e-01   7.8460008e-02   3.3089422e-01   2.9024531e-01  -6.6830152e-02  -2.0085114e-01  -1.0972914e-01   1.2466054e-01  -1.8527326e-01  -1.6701481e-01   6.0023404e-02  -3.1223857e-01  -1.8934861e-01  -3.9837827e-02
  -7.2900135e-03  -1.3827851e-02   9.4780941e-02  -7.0491838e-03  -9.6567549e-03   4.2874201e-02   1.4692451e-02  -3.0096891e-02   6.4771371e-03  -1.8993627e-03  -1.4688999e-02   3.1914581e-02  -6.2997085e-02  -2.3860655e-02  -7.3932853e-02   1.1023361e-01   8.5196318e-02  -7.6479246e-02   3.5806182e-03  -9.5215029e-03  -4.7131380e-02   1.6971821e-01  -1.8353137e-02  -1.9084910e-02  -2.5641048e-02   3.1490846e-02  -1.5631124e-02  -4.7759080e-02   8.3723596e-02  -6.4096755e-02   5.8572685e-03  -2.5596966e-02
   6.1942617e-03   1.8357137e-02   6.4671531e-02  -9.0991892e-03  -4.5438167e-02  -3.5167837e-03   3.2957963e-02  -4.6068824e-02   2.0672517e-02  -3.3107514e-02  -1.6477105e-02   4.2219841e-02  -4.0155653e-02   1.3878138e-02  -7.1537800e-02   1.6490564e-02   3.4902769e-02  -6.6972281e-02  -3.3941206e-03  -1.1350281e-02   1.5731242e-02   1.0767850e-01  -1.2711039e-02   1.5553452e-02  -2.2100747e-02   3.1398705e-02  -2.2290329e-02  -3.3344377e-02   4.4961300e-02  -6.0563030e-02  -2.7521161e-02  -9.6149484e-02
  -3.3041459e-02   2.1856408e-02   1.9260224e-02  -5.1346617e-02   1.8120124e-02  -1.3017880e-02   2.2297648e-02  -3.6318392e-03   3.5255089e-03  -4.0721181e-02  -4.4224505e-02   8.3304709e-02  -4.7100353e-02  -1.3073876e-02  -5.4229825e-02   6.9117580e-02   9.3531259e-02  -9.2581471e-02  -1.7014121e-02  -4.6561974e-03   8.2361609e-02   7.6768236e-02   1.8534424e-02   3.5202947e-02  -3.1313065e-02  -2.0122787e-02   6.2819167e-03  -3.6403423e-03   4.7149033e-03  -3.4138933e-02  -1.3205962e-02  -6.2932654e-02
  -2.8236716e-02   8.9205318e-03   3.1608421e-02   1.0397239e-01   2.7945142e-02   6.4897216e-02   6.1387402e-03   2.1741373e-02  -1.5794244e-02   4.5542816e-02   9.1491473e-02  -1.2484775e-01   5.0826673e-02   6.2659474e-02   7.2460099e-02  -1.1019539e-02  -1.8608380e-01   1.3610103e-01   2.2904153e-02   2.6772675e-02  -7.3767408e-02  -8.5452871e-02  -8.6874906e-02   1.2712530e-02   4.3685789e-02  -5.5380821e-02  -4.1166745e-02   2.8392230e-02  -5.4128446e-02   3.4701227e-02  -4.6019598e-02   2.6272241e-02
  -2.4453420e-03   7.8552645e-03  -1.4725843e-02  -1.3417590e-03   6.1014929e-04  -1.7828052e-02   6.9063541e-03   5.3109244e-03  -8.7750706e-03  -3.3284553e-03  -1.3307831e-02   5.1094843e-03   9.4737565e-03   6.9231837e-03   8.0248220e-03  -2.6682695e-02  -2.1652777e-02   1.5818831e-02   8.6040544e-03   4.7982619e-03  -5.9352218e-04  -3.0375116e-02   8.0229410e-03   6.0430106e-03  -9.4140700e-03  -7.7182600e-03   8.0156906e-03  -4.2143600e-03  -1.6999926e-02  -1.3292393e-03  -1.5309660e-03  -3.3079643e-03
  -1.5978737e-02   3.3152776e-01   1.3683200e-01  -8.8333306e-02   6.0330239e-02  -1.6449202e-01  -4.2001261e-03   4.8737208e-02   6.2212908e-03   4.9299486e-02   9.8067969e-02   3.6732213e-01   2.0740053e-01   2.0423828e-01   1.9152813e-01   2.1760460e-01  -4.0571045e-01   2.7122871e-02  -1.9401089e-02   1.9186395e-01   2.1398679e-02  -5.8063512e-01   7.8207688e-02   8.7846816e-02   6.5130066e-01  -3.5448956e-02   1.6089753e-01  -4.7466279e-02   2.4894558e-01   1.0831416e-01  -2.4469148e-01   5.1076699e-01
  -8.9706331e-02  -5.0972742e-02  -8.2834993e-04   4.0161011e-02   8.1106601e-02  -5.2130289e-02   2.6944822e-02   1.1660927e-02  -9.1269749e-02   5.6656675e-02  -5.6325330e-02  -6.9308630e-02   3.9206742e-02  -2.2830169e-02  -2.6943510e-02  -4.5235167e-02   3.9374389e-02  -6.0611295e-02   6.6589521e-02  -1.6015172e-02  -1.8170731e-01  -2.4298833e-02  -8.5323076e-02  -3.3908323e-02   5.0354509e-02   4.9928851e-02   2.8331266e-02  -5.4381459e-02  -1.0164767e-01   2.0427845e-02   2.5006765e-02  -4.7604643e-02
  -1.0468637e-02   2.0341967e-02   5.2774768e-02  -3.9580864e-03  -1.4525892e-02   4.8821582e-03   4.0912061e-02  -2.8696777e-02  -9.0994555e-04  -1.6462686e-02   1.1691046e-04   3.9622450e-02  -3.3280705e-02  -1.6739586e-04  -5.9666884e-02   4.0784159e-02   4.6640443e-02  -5.3730812e-02  -1.2750395e-02   7.6359515e-03   1.1682663e-02   5.2783252e-02  -1.3078109e-02   5.1265365e-03  -1.4397944e-02   1.6058536e-02  -5.6050037e-03  -4.7120996e-02   2.8253135e-02  -5.4215743e-02  -2.1554688e-02  -5.0369942e-02
  -3.1780905e-03  -1.8566525e-03  -2.7923204e-02  -9.6529676e-03   5.8268575e-02  -3.1485728e-02   1.8594656e-02   4.4267894e-02   3.6172311e-02  -5.9286351e-03   1.9833714e-02  -1.1336273e-02   6.2687260e-02  -7.2093057e-03   4.1279001e-02  -6.6210788e-02  -7.1128750e-02   3.5434866e-02  -6.4326993e-03   1.8239014e-02   1.0392680e-01  -6.3054710e-02   2.6193428e-02  -4.9983613e-02  -6.2809528e-02  -5.1214105e-02   7.4270180e-04   3.4637360e-02  -6.0608741e-02   4.2837830e-02   6.2696537e-04   8.5734105e-02
  -2.1508107e-02  -1.4745226e-02  -7.6343811e-02   8.5030623e-04  -2.3175483e-03  -2.2689773e-02  -4.3993360e-02   2.1616932e-02   6.0094513e-03  -1.6133725e-02   1.3117164e-03  -4.8058089e-02   2.6252998e-02  -1.9692207e-02   7.1338278e-02  -8.3485430e-02  -7.6856021e-02   3.3106389e-02   1.4499352e-02   1.5724092e-03  -7.6905405e-03  -1.1897070e-01   1.0404400e-02   2.3613211e-02   3.8005370e-02  -4.9052371e-02   1.3061700e-02   3.8193300e-02  -6.1641053e-02   6.2758946e-02   1.1776831e-02   3.0423421e-02
   1.7458867e-02   2.6094105e-03  -6.5578854e-02   1.5447703e-02   8.1896407e-03  -3.1930791e-02  -2.0539859e-02   2.6416144e-02  -3.8016826e-03   1.8958588e-02   7.6384831e-03  -3.7579409e-02   4.5755192e-02   1.1985652e-02   6.4223665e-02  -7.5477291e-02  -7.2549283e-02   6.6538053e-02   2.7770983e-03   9.2221376e-03   1.7695945e-02  -1.1433577e-01   4.9307024e-03   4.3550340e-03   1.2566502e-02  -2.0101484e-02   1.4080716e-02   4.2644813e-02  -4.9919796e-02   6.1051102e-02   8.3856452e-03   5.0483289e-02
  -5.1191026e-02  -1.0817359e-03   2.0208537e-01   6.7382196e-02  -4.7212500e-02  -2.4779801e-01   2.7455167e-01   7.6861503e-02  -5.4132821e-01   4.1047943e-02   6.6435273e-02   2.4540520e-01  -7.7452345e-02  -3.9473864e-02  -2.2445267e-01   1.9501919e-01   6.2733412e-01  -9.9150043e-02   3.0165291e-01  -6.3469778e-02  -8.3117114e-01   6.8493513e-01  -3.4110902e-01  -1.1134047e-01  -4.5165268e-01  -5.9732942e-02   9.5462480e-02  -1.0402695e-02   1.6335902e-01  -3.1689062e-01   8.9338106e-02  -2.5115505e-01
   4.9633984e-02   4.0334033e-03  -1.3147026e-01   2.7712071e-02   8.4576991e-03  -5.7355982e-02  -9.1909382e-03   4.1795755e-02   4.9678489e-04   3.4317327e-02  -3.1128923e-02  -4.6331673e-02   8.9603647e-02  -4.6577193e-02   1.0304896e-01  -1.3766336e-01  -6.9190761e-02   8.5332934e-02  -5.1618814e-02   6.0457546e-02   1.3149584e-01  -2.0857816e-01  -7.8218735e-03  -5.9814632e-03   2.6947552e-02  -3.1052355e-02   3.0644625e-02   6.4382846e-02  -6.7260035e-02   1.2771920e-01   1.5685276e-02   9.8038436e-02
  -1.7249250e-02   9.2673455e-02   2.4481992e-02   7.7305929e-04   4.6761101e-02  -8.0329452e-02  -1.2724173e-02  -1.9406929e-02   1.9573909e-02   5.1105802e-02  -6.6768489e-02   1.0058918e-01   9.3847414e-02   7.6651116e-02   2.0034300e-03  -8.4569668e-02  -8.7701785e-03   2.6279797e-02  -4.1334710e-02   1.1138303e-01   1.0021962e-01   4.0470298e-03   4.5999604e-02   7.6813631e-02   1.1862841e-01  -4.9185412e-02  -5.7533751e-03  -2.8108314e-02   2.9206458e-03   2.7649585e-02  -6.2532962e-02  -4.5107928e-02
  -1.5759599e-01  -1.5338577e-01  -4.1492667e-02   2.4928092e-01   2.2017507e-01   9.0914412e-02   1.9389122e-01   1.4554414e-01  -3.0255393e-01   1.2867412e-03   1.2691845e-01  -3.0663495e-01   5.6495977e-02  -7.1496764e-02   4.2276654e-02   6.1609166e-02   1.8315914e-02   1.9586911e-01   3.3721741e-01  -1.4795147e-01  -2.0857186e-01   3.8589503e-01  -9.9476780e-02  -1.4323869e-01  -9.9143996e-02  -9.1838739e-03   1.5373962e-02   7.7847932e-03  -2.0785949e-01  -8.0672283e-02   2.0318101e-01  -1.2799798e-01
   1.2882310e-02   1.2938928e-02   7.2760604e-02  -1.7134624e-02  -4.7260130e-03   1.1971603e-02   2.6922564e-02  -2.9698630e-02   4.1550847e-03  -1.1862087e-02  -1.7231075e-02   2.2863365e-02  -5.6837370e-02  -4.2956349e-02  -5.8359467e-02   2.8882370e-02   6.0781650e-02  -5.8689382e-02  -2.8965834e-02   1.1385516e-02   2.6016943e-02   6.9617804e-02  -2.3827160e-02   1.5985346e-02   5.3172758e-03  -1.6318540e-02  -5.8727422e-03  -3.2661368e-02   4.4542068e-02  -2.9602866e-02  -1.1826854e-02  -6.1626057e-03
   5.5819398e-02  -2.5940024e-02  -4.0683551e-02   6.6329268e-02  -4.2801027e-02  -2.5315146e-02  -3.5988775e-03   1.8902002e-02   1.8649194e-02   2.4999048e-02   1.3247068e-02  -2.7130677e-03   6.6385389e-02   3.1524873e-02   9.2976952e-02  -1.0813956e-01  -5.4288261e-02   1.0984598e-01  -5.1786056e-03   1.9319002e-02   5.5105727e-02  -2.2851721e-02   5.7633837e-03  -1.1711283e-02  -4.1043419e-02   1.2433354e-02   1.8215578e-02   1.3226763e-02   2.2497942e-02  -7.8812432e-03   3.0352143e-04   4.0234252e-02
  -2.2329933e-02   7.3982736e-02   2.0064348e-02   2.2794393e-01   3.7854593e-02   1.3139697e-02   3.3344695e-02  -2.8197686e-03  -3.8713993e-02  -3.1637572e-02   2.2347195e-01  -1.8735676e-01   3.4361316e-02   1.9570943e-02   5.6303191e-02   1.6653335e-01  -4.4607535e-01   6.8635470e-02   6.4546277e-03   3.4476349e-02  -1.9442500e-01  -6.8102968e-02  -2.3034572e-01  -2.3950456e-02   2.8220069e-02  -9.1441800e-02  -4.1332819e-02   4.9167386e-03  -1.2020165e-01   7.0971665e-02  -5.2813872e-02   1.9890210e-01
   6.1667727e-02  -2.4261750e-03  -5.9432002e-02  -5.8197711e-02   4.4690916e-02  -1.0166440e-01  -2.4426673e-02  -4.8499889e-02   4.2604456e-02  -3.7878588e-02  -9.0082676e-02   9.5996012e-02  -9.4149579e-02  -2.0775292e-02  -1.4645470e-01   1.2949495e-01   1.6786620e-01  -1.8181522e-02  -5.1843575e-02  -5.2637172e-02   5.5320888e-02   1.1118966e-01   2.3182167e-01  -1.3225009e-02  -1.0972101e-01   3.4326245e-02  -4.7829391e-02   1.1557412e-01   1.3934811e-02   1.0035424e-01  -1.4630603e-02  -7.9920963e-02
   8.5077073e-02   3.6441849e-01  -4.1557268e-03   1.3618192e-01  -2.5197560e-01   4.0617036e-01  -8.1807015e-02  -1.7318920e-01   2.6033701e-01  -1.3660565e-01   1.4695572e-01  -1.4174359e-01  -1.0212092e-01   1.2911194e-01   1.2715562e-01  -5.3148567e-03  -1.0196302e+00   7.6700345e-02  -3.3364173e-01   8.5727222e-02   2.1523795e-01  -4.7092707e-01  -1.8500361e-01   2.5954761e-01  -4.2183463e-02  -4.1296387e-02  -2.3995959e-01  -8.0131760e-02   1.5773913e-01  -1.7728279e-01  -4.4684204e-01   1.5256589e-01
  -3.2959704e-02   1.7681379e-02   8.8201543e-03  -6.3109173e-03  -3.7258527e-03   1.6638224e-02   1.4778640e-03  -7.9677761e-03   7.3753776e-03  -2.7134249e-03  -1.3862627e-02   2.8966184e-02  -3.6406925e-02  -1.4177974e-02   8.3111815e-03  -5.4781292e-03   4.4457431e-03  -6.3846247e-02  -1.7594809e-02   2.8494930e-02   5.6266172e-02   9.1008774e-03   1.7924973e-02   3.0093185e-02   2.7542138e-02  -1.1766334e-02  -2.1256944e-02  -5.8137843e-03   2.9389151e-02  -3.0351285e-02  -1.3581840e-02  -2.4626789e-02
  -6.7782994e-02   1.0308487e-01  -4.5634175e-01   1.7165203e-01   2.8588222e-02  -1.8481436e-01  -1.8751530e-02  -6.9034753e-03  -2.9776491e-01   3.3664878e-02  -2.1760726e-01  -2.7817881e-02  -8.1525128e-03  -3.0586818e-01   2.1249617e-01  -5.8834363e-01  -4.1806577e-01   3.8657881e-01   2.7587826e-02   9.2242389e-03  -9.8683490e-02  -1.7645365e-01   4.1737140e-01   1.6346122e-01  -3.9630722e-01  -2.9153411e-01  -2.8389300e-01   2.8027031e-01   1.3549092e-01   2.0329304e-01  -7.3091563e-02  -1.5901642e-01
