   1.1511918e-01  -1.1220250e-01  -8.0935953e-02  -2.1929028e-02  -1.9871956e-01  -4.6631411e-02   4.9986258e-02
   7.2211888e-01  -8.9048551e-01  -9.0561987e-01   5.0606765e-02  -1.9364311e+00  -5.5444282e-01  -5.7793260e-03
  -4.7851507e-02  -6.9148952e-02  -8.3478502e-02  -5.0921712e-02   3.0939976e-02   3.3711071e-02  -5.2498135e-02
   3.1901743e-01   4.2625284e-01   1.5751872e+00   2.6466255e-01  -2.0997323e-02   2.5168986e-01   7.0816868e-02
   4.4246264e-02  -4.3060470e-02  -9.4456955e-02  -6.1975384e-02  -8.4244887e-02   3.2638526e-02   1.3727256e-02
  -6.4244645e-02  -1.4376314e-01  -4.9310434e-02   2.5117040e-02   1.1879202e-01   6.3645289e-02  -7.1708589e-02
  -3.7520480e-01   2.0949731e-01   1.3729146e-01   1.0288345e-02   1.8935847e-01   1.0575389e-01  -1.1797656e-01
  -1.4251538e-01   6.7804956e-02   1.4977195e-01   9.9509279e-03   1.8633229e-01   2.9851581e-02  -8.8972689e-02
   1.1695378e-01  -1.8379713e-01   1.8838341e-02  -8.1991279e-02  -1.0616908e-01  -4.3695361e-02   2.5327515e-02
  -5.3619855e-01  -1.3128332e-01  -1.9360138e-01   7.9722376e-01  -6.9765638e-01   1.2770462e-01   9.2205351e-01
   5.1991967e-03   8.3537955e-02   1.3972048e-01   1.2545268e-02  -3.4073730e-01  -1.4329781e-01  -1.4074671e-02
  -3.8331786e-01   1.3278502e-01   4.4727009e-02   5.7807975e-02  -1.7221829e-02   4.4576883e-02  -9.8412339e-02
   3.9316081e-02   7.7282686e-02   2.3043503e-02   2.7636442e-02   1.1523636e-01  -5.4492348e-02   1.3081430e-02
  -3.1591412e-02   1.1510268e-01   8.0085645e-02   7.2377825e-02   1.1910754e-01  -6.5643668e-03  -2.0082512e-02
  -4.3820764e-02   1.9889101e-01  -7.8681435e-02  -9.7348656e-03   1.3253947e-01   6.4241719e-02   9.8844877e-02
  -1.3140117e-01  -1.5844288e-02   4.0536232e-02   3.7097987e-02  -4.0072226e-02   3.1994009e-02  -8.2733193e-02
  -8.5718591e-02   1.2538395e-01   1.9306790e-01   1.0588824e-01  -1.3135653e-02  -9.5874278e-02  -2.6573576e-02
  -6.3601265e-01   5.6090429e-04   2.0487455e-02  -1.0612518e+00   1.2217582e+00  -3.3420595e-01   1.5633185e-01
   2.5859912e-02  -2.2437463e-02  -1.4644835e-02  -3.5911159e-03  -5.2731177e-02  -6.7417560e-03  -8.4283049e-03
  -2.2981767e-01  -5.1866557e-02  -5.7820329e-02  -6.9665989e-02   8.6627210e-02   7.0470322e-02  -1.0422702e-01
  -6.8220344e-02   8.0119302e-02  -7.2133713e-02  -3.5700290e-02  -5.1763312e-02   9.8999499e-02  -2.4353168e-02
   2.4831571e-01   3.2184215e-02   8.7828545e-02   6.7331576e-02  -1.1292629e-01  -9.5398490e-02   8.5341584e-02
  -1.3232042e-01  -4.3951508e-01  -4.2839392e-02  -2.4623415e-01   2.4321752e-01  -4.4274442e-01   1.2013209e-01
   1.3352451e-01  -1.9332997e-01   4.2104068e-02   3.9764872e-02  -2.3142888e-01  -1.8526207e-01   2.5754559e-02
  -2.2532707e-03   1.7129544e-02   1.4780636e-02   3.8516418e-02   1.9787713e-01  -1.7667542e-02   3.6596501e-03
  -5.7058059e-01  -9.0990209e-02  -2.1600462e+00   1.3252772e-01   2.9574740e-01  -9.9813799e-02   9.7423287e-02
   2.5649270e-01  -8.1567053e-01  -1.0722612e+00   2.3373992e-01  -6.9772995e-01   2.3131675e-01  -3.4523682e-01
  -1.3148469e-01   1.5372325e-01   2.4369138e-01   5.6707477e-02   4.3000403e-02  -6.3454013e-02  -3.7259345e-02
  -8.6106686e-03   9.4674063e-03  -1.0839541e-01  -7.3611272e-02   1.8639433e-02   6.7603908e-02   1.5547286e-02
  -3.6818593e-01   9.7750167e-02   5.0375010e-01  -4.3727671e-02   3.5507193e-01   1.3525633e-01  -2.3922586e-01
  -7.2864926e-02   1.1285412e-01   2.6309259e-02   2.9604459e-02  -2.0527556e-01   8.5256882e-02  -5.9914584e-02
   8.1082000e-01  -9.5044442e-01  -2.8158084e-01   1.4997684e+00   2.1683898e-01   1.5698698e-01   2.7992057e-01
  -1.5621533e-01  -1.5774940e-05   4.6053554e-01   1.0818564e-01   3.1454310e-03  -2.0979610e-01   9.8309331e-02
  -7.3335664e-02   2.1154250e-01   8.5090083e-02  -5.7279464e-01  -2.5360827e-02  -1.4942652e-01   9.7091432e-02
   2.5466996e-01  -7.3027060e-02  -8.4015253e-03  -2.6985057e-02  -4.7209396e-02  -1.2617777e-01   1.2463894e-01
  -4.3933925e-01   1.5846852e-01   7.2060084e-02   7.4359363e-02   8.1492833e-02   1.6830827e-01  -1.4418404e-01
   1.0178169e-01   7.5960236e-03  -1.3026116e-01  -7.3409166e-02  -5.4985883e-02  -5.2718340e-03   1.6634886e-02
   2.7835275e-01  -3.4884487e-01   5.5101591e-02  -1.6338150e-01  -2.7389377e-01  -5.1211052e-01   6.8675424e-02
   8.2923987e-01  -3.4837837e-01   9.8450116e-02  -1.8499653e-01   3.2122437e-02   2.2775792e-01  -2.0090459e-01
  -9.2599932e-03  -4.5851315e-02  -9.6663559e-01   6.1422948e-01   6.3669516e-01  -6.4568168e-01   2.8496776e-01
   6.8217486e-01   7.2774654e-02   2.3177533e-01   3.8505606e-01  -9.9327089e-02   3.2339963e-01   2.5998972e-01
