   7.6392317e-01  -4.0026282e-01  -1.1746428e-01   9.4751210e-04  -1.5917222e-01  -3.5819480e-01  -2.4557439e-02
  -3.8906756e-01  -4.6587297e-01  -4.9211719e-01  -1.8603678e-01   1.5166202e-01   5.2264323e-01  -7.5045727e-02
  -1.7975657e-01   1.8418279e-01   1.5026118e-01   3.6283572e-02   6.5358525e-02   1.7049783e-01   7.2359699e-02
  -4.4720336e-02  -2.8273021e-01  -1.9849128e-01   1.0293181e-01   2.7411765e-01   5.9116504e-02  -2.2502449e-01
  -1.0577384e+00   4.1643021e-01  -9.2032480e-02   1.4990484e-01  -1.8739019e-02   2.0259122e-01  -1.0152718e-01
  -1.2261460e-01  -8.3954614e-01  -3.2596148e-01  -4.3146375e-01   5.0751516e-01  -6.2367283e-01   3.1867340e-01
   2.5071301e-01  -8.4077889e-01   7.4316263e-02   2.9888399e-01  -8.8030829e-01  -1.0012456e-01   1.5043283e-02
  -1.0493407e+00   1.7195573e+00  -2.2466870e-01  -3.6486445e-01   3.6772833e-01  -1.6814952e+00   7.2370663e-02
  -5.6124761e-02   2.3508867e-01   3.4719863e-02   1.7615058e-01  -4.0536315e-01   3.0448560e-01  -4.4169586e-01
  -1.3143736e-01  -2.5859546e-02  -1.2816779e-01  -3.7050052e-01  -8.5756332e-02  -3.0751320e-01   4.2118763e-02
   4.4352756e-02  -2.3687534e-02   1.6473834e-01   2.2170201e-01   1.1071907e-01   2.7138895e-01  -7.3853235e-02
   6.5692847e-02   1.8618514e-01  -1.4468331e-02  -1.4420992e-01   1.1321182e-01   1.1724201e-01   2.9892643e-02
  -1.7305122e-01  -5.3404448e-03  -1.1124425e-01  -3.7519586e-01  -3.7553572e-02  -1.5543769e-01   4.9247129e-02
  -5.9576271e-01  -2.4229866e-01  -1.6353592e-02   4.1755397e-01  -1.0499082e+00  -1.4018976e-01   5.5524194e-01
   2.0722338e-01   6.2152009e-02  -9.8953506e-02  -2.2963697e-01   1.8890685e-01  -1.9639223e-01   3.8462430e-01
   5.8259010e-02   3.4524610e-01   9.0700178e-02   5.8035252e-01   3.6745937e-02   6.0571737e-01  -6.1908815e-02
  -4.9908801e-01   3.2895805e-01   3.7070034e-01   1.1279604e-01   3.3771958e-01  -3.4028062e-01   2.5858487e-01
  -2.5682795e-01   1.6688702e-01   2.9771681e-01   3.0306282e-01   4.6129475e-02   5.9651546e-01  -1.0891390e-01
  -9.2370242e-02   1.8756508e-02  -8.6354945e-02  -2.0202128e-01  -1.1804527e-01  -2.3076015e-01   1.4152686e-01
  -1.7424690e-01   5.7706812e-02   1.8202250e-01  -2.0941567e-01  -7.3638593e-02  -2.3632268e-01   3.3171146e-01
  -8.8035303e-03   2.3550956e-01   9.1054220e-02   4.3816921e-01  -1.2571011e-02   4.4430618e-01  -4.8647136e-02
   3.8912828e-01   2.5152371e-01  -1.2860152e-01  -2.8401237e-01   6.3795417e-01  -3.4682628e-01   6.9777177e-02
   3.1465692e-01   4.7453290e-01  -4.5332474e-01  -1.6964005e+00   1.9082425e+00  -4.5877942e-01   6.1642652e-01
   3.3195505e-01   3.0230259e-01   1.0160307e-02   5.2485750e-01  -1.1493983e-01  -5.2249799e-01  -5.9415670e-02
   3.0639613e-01  -8.9949858e-01   6.3230749e-01   2.3103996e-01  -3.0602257e-01  -3.8930345e-01   9.6907377e-02
   1.8443755e-01  -1.2281387e-01  -3.8031387e-01  -2.4615571e-01   8.7788317e-01   1.8916250e-01  -3.1940014e-01
  -2.9408351e-01   1.2249351e-02  -2.6957683e-02  -1.0876837e-01  -3.2082428e-01  -2.7624299e-01   1.8041360e-01
  -2.2099302e-01   4.0129481e-01   1.8498348e+00   5.0504003e-01   7.3211430e-01  -1.0190224e-01  -2.4359135e-01
