   2.0485652e-01   4.1618727e-02   4.5844495e-01   6.5058455e-02  -6.1242607e-01   9.2943764e-03  -1.3116306e-01
  -2.0180767e-01   1.6105546e-01   1.3696912e-01   1.8668153e-01   4.6166540e-01   2.9298733e-02   1.1693904e-01
  -2.0886443e-01  -1.5162658e-01  -4.1234921e-01  -3.2954304e-02  -5.6466116e-02   6.8740871e-02   1.2748707e-01
   9.9683597e-02  -1.6458170e-02  -1.6330089e-01  -2.2470751e-01   1.8514179e-01   4.9554742e-01   1.2971509e-01
  -4.8989545e-02  -7.5408639e-02   1.3477476e-01   1.7412148e-01  -7.7820225e-01   1.5266068e-01  -1.7370606e-01
  -3.1215654e-01   2.9397745e-01   1.6325007e-01   3.8433126e-01   6.2988565e-01  -2.0617454e-01   2.0789082e-01
   1.6641185e-01  -9.6486729e-02   1.5265926e-01  -1.2756400e-01  -6.6359017e-02  -4.2666357e-01  -2.2236900e-01
  -2.1664089e-02   2.1336409e-01  -3.1962370e-02  -2.5141322e-01  -1.0802437e-01   3.8028348e-02   1.4563789e-01
  -1.8481739e-01  -6.3514368e-02  -1.6818430e-02   1.3158746e-01  -9.2948791e-01  -2.5489252e-01  -1.2171071e-01
  -2.6934190e-01   4.9331784e-01   1.1862909e-01   3.8002521e-01  -4.9118104e-01   3.0665347e-01  -3.6156609e-01
   8.8691964e-02   3.2818129e-01  -6.2771138e-01   2.4649827e-01   1.0187910e-01   2.6401292e-01  -1.1156231e-01
   6.2585256e-02  -2.8463278e-01  -1.8487644e-01  -3.7608573e-03   5.6852914e-02  -1.2328088e-01   4.3386769e-01
   8.6834447e-02   1.9456416e-01   2.2796023e-02  -9.6355831e-02  -6.6103905e-02   2.6700785e-01   9.4158052e-02
  -4.8053999e-02   4.1987176e-01   3.8748654e-01   6.0507788e-01   3.1981357e-02   3.6234089e-01  -3.1403258e-01
   7.0791792e-01   6.7803321e-01  -4.1097545e-01  -4.1715144e-01   8.1310184e-01  -2.0580802e-01  -3.5493969e-01
  -3.4305059e-01  -2.6027548e-01  -2.8237059e-01   6.3541664e-02   2.9494457e-01  -2.9158226e-01  -2.3128367e-01
  -2.1493009e-01   3.3085841e-01   7.1748659e-02  -2.1533565e-01   7.5358533e-02  -1.9225567e-02  -7.9144219e-02
   3.8988230e-02  -9.9512379e-02   2.6549225e-01  -1.0691914e-01   1.6817230e-01   1.1674177e-01   6.8461953e-02
   7.9202860e-02   2.0149666e-01   1.4080499e-01   2.6034375e-01   4.9316967e-02   2.8766427e-01  -2.3136601e-01
  -3.2640612e-01   3.4734925e-01  -4.1664697e-01   1.5257886e-01   3.3288211e-01  -2.8075973e-01   1.2122394e-01
   1.2116299e-01  -6.3816372e-02   1.7395631e-01  -4.7860044e-01   7.0243480e-01  -4.5127461e-01   2.2911901e-01
  -1.3314563e-01  -3.1069852e-01  -5.8404929e-02  -3.5054243e-01   1.5481260e-02  -2.6698571e-01   1.6735926e-01
  -1.5289663e-01   3.3845198e-03  -1.1846087e-01  -2.0443877e-01  -4.0516320e-01  -1.3109806e-01  -1.9705683e-01
   1.7593674e-01  -3.8983218e-01   1.8351614e-02  -3.4027081e-01   3.9392809e-01  -1.0629059e-01   3.1122626e-01
  -1.4659292e-02   6.5675060e-02  -1.3472283e-01  -8.9020170e-02   2.0394491e-01   1.5867399e-01   1.4512937e-01
   2.5651868e-01  -1.0628166e-01  -3.8598539e-01   1.7769161e-01  -9.8785556e-02   1.7837105e-01  -2.1095637e-01
   2.0246762e-01  -3.6439958e-01   3.5598229e-02  -2.0675082e-01   1.0218136e-01   1.4485821e-01   8.2845663e-02
   2.9241237e-01  -9.7323088e-02   4.3484734e-03   3.6558829e-01   2.8215741e-01   2.2456113e-01  -3.9161624e-02
   1.0373077e-01   3.2596296e-01   2.0596125e-01   6.4643746e-02  -3.6345566e-02   2.1262735e-02  -1.4629350e-02
  -2.6473487e-01   2.5761931e-02  -5.0642841e-02   1.1133527e-01  -2.4015052e-01  -3.8302469e-01  -3.3854746e-01
  -1.9017986e-01  -1.4752333e-01   1.1804630e-02  -3.9596596e-01  -8.1788609e-02  -1.7315778e-01   1.3843648e-01
  -5.2438307e-01   6.7592664e-01  -3.1243792e-01   3.5500995e-01   3.0967600e-01   4.3552711e-01  -8.2086789e-02
  -7.2076498e-02   2.0374701e-01  -4.8162020e-02  -1.5164635e-01   1.4460835e-01   1.0759916e-01   2.7686943e-01
  -4.0666060e-02  -9.5006481e-02  -4.6045813e-02   2.2197225e-01   1.8961516e-02   2.4343063e-01  -3.7664077e-02
   2.4323602e-01  -1.5838683e-01  -8.9352880e-02   4.9627307e-02  -8.0726467e-02   8.3695168e-02  -1.0296798e-01
  -6.8917976e-02  -1.3380642e-01  -1.5212997e-01   3.9236625e-02  -1.4324537e-01   2.1279919e-01  -1.9820429e-02
