  -5.7908974e-01
  -9.7606018e-02
  -1.3831958e-01
   3.2421035e-01
   3.5765567e-01
  -5.2336678e-01
   1.5381567e-01
  -9.2755207e-02
  -1.7632060e-02
   6.9348047e-01
  -1.9421540e-01
   5.1125390e-02
  -1.0664053e-01
  -9.1243707e-02
  -3.8794342e-01
  -3.1994285e-02
   2.2474894e-01
  -3.1916208e-01
  -1.3955225e-01
  -2.6735757e-01
  -6.9508240e-01
  -1.0474276e-01
  -1.0931115e-01
   2.5226943e-01
  -6.5349458e-02
  -9.1086399e-02
  -3.6319009e-01
  -4.4276838e-02
   1.8329635e-01
   3.8797106e-01
   2.8485552e-01
  -2.0058621e-01
  -4.3133046e-02
   5.8577175e-02
  -1.0583668e-02
