  -1.7434512e-02   9.4265758e-02   3.8520214e-02  -5.9539651e-01  -2.5252499e-01  -2.6874594e-01  -3.8197094e-01
   3.4329057e-01  -1.2287681e-01  -5.4359942e-01  -6.5573209e-01  -3.2648457e-01  -3.7500573e-02   1.2014060e-01
   4.0084912e-02   1.1025013e-01  -2.3168381e-04  -2.7071031e-01   8.6043056e-02  -1.2388927e-01  -2.8288709e-01
   6.3251572e-01   6.4520038e-02  -2.3019638e-01  -1.3229352e+00   1.2017301e-01  -4.3352396e-01   2.3085029e-01
  -1.5602235e-01  -1.1944289e-01   8.3978685e-02   6.1547931e-02  -5.1475682e-02   2.3498128e-01  -2.5936046e-01
  -8.3909809e-03  -1.2070846e-01  -5.6358384e-02   1.1777992e-01  -2.0444671e-01  -1.4398808e-01   9.7544412e-02
   4.2197792e-01  -9.0173474e-02   1.3625952e-02  -5.7641270e-01   2.5298949e-01  -7.8740521e-01  -1.6719083e+00
   1.2402144e-01   2.8238642e-01  -3.2426991e-02   1.9813809e-01  -4.9123272e-02  -2.6314692e-01   2.0356828e-01
   2.8060618e-01  -1.3554790e-02   1.4033436e-02  -7.4755585e-02  -3.7013003e-02   1.3840909e-01  -2.5970901e-01
   1.7102111e-01   7.1220787e-02  -2.1842839e-01   7.3601268e-02  -6.5568186e-02  -3.2372340e-01   3.4055040e-01
  -1.7967044e-01   2.0743292e-01  -4.3180182e-01   6.1651625e-01   3.1853080e-01   5.4619516e-01  -6.0243628e-01
   5.7920318e-02  -1.3580159e-01  -2.1787768e-01  -6.4265884e-01   1.0733886e-01   2.8770030e-01  -2.1310102e-01
   1.7657945e-01   4.6051086e-02  -2.7783174e-01   1.1347242e+00  -2.8998764e-01   7.3843514e-01   5.0455636e-01
  -1.6719406e-01   3.4866376e-02   7.9794110e-02  -2.7662484e-01   9.4556004e-02  -1.1984675e-02  -5.4818534e-01
  -1.2997145e-01  -3.0258226e-01   2.8040076e-02  -7.0472490e-02  -2.5474232e-01  -9.8741114e-02   2.7345953e-01
   1.0318178e+00  -1.1041396e+00   2.4099746e-01  -2.7352888e-01  -1.2788905e+00   2.4377964e-01  -3.7608682e-01
   1.2857637e-01   3.5821834e-03  -8.4710954e-02  -1.3052608e-01  -6.2076658e-03   1.3127228e-01  -2.0751456e-01
  -9.2114686e-03  -8.1928405e-02  -4.3538763e-03  -3.8207040e-01   2.0515521e-01   2.3630688e-01  -1.7008701e-01
   9.8569102e-03  -1.3619588e-01   1.1857061e-01  -3.0166666e-01  -1.4474524e-02   9.9687926e-02  -1.0082843e-01
   1.8956904e-01  -5.8427256e-02  -8.7867829e-02  -1.7022981e-02   1.1074178e-02  -8.0599205e-02   3.3961983e-01
  -1.9811711e-01  -2.6063383e-01   5.9761065e-03   1.5506359e-01  -2.3400986e-01   1.7835893e-01   5.0448123e-01
   5.6638695e-03   1.0181107e-01  -7.9734092e-02  -7.7961480e-02   1.4679871e-01   2.8290142e-02  -1.7639365e-01
  -1.6018186e-01  -1.0508004e-01   1.3871398e-01   6.6767423e-02   1.3893223e-01   2.3408081e-01  -2.2196089e-01
  -7.4032510e-02  -9.5465057e-02  -1.5019266e-01  -9.7945672e-02   1.0619875e-01  -5.5123622e-02  -1.3589336e-01
  -1.1604120e-02   2.7126244e-01   1.0684990e-01   1.3532333e-02  -1.3220532e-01   1.1727767e-01   5.8322217e-02
   1.6182503e-01  -1.6323770e-01  -3.0381905e-01   6.6093413e-01  -8.5118703e-01   4.5233032e-01  -1.6477805e-01
   1.4371485e-01  -7.0340417e-02  -1.1746048e-01  -1.4999659e-01  -5.3625658e-02  -4.1964589e-02  -8.9049276e-02
  -2.2613957e-01   6.4557448e-02  -1.5181509e-01   3.2339408e-01  -1.5609825e-01   4.1416660e-01   2.4587736e-02
   6.0984897e-02   4.6188974e-01  -5.2314140e-02   7.0425145e-01   1.1175820e-01   5.5250829e-01  -1.6298952e-01
  -2.0825264e-01  -5.1614875e-02  -8.8505644e-02  -4.4181312e-01  -1.4965712e-01  -4.9258096e-01  -3.2597052e-02
  -2.7018100e-02   1.4356827e-01   1.5966924e-02   3.4664493e-01  -5.3081240e-02  -8.0748568e-02   2.5689114e-01
   1.8146598e-01  -2.4167197e-01   1.2426611e-01   9.3980449e-02  -4.5815067e-02   1.9611169e-01  -3.1143003e-01
  -1.0046154e-01   1.2960196e-02   8.3119377e-02   5.4008554e-01  -9.8747303e-02  -8.7071024e-02   7.0738420e-02
  -1.6984732e-01  -1.3566194e-01   1.4632268e-01   2.3813635e-01  -3.3961396e-02   1.7359599e-01   2.5135251e-01
   3.7801589e-01  -7.4716462e-02   6.3032450e-01   1.7624482e-01  -7.5121343e-02  -4.3860788e-01   3.5095609e-03
