  -1.2114626e-01  -4.4159196e-01   1.0009390e-01  -3.9512081e-01  -3.1711929e-01   6.1414223e-01  -2.7587576e-01
   2.2127584e-01  -1.9431788e-01  -9.5582782e-02   5.8564770e-01   9.8640616e-02   3.5843070e-01  -4.5204782e-03
   6.0901663e-01   6.8567715e-01  -2.1491020e+00  -1.5550082e-01   3.3016825e-01   2.9385565e-01  -7.1997540e-01
   1.4419278e-01   1.0866647e-01  -6.8863725e-02   2.8594739e-01  -1.1415637e-02  -7.9498710e-02  -5.2656101e-02
  -5.9716719e-02   2.2891756e-01   2.8962885e-01  -1.2642232e-01  -2.6665615e-01  -2.7595187e-01   7.7200482e-02
   3.0250923e-01  -2.1438528e-01  -6.1721739e-02   1.5661307e-01  -1.3111713e-02   2.8237388e-01  -1.5538846e-01
  -2.9068884e-01  -1.0459988e-01   6.2495308e-01   1.7370477e-01  -3.2432789e-01   5.4551633e-03  -1.6615386e-01
  -1.5712893e-01  -1.4473969e-01  -6.0595619e-02   4.6154083e-01   7.7659992e-01  -3.6582071e-01   4.1346142e-02
  -9.2939629e-01   8.9997081e-01  -1.2138863e-01   2.7698493e-01   9.5174355e-01  -6.7788659e-01  -3.0787676e-02
   1.7500388e-01  -4.7322562e-02   2.0842246e-02  -2.5511648e-01   1.0888186e+00  -4.7052894e-01  -1.3150032e-01
   1.6442062e-01   1.4593328e-01   2.3401528e-01   1.2775411e-01   1.3830381e-01   6.0102907e-02  -1.3693125e-01
  -6.9256683e-01   3.9388200e-01   1.4964098e-01   6.6322408e-01  -1.4432594e+00   6.0656069e-01  -2.0037368e-01
   1.0660146e-01   8.8988015e-02   1.4449672e-01  -3.6238934e-01  -1.2921687e-01  -2.7526079e-01  -1.3360595e-01
   1.0582335e-01  -2.0160682e-01   2.7111810e-01   8.0647636e-01  -4.7429921e-01   6.0871031e-01  -2.2482203e-01
   1.3967692e-01  -1.1698508e-01   2.3055824e-01   5.4144894e-01  -9.8380581e-02  -2.3829770e-01  -1.4811812e-01
  -2.3720745e-01  -4.9544932e-02  -2.7653085e-01   2.6026745e-01   1.0705540e-01   1.7859234e-01   3.1883884e-02
  -2.6542951e-01  -3.3185383e-01  -4.4942080e-01  -6.1591081e-01   1.6712225e-02   7.9554829e-01  -5.4897696e-01
   4.4396535e-01  -6.8477582e-02  -9.2773263e-01  -1.7214896e-01  -1.5574349e-01   6.7109399e-01  -3.3875754e-01
  -2.0967853e-01   2.0804220e-01  -1.3350715e-01  -1.6345288e-01   1.0237803e-01  -1.9299466e-01   2.1001123e-02
   1.9006777e-02   5.7748198e-02  -1.7113500e-01   3.2100275e-01   6.3752331e-02   4.8908249e-03  -4.1398480e-01
   8.8026764e-01  -9.2318359e-01  -1.5141186e-01  -1.3593038e+00  -6.6477147e-01  -5.1237415e-01   4.6791119e-01
  -5.6875526e-02   1.4294233e-01   1.8492744e-01  -2.1112086e-01  -2.2283461e-01  -3.6703807e-01  -4.9470989e-01
   1.2843966e+00  -5.2481671e-01  -2.5663859e-01  -2.1322019e+00   1.8705346e+00   7.9126306e-01   6.0110457e-01
   3.7763041e-01  -1.9563778e-02  -1.6506313e-01   9.0722273e-02  -1.2374076e-01  -4.9688994e-01  -1.6701264e-02
   6.0126822e-02  -4.8284188e-02  -5.5617864e-02   4.1920083e-01  -2.6299037e-01   1.2041129e-01   9.7657076e-02
  -5.0268123e-01   4.8304535e-01   3.4323437e-01   1.0331532e+00   1.5554152e-01  -3.1663465e-01  -4.5762868e-02
   2.7248212e-01  -3.4278070e-01  -6.5247800e-01   2.2392282e-01   3.5644912e-01  -5.9910404e-01  -1.6379640e-01
   2.1779984e-01  -8.1027577e-02  -2.4988155e-02  -2.7037970e-01  -1.2701163e-01  -1.6513196e-01   2.8013363e-02
   2.5880384e-01   1.6263661e-01   1.3492142e-01   3.5641845e-02   6.6139186e-02   9.8064179e-02   4.5027841e-02
  -4.6204557e-02   7.5022708e-03   9.2244281e-02   2.8450856e-01  -4.8163349e-02  -1.3838438e-02  -1.5293624e-01
   5.1391382e-01  -7.7527393e-01  -1.7646303e-02  -1.4050224e-01  -4.9092121e-01  -2.8903262e-01   4.5159552e-01
   6.3985033e-02  -8.7187798e-01  -1.0383622e+00  -3.8444836e-01   2.8450559e-01  -6.7729259e-01  -6.7247608e-02
  -5.0490426e-01   4.6780678e-01   1.1454549e+00  -2.3371994e-01   1.5641535e-01   3.7458426e-01  -4.6475963e-01
   4.7368802e-02  -1.4351584e-01  -1.1642215e-01   1.0138317e+00   6.9484425e-02   2.0163513e-01  -2.0457437e-01
