   1.0180723e-01  -8.5121463e-02  -7.4774321e-02   4.3239918e-02  -2.1323025e-02  -3.3436674e-03  -4.8241694e-02   6.1112304e-02   2.5875217e-02  -4.6145355e-03  -3.5277267e-02  -3.5367334e-02  -3.0020194e-02  -9.9077950e-02   1.0446118e-01   3.2564422e-02  -2.8086991e-02  -1.0795073e-02  -1.6299101e-01  -2.5351423e-02  -5.5484551e-02   2.2951739e-02   1.1002173e-02  -3.8227927e-02  -1.3645976e-02  -9.3480655e-03   2.7232698e-02  -5.1716589e-02
   1.5834560e-01  -9.1857924e-02  -1.4701892e-01   2.8576198e-01   1.6414595e-01  -1.2952598e-01   1.7718139e-02  -1.1640733e-02   2.8535019e-02  -1.0586367e-02  -1.3970948e-01  -1.4836710e-01   7.6082977e-03   2.2546606e-01   4.2925221e-02  -7.3380956e-02  -3.1515131e-02   1.6868560e-02   1.5258157e-02   7.4379922e-02  -9.5173565e-02  -7.9030540e-02  -4.0431002e-02  -2.3922168e-01   8.5506640e-03   4.1245287e-02  -2.8242175e-01  -1.8276158e-01
   1.7680449e-01  -8.0019276e-01  -1.6191268e-01  -1.1439920e-01  -1.3770524e-01   4.2230958e-01   3.1248278e-01   1.5679048e-01   3.1302854e-01  -2.0712754e-02  -1.1916263e-01  -6.1482528e-01   4.1670257e-01  -4.5679385e-01  -1.8473578e-02   5.3354377e-01   6.9188595e-01  -9.3525010e-01  -8.8224905e-02   3.7981954e-01  -2.2670706e-01  -1.7349663e-01   3.4354355e-01  -3.7600368e-02   3.5890002e-02  -8.0273598e-02  -6.8742844e-01   1.4313048e-01
  -2.3174391e-01  -1.2436792e-01   1.6838088e-01  -2.6406095e-01   2.4157695e-01   2.3691583e-01  -7.5325196e-02   3.9039849e-01  -1.8602790e-02  -1.8091382e-01   1.8507937e-01  -6.3963483e-01  -3.3251994e-01   1.5259440e-01   1.3391635e-01   2.2127307e-01   8.5048075e-02  -8.9862234e-03  -5.0617051e-03  -8.6091019e-03  -1.5482781e-01  -1.7310972e-01  -2.5021405e-02   1.7140269e-01  -7.2568472e-02   4.2144378e-02  -1.2599053e-01  -3.3263661e-02
  -7.4564387e-02   1.1459828e-02  -1.0253354e-01  -1.6366507e-03  -9.8116430e-02   3.4071753e-02   5.6098062e-02   2.0316577e-02   1.6648877e-03   1.0930836e-02  -6.7406825e-03  -5.1454376e-02  -3.1687101e-02  -2.1300098e-02  -8.0674117e-02   4.0412313e-02   3.7161310e-02  -3.6268869e-02   2.3443337e-02  -4.4260653e-02  -6.5213978e-02   1.6325471e-02  -1.1313066e-01   4.8638518e-02  -4.2302332e-02   4.3034577e-02  -2.1184881e-02  -4.9256467e-02
  -5.8018977e-02   6.5507524e-03   9.6711927e-04   1.5009078e-01   2.0165841e-01   2.1758264e-02  -1.3873075e-01   2.7155481e-01   1.6547790e-01  -1.4915061e-01   3.4788623e-02  -1.3615308e-01  -2.0118123e-01  -2.3218606e-01   4.7029514e-02   1.4656878e-01   5.7289842e-02  -1.2676503e-01  -2.4489908e-01  -9.9107852e-02   6.5286958e-03   7.9933920e-02   3.0872477e-01  -1.4806044e-01   1.0310771e-01  -3.9865695e-02   3.3814642e-02  -1.3875852e-01
   4.6672676e-02   3.8785850e-02   3.5033278e-02   5.6993267e-02   2.5445432e-02  -3.8157264e-02  -3.0027950e-02  -1.3764224e-02   1.1802681e-02   4.7662572e-03   1.2647800e-02   8.6820049e-02  -1.0616963e-02   3.1825802e-02   1.4492655e-04  -5.2295737e-02  -4.0171954e-02   2.0215332e-02  -6.0847141e-02  -6.8538964e-03   4.1811935e-02   3.1390932e-02   2.7152400e-03  -7.1789554e-02   2.7881211e-02  -4.0110137e-02   8.4875219e-03  -3.9140048e-02
  -9.8287114e-02  -2.2362671e-01  -1.0535809e-01  -3.2777009e-02  -3.7329535e-01   2.7956206e-01   2.5463475e-01   2.8402035e-01   2.8946698e-01  -1.7601023e-01  -4.5100415e-03  -3.5289751e-01   4.4760429e-01  -1.6716923e-01   1.5985346e-02   3.5461316e-01   2.7095275e-01  -3.5743233e-01  -1.9760979e-01   1.7501294e-01  -8.9207952e-02  -3.1832715e-01   9.8982689e-02   5.9021779e-02   1.3167030e-02  -7.9054658e-02  -3.1600337e-01   1.4278989e-01
  -3.4934674e-02  -1.8709728e-01  -1.6964121e-02  -1.6801150e-01  -1.3409694e-01   1.0338988e-01   4.9705255e-02   4.1650554e-04   3.6751393e-02  -6.0442064e-02   1.6402459e-02  -1.6630961e-01   2.0001612e-02  -4.0081235e-02  -1.3731339e-01   1.8947364e-01   1.1081154e-01   5.1669870e-02   5.9738585e-02   1.0644064e-01   6.8879790e-03  -1.2272440e-01   4.5059941e-02   1.6234323e-01  -7.7754711e-02   3.9749948e-02   2.7780667e-01   2.3974123e-01
  -6.3800370e-02  -7.8239126e-02  -6.0144273e-02  -9.1500210e-02  -6.0576536e-02   5.5489925e-02   3.1484124e-02   1.3849171e-02  -2.8929612e-03  -8.5439103e-03  -3.8219953e-02  -9.9238702e-02   5.9526277e-02  -7.1666203e-02  -7.8513649e-03   1.3353050e-01   8.8078515e-02   1.4350484e-03   9.3948939e-02   6.2075967e-02  -1.5278431e-02  -4.7225380e-02   3.3441897e-02   9.6447114e-02  -5.1039971e-02   4.9513921e-02   8.4234438e-02   1.0336342e-01
   2.1798312e-02  -6.2765873e-02  -2.8772166e-02  -5.6623436e-02   3.6606021e-03  -4.2826350e-03  -3.1762543e-02   1.2000209e-01  -1.5549738e-02   5.2029823e-02   9.3577384e-03   3.4751927e-02   3.4885800e-02  -1.2470511e-01   5.9157015e-02   3.8055495e-02   4.9569800e-02   5.5812998e-02  -1.2400896e-01   8.4471081e-02  -9.7444033e-02   8.5715112e-02  -5.6387102e-02   2.7150048e-02   2.4600170e-03  -2.3837953e-02   1.1600843e-01  -8.3463634e-02
  -3.3620099e-03  -2.6910351e-01  -5.6675423e-01   4.2021250e-01   2.9704261e-01   4.9161605e-01   1.4679375e-01  -1.5954235e-01  -3.0034228e-03  -1.3186625e-01  -5.1726838e-01  -2.9357537e-01   1.5641542e-01   1.2426518e-01  -2.8234892e-01  -1.6607532e-01   1.1302587e-01   2.2220488e-02   2.4121518e-01   1.8172063e-01  -2.7019647e-01  -6.6442094e-01  -1.3263574e-01  -5.0121206e-01  -1.2724703e-01   1.4474188e-01  -7.5494534e-01  -1.6790291e-01
   1.4224774e-01  -1.3674413e-03   3.0567326e-02  -1.1991813e-02   1.5055748e-02   3.3478333e-02   3.0123650e-02   6.8353702e-02   1.4151720e-02   5.1822662e-02  -1.6392657e-02  -6.6381457e-02  -2.6161856e-02  -1.2998956e-01   1.1563837e-01   8.5979349e-02   6.9436299e-02   9.4232464e-02  -3.2437534e-02   1.8785019e-01   8.9775789e-02  -1.3600778e-01   1.1160390e-02  -9.0650018e-03   1.6250664e-04   1.8573729e-02  -1.4965519e-01  -6.1241876e-02
  -2.7341820e-01  -1.0584023e-02  -2.6599626e-02  -1.4139699e-01   6.4499828e-01   4.5363920e-02  -1.2884529e-01   1.0181017e-01  -9.1008909e-03  -3.7165623e-02  -2.1215983e-02  -8.3537759e-01  -2.4305069e-01  -2.0676256e-02   2.3140193e-02   2.3111272e-01  -1.2283225e-01  -2.6701618e-01   4.4913924e-02   1.9219565e-01  -3.7845967e-01  -6.3033458e-01   2.8444654e-01   2.9345941e-01   4.5553254e-02   5.1793598e-01   1.3728853e-01  -2.0379788e-01
  -4.0304493e-03  -2.1600722e-02  -2.2384204e-02  -2.7751670e-02  -4.7157843e-03   1.8260477e-02   8.0563715e-03   4.8100721e-03  -3.7640953e-03   1.2606329e-03  -1.5102607e-02  -1.6578967e-02   1.1760531e-02  -2.0733496e-02   1.5792038e-02   3.2036508e-02   2.2801417e-02   2.4376836e-03   2.0766409e-02   9.7490070e-03  -1.0769979e-02  -1.5692423e-03   3.6474563e-03   2.1921472e-02  -1.1403982e-02   1.3444371e-02   5.5591312e-03   1.7142856e-02
   7.5578972e-02  -2.5833133e-01   4.1522699e-01  -6.7555150e-01  -2.2760237e-01   7.2266812e-01  -6.3432065e-02   5.6234386e-01   1.1394880e-01  -9.5047607e-02   4.3965776e-01  -3.2136151e-01   3.7887635e-01  -3.8448750e-01   1.7872434e-01   3.0780779e-01   4.9080851e-02  -4.3143906e-02  -9.0458922e-02   1.8230640e-01  -7.4970697e-02   1.9028562e-01  -1.7486860e-01   7.7293755e-01  -1.4294115e-01   1.8460045e-01   5.8494625e-01   1.8025890e-01
  -2.2135697e-02   5.7884277e-03  -6.4239164e-03  -4.3230492e-02  -3.1601968e-02   9.1600845e-03   6.3149945e-02  -1.7569035e-02   2.6257142e-02   4.0284370e-02  -3.6131860e-02  -6.5286413e-02   4.2175685e-02  -2.7145042e-02   1.6672833e-02   4.3411151e-02   2.8677874e-02   7.1116979e-03   4.7571988e-02   4.3586844e-02  -1.3215585e-02  -4.4732693e-02  -4.2081340e-03   3.6276879e-02  -1.4025311e-02   3.3074600e-02  -2.8007249e-02   2.1651897e-03
   2.6513010e-01   1.7807021e-02  -1.2906132e-01   2.7561598e-01   2.6679401e-01   1.8743094e-01  -3.6561097e-01   9.4052866e-02  -1.0850779e-01  -1.5979993e-01  -7.1014997e-02   2.6192992e-01  -3.0463266e-01  -4.5998693e-02   3.2423815e-01  -1.4727894e-01  -1.4648885e-01  -3.1202815e-01  -2.2982232e-01  -4.0619591e-01   1.4788124e-01   3.4699768e-01   2.6694739e-01  -2.3944232e-01   1.6688153e-01  -7.9648858e-02  -4.7908935e-01  -2.2941253e-01
  -2.2862034e-01  -4.4708422e-01   1.1411800e-01   3.6413305e-01   6.5595923e-02   5.4781581e-01  -9.0748615e-02   3.3191153e-01   1.7069720e-01  -4.1546788e-01   9.2295765e-02   1.3935706e-02  -4.1301572e-01  -1.3117804e-01  -4.1162289e-01   1.1714577e-01   1.2863318e-01  -4.2593466e-01  -2.5618154e-01  -2.5370056e-01   6.8357644e-02  -1.0517743e-01   1.7283464e-01  -6.2636464e-01  -6.9094209e-02  -1.3015579e-01   5.5032223e-02  -3.0948795e-02
   4.1772082e-01  -4.1620344e-01  -1.2924667e-01  -2.4155222e-01  -5.9959784e-02   5.1368138e-01  -1.6331213e-01   2.4015897e-01   9.5325063e-02   6.7601813e-02   1.4417980e-01   2.1496130e-01  -1.8353265e-01  -4.4370368e-02   1.2210532e-01   2.3515393e-02   1.3401891e-01  -2.5666715e-01  -7.6958888e-03  -2.0931708e-01  -1.7308548e-03   2.8985599e-01  -1.1854547e-01  -5.2585142e-02  -1.2902651e-01  -2.7377518e-03  -4.9531454e-02  -1.0410921e-01
   3.4023356e-02  -1.1244514e-01  -6.8666515e-02  -5.0809852e-02  -9.0378861e-02   3.8473975e-02  -2.8504802e-02   4.6393094e-02  -1.3839398e-03  -2.9374682e-02  -7.1507990e-03   4.6791647e-02   9.2840539e-02  -1.0928178e-01   1.9916967e-02   4.3891851e-02   6.2823010e-02   3.3118653e-03  -2.4608934e-02   6.4078999e-02   1.9997171e-02  -3.7922022e-02  -7.5397490e-04  -1.4639176e-02  -1.0575646e-01   3.0798469e-02   1.0057398e-01   6.3505532e-02
  -3.3533991e-02   9.3809987e-02   5.9184203e-02  -7.4704946e-02  -8.2162601e-02  -4.7800213e-02   1.1533343e-02  -6.5193671e-02  -8.7289694e-02   5.9291064e-02   5.5172685e-02  -8.6357993e-03   3.6418140e-03   1.0131240e-01  -4.1656215e-02  -1.2891717e-01  -9.5831283e-02   5.1838049e-02   2.4257266e-03   1.0553078e-02  -4.3142613e-02  -4.0759207e-03  -1.5541054e-01   1.1565019e-01   2.0815742e-03   5.9804082e-02   1.7352977e-02  -1.2052229e-01
  -2.8284361e-01  -3.4275482e-01  -4.5505709e-01   3.0130111e-01   2.2245984e-01   1.0461378e-01   2.7112567e-02   1.5946188e-01  -6.0572558e-02  -2.7734380e-01  -1.7697235e-01  -2.9955243e-01  -1.3444632e-01   2.3866974e-01  -3.9552954e-01  -8.4353137e-02   3.7188143e-02  -8.2303969e-02   6.6025581e-02   2.7864020e-02  -1.9072100e-01  -3.9828969e-01  -1.7902258e-01  -3.4118394e-01  -2.2464224e-01   2.1440939e-01   1.0826988e-01   9.9330999e-02
   1.8065569e-02   2.1840444e-01   7.0291693e-02  -1.6331796e-02  -2.3311343e-02  -1.3503394e-01  -1.2816618e-03  -7.6198405e-02  -4.1807767e-03   1.8104150e-01  -3.4978299e-02   1.4957383e-01   7.7652161e-02   5.0901169e-02   1.6308404e-01  -5.4219803e-02  -9.5955766e-02   1.5200197e-01  -6.8941520e-02   8.9898147e-02  -5.2817187e-02  -5.0762915e-02   5.6594156e-02   3.8964109e-02   2.9394110e-02  -6.7753687e-02  -1.5519440e-02  -5.2368132e-02
  -4.2394963e-01   1.7527908e-01   5.0857297e-02   3.6711083e-01  -7.2125034e-02  -5.2598293e-01   2.2038457e-01  -2.5391798e-01  -1.0383968e-01  -3.0456132e-02  -1.2084641e-01   2.3379272e-01   2.1495073e-01   3.6979518e-02  -6.4848252e-02  -2.0851193e-01  -5.0871524e-02  -1.8769027e-01  -5.6119284e-02   1.9117436e-01  -1.5061269e-01  -1.4003744e-01   1.9073193e-01  -3.0445465e-01   1.4985144e-01  -8.9767964e-02  -2.2980227e-01  -2.7747035e-01
   1.2214168e-01   2.2436656e-01   1.1683383e-01   1.2678342e-01   4.8477214e-02  -1.6543337e-01  -2.4404191e-02   3.1974244e-02  -1.5818587e-02   8.8391659e-03   5.8438974e-02   1.5548316e-01  -3.0616520e-02   9.9398737e-02   1.3664281e-01  -1.6429982e-01  -7.3479061e-02   1.0466095e-01  -1.2513383e-01   1.6907664e-02   7.4162612e-02   1.1256397e-02  -4.7934186e-02  -1.0138011e-01   9.5086622e-02  -1.0639436e-01  -1.7245227e-01  -1.1084228e-01
   3.1175956e-02  -3.3309842e-02   6.2123711e-02  -4.4466069e-02  -2.8304818e-02  -3.6012576e-02  -7.1428092e-02   3.1834994e-02  -1.1424471e-02   1.0771902e-03   4.6774626e-02   5.4544377e-02   4.1728326e-02  -5.7416430e-02   1.1666499e-01   6.3531671e-02   8.3360094e-03  -6.2184874e-03  -7.8470581e-02   5.2923570e-02   2.9905936e-02   1.0274300e-02   1.0369415e-01   1.4347692e-02   3.8062815e-02  -7.3063762e-02   5.2347996e-02   5.2086296e-02
  -9.7092706e-02   4.9162939e-02   5.9657628e-02  -6.1009440e-02  -2.8937116e-02  -3.3295456e-02   5.0281131e-02   5.8161102e-02  -2.9658134e-02  -8.0171230e-02   8.2885825e-02  -1.2692443e-01  -3.5737019e-02  -6.4500679e-03  -3.2265111e-02   4.0327046e-02   2.4396369e-02   5.2323892e-02   1.0210810e-01   7.0978063e-02   8.3471821e-02  -6.4946793e-02  -5.0960748e-02   8.0348053e-02   5.0814540e-02   1.1694138e-01   2.3611708e-02   6.1970429e-02
