   1.5878765e-01
   1.3183160e-01
  -2.9684160e-01
   3.1334170e-01
   4.0274961e-02
  -3.6538881e-01
  -9.0349716e-01
  -2.3653572e-01
   3.2320010e-02
   5.2016767e-01
  -8.1291146e-02
   9.8389541e-02
  -2.4020479e-01
  -2.9189012e-01
  -5.0888618e-01
   1.0415234e-01
  -2.5732036e-01
   1.3085298e-01
  -6.2570190e-02
   2.0270626e-01
   6.2987713e-02
   8.9402688e-02
  -8.7793084e-01
  -1.8630497e-01
   1.6494792e-01
  -1.1866383e-01
   7.6905447e-02
   1.5386397e-01
   3.8761425e-02
  -1.0589684e-01
   1.0920952e-01
   5.4133620e-02
   1.9351093e-02
