   1.6626083e-02  -1.1023053e-02   2.1373949e-02   2.0128318e-02  -7.6224899e-03  -2.0139073e-02  -1.6325921e-02   2.9941152e-02  -5.0534903e-02  -1.3280968e-03   3.8244099e-02  -1.1232580e-02  -4.0788511e-02   2.3633397e-02  -5.5024949e-02   1.1318227e-02   5.3840870e-02   1.8284375e-02  -8.0933360e-03   2.7522950e-03  -8.8569257e-03  -8.3530087e-03   4.2381639e-02   1.2383283e-02  -9.5856058e-03   1.3069524e-02   1.4526148e-02  -3.9062728e-02  -2.9388641e-02   6.0562354e-03   3.5060551e-02  -3.2405204e-02  -1.8777297e-02  -3.8747594e-02   5.3086029e-03  -5.2850430e-03
  -6.9235451e-03   1.4004540e-02  -4.1959021e-03  -1.4015504e-02   7.5704094e-03   7.6401955e-03   8.3929548e-03   7.8284449e-03   3.8097208e-02   5.3375472e-04  -1.0292748e-02   5.5616104e-03   9.2703923e-03  -8.3175194e-03   3.3177749e-02  -7.0695212e-03  -1.8665378e-02  -1.2298797e-02  -3.1614349e-04  -4.7330536e-03  -1.3961478e-04   5.7525232e-03  -3.5419997e-02  -1.2835497e-02   1.2663157e-02   5.3156149e-03  -6.5606371e-03   1.4566726e-02  -9.9754477e-06  -5.5290962e-03  -2.6751182e-03   1.6652104e-02   9.7796925e-03   2.5179090e-02  -2.0107798e-02  -3.7675905e-03
   5.8047731e-03  -1.9200450e-02  -9.3659477e-02  -9.7643298e-03  -5.1276478e-02   1.5561672e-02   2.4161845e-02  -5.5666311e-02   8.4405079e-02   2.4775625e-02  -6.8562660e-02  -1.5315207e-04   1.2127792e-01  -3.8583838e-02   9.4702029e-02   1.1342826e-02  -4.0179671e-02  -5.3788704e-02  -3.2040428e-02   2.6970410e-02   8.8172025e-03  -1.0016479e-02  -4.5035225e-02   9.8861240e-03  -5.3163715e-03  -1.2941426e-02   3.7975321e-02   5.9417737e-02  -3.7929789e-02  -3.2969428e-03  -8.6890058e-02   4.7426557e-02   1.1469418e-02   2.9491012e-02   7.5479596e-02  -1.8512888e-02
   6.5430837e-02  -9.8948714e-03   2.0167371e-01   1.3888885e-01   7.0947069e-02   1.0032601e-01  -1.1196320e-01  -8.8200199e-01  -3.9951989e-01  -4.6717248e-02  -1.3504617e-01   8.1736171e-02  -2.5532510e-01   1.8356765e-02  -8.2990379e-02  -1.9457127e-03   1.7333097e-02   8.8703836e-02  -1.7263752e-02   3.8435014e-01   1.2934902e-01   1.8315080e-02  -3.8051896e-02   9.7451474e-02  -5.5550104e-02  -6.0547426e-01   4.2369235e-01   1.2234710e-01   3.7069524e-01   3.0971658e-02  -1.0185949e-01  -2.6885464e-01  -8.9818649e-02  -1.2319352e-01  -1.8706611e-02   1.0385737e-01
   3.9343132e-02  -1.7258264e-02   5.9028424e-02   3.9966998e-02  -1.6005037e-02  -4.2783674e-02  -3.2897762e-02   9.7815233e-02  -3.8471648e-02   3.5834426e-03   6.5377330e-02  -2.0468583e-02  -1.0502922e-01   3.9880340e-02  -1.0516555e-01   1.5133985e-02   9.6835509e-02   4.4877020e-02   1.3211248e-02  -1.5293405e-02  -5.1447162e-03  -1.2969186e-02  -1.1105136e-02   1.4231915e-02  -4.5061247e-03   3.2579420e-02  -3.7216966e-03  -4.3500589e-02  -1.4407366e-02   4.9276582e-03   8.1894017e-02  -1.1310440e-01  -3.5709393e-02  -6.5006216e-02   2.3394870e-02   2.5834655e-04
   3.4428162e-03  -1.3971275e-02  -2.0797754e-03   1.2099299e-03   1.1252047e-02  -1.2109202e-02  -1.4383896e-02   2.6696344e-02  -2.6490649e-02  -3.7454906e-03   2.1102876e-02  -6.1224478e-03  -2.9491999e-02   1.9355192e-02  -7.3112654e-03   2.0907503e-02   2.3896778e-02  -1.3171482e-02  -1.1962114e-02   1.7014597e-03  -4.8322664e-03  -4.0899323e-03   2.7309999e-03   1.8900814e-02   4.9160109e-03   7.1919758e-02   2.7790250e-02  -3.8390011e-02  -6.2377003e-02  -6.1063610e-04   2.6546270e-02  -6.4882671e-03  -9.6317401e-03  -1.3224096e-02  -7.6275572e-03  -6.8245231e-03
   1.4262000e-02  -3.5917126e-03   2.2798097e-02   1.2848092e-02  -6.0721425e-03  -2.0516531e-02  -1.4506307e-02   4.1035209e-02  -3.2772037e-02   1.0714812e-03   4.1717036e-02  -1.0846142e-02  -3.8236959e-02   1.9936113e-02  -4.2830671e-02   8.6867922e-03   5.0037274e-02   1.4586511e-02  -1.1865538e-02  -3.9794906e-03  -1.2561267e-02  -5.6772852e-03   2.4957037e-02   4.0100883e-03  -4.5435595e-03   1.4703322e-02   9.3588431e-03  -3.3912058e-02  -3.0537180e-02   2.3150320e-03   3.4632104e-02  -2.6744958e-02  -1.4674863e-02  -2.7053809e-02  -1.5470244e-03  -9.1940433e-03
  -9.0694157e-03  -4.1842206e-03  -3.8628864e-02  -1.4779478e-02   1.7786778e-02   1.4259213e-02   6.1097144e-03   2.1137495e-03   3.7377948e-02   3.4429447e-03  -7.5704023e-02   4.4766130e-03   5.9511132e-02  -3.7977029e-02   6.3742708e-02  -2.9985912e-02  -5.4016685e-02  -2.0242456e-02   1.5325124e-02   8.5420918e-03  -1.3176908e-02   7.3380196e-03   4.4706013e-02  -6.3273683e-03   1.6059421e-03  -6.5367377e-02  -8.7690908e-02  -1.3196908e-02   6.3454278e-02   5.7139748e-03  -5.3579987e-03   1.0954390e-01   1.6941213e-02   4.4893550e-02  -2.2293549e-03  -3.1707688e-02
   5.1176280e-02   9.0946920e-02  -3.2093654e-02   2.5738585e-02   4.1042426e-02  -8.2291336e-02  -5.2117855e-02   2.9290850e-01   1.8609490e-01   7.9786863e-03  -8.6757193e-03  -1.7300472e-02  -2.8788946e-01  -1.3791153e-02  -8.0882501e-03  -5.8305680e-02   3.3062426e-02   5.1795299e-02   1.8259407e-01  -4.2077261e-02  -8.3985477e-02  -3.3577795e-02  -1.2228737e-01  -3.1415346e-02   5.2782894e-02   2.8797494e-01  -4.7347270e-01  -3.0880593e-02   2.9267366e-01  -5.4467353e-02   1.0129373e-01  -1.4079878e-01   1.2486004e-03  -2.9701715e-02  -2.7725736e-02   3.1260936e-02
   1.2095107e-01   1.2324353e-01  -4.3236435e-01   1.3003031e-01  -9.4923969e-03  -1.3719062e-01  -6.1158360e-02  -4.8487766e-01  -2.3998693e-01  -1.2852802e-02  -2.0197625e-01  -8.2229298e-02   1.4240627e-04  -4.7482627e-02  -1.4801583e-01  -1.6796918e-02   4.3347084e-02   1.1742463e-01   7.4217926e-02   4.3198190e-01  -3.1111045e-01  -3.2766783e-02   1.8871110e-01  -2.4684340e-02  -1.8870182e-02   2.5782244e-01  -3.5795466e-01  -2.8451186e-01  -4.5248501e-02   1.5654067e-01  -1.7335884e-01   2.2171804e-01  -1.3649286e-01  -2.1530259e-01  -1.3455546e-01  -3.4208665e-02
   8.8362732e-03  -1.7706830e-02   2.8299404e-03   1.6268161e-02  -4.3397316e-03  -4.8773483e-03  -9.2275905e-03  -5.7703529e-03  -4.0788745e-02  -3.0320148e-03   7.6245019e-03  -4.1947243e-03  -1.6750482e-02   1.1732051e-02  -3.2175294e-02   7.1012691e-03   2.3717292e-02   8.1814109e-03  -1.4461384e-04   7.6395942e-03   3.1779545e-03  -7.8375763e-03   4.1808644e-02   1.7204811e-02  -1.0695505e-02   3.1970111e-04   9.1494405e-03  -1.9927890e-02  -3.7047490e-03   5.3326411e-03   5.3642060e-03  -1.0778258e-02  -1.1942533e-02  -2.6941257e-02   1.3043139e-02   9.4525962e-04
  -6.6732574e-02   5.3665572e-02   1.2511893e-01  -9.7829297e-02  -1.4727551e-02   2.1029482e-02   9.1141075e-02   1.6829741e-01   3.0298851e-01   5.2114369e-03   5.7146207e-02   7.1302259e-03   8.4180133e-02   1.8623213e-03   8.8859296e-02  -2.5456270e-03  -9.2163604e-02  -1.9933853e-02  -5.2175693e-02  -1.4559576e-01   2.7282238e-02   6.0610392e-02  -3.1083014e-01  -1.0674796e-01   5.6102888e-02   1.4848724e-01   7.5494619e-03   1.0729286e-01  -2.5535663e-01  -9.9890833e-03   4.4580223e-02  -8.0143682e-02   5.8156997e-02   1.4791471e-01  -5.2479330e-02   1.2502033e-02
  -1.7173196e-02   9.9508492e-03   8.5933188e-03  -3.1666687e-02   1.2705867e-02   1.2782935e-02   2.3209446e-02   4.9591079e-02   1.1964252e-01   1.5704336e-03  -1.9450110e-02   1.2047307e-02   4.4829175e-02  -2.2938525e-02   7.0593611e-02   3.6449255e-03  -5.6285591e-02  -2.3529890e-02   3.1022376e-04  -2.6786163e-02   2.9138655e-02   2.7327105e-02  -1.1288670e-01  -1.5314394e-02   3.0119799e-02   8.3627403e-02  -5.7455371e-03   5.5329055e-02  -5.2644207e-02   3.1136455e-03  -9.0977710e-03   2.0096946e-03   1.2376666e-02   6.4520776e-02  -4.1605648e-02   4.2096977e-03
   2.4802827e-02  -2.3712255e-02  -9.6634545e-02   7.1718196e-02   6.5399749e-03  -9.0855506e-03  -5.3323757e-02  -7.7119692e-02  -2.6199176e-01  -2.2321793e-02  -1.4251786e-02  -6.7892024e-03  -6.3407288e-02   2.2269496e-02  -1.0866067e-01   2.1514536e-02   8.9779364e-02   4.6467119e-02   4.9762552e-02   1.1676756e-01  -4.9349385e-03  -3.6037508e-02   2.5328885e-01   7.1791498e-02  -6.8895552e-02  -1.1147869e-01   1.5485020e-03  -8.7267023e-02   9.8622175e-02   1.6233032e-02  -2.0094009e-02   1.9859576e-02  -4.6187813e-02  -1.4588426e-01   7.4444590e-02   1.9524802e-02
  -4.7084698e-04   1.9555722e-02   6.8662372e-02   1.9894309e-02  -6.7664225e-03  -1.5032661e-02  -7.8108474e-03   5.0957907e-02  -8.0405004e-02  -1.7535626e-02   1.1430864e-01  -1.4023769e-02  -7.9324427e-02   5.6466494e-02  -1.4413860e-01   2.3148495e-02   6.9947405e-02   7.0577100e-02   5.3790296e-04  -2.7542653e-02  -1.2158254e-02   1.3751217e-03  -1.1610706e-02  -1.9466412e-02  -1.1344510e-02   1.0261635e-01   7.3086837e-02  -2.1738985e-02  -9.6041270e-02   1.2088832e-02   5.7820120e-02  -1.2568233e-01  -2.2327571e-02  -6.1617449e-02  -3.6913190e-02   3.8917994e-02
   8.9141226e-02   8.9503918e-02   5.3459298e-02   4.9604692e-02  -7.2493213e-02  -1.3076125e-01  -9.3825629e-02  -5.1716142e-01   4.5657324e-02   2.8849756e-02   7.1557628e-02  -3.1169636e-02  -4.6217681e-01  -5.2304422e-02  -4.8532166e-02  -2.3314942e-02   1.2180726e-01   7.4386053e-02  -8.8291596e-03   6.7445518e-02  -3.7760817e-02  -7.6602019e-02  -3.7177354e-02   1.8499781e-02   7.6017020e-02   6.3428173e-01  -7.3517866e-02   1.1116594e-01  -2.0256702e-01  -5.2284968e-02  -3.5844013e-01  -7.0262352e-02  -3.8978585e-02  -7.8578632e-02  -1.0791348e-01   6.4626512e-02
   2.0498319e-02  -8.0844931e-02  -4.2669956e-02   4.9469794e-02  -2.2413005e-02  -1.6591568e-02  -1.4557372e-02  -8.4427232e-02  -1.2805809e-01  -5.7407997e-03  -3.6992807e-02  -1.7915629e-02   2.5638735e-02   1.2038177e-02  -5.7802315e-02   3.5523877e-02   2.1159015e-02   2.8655177e-03  -8.2715700e-03   4.3606117e-02   1.0407097e-02  -2.1806908e-02   1.1862772e-01   7.8395558e-02  -5.1000465e-02   1.1611482e-02   6.4575880e-02  -6.1602835e-02  -1.8441668e-02   3.6348517e-02  -4.0261939e-02  -1.7231455e-02  -3.7277788e-02  -8.3930724e-02   1.2053396e-01   1.0271974e-02
   4.8961913e-03   1.7138640e-02   5.9807046e-03  -1.5071612e-02   1.7249972e-02  -7.2443172e-03  -1.1604010e-02   6.0820254e-02   8.3511675e-02   1.0966071e-02  -5.4620591e-02   6.4442529e-03   2.0869620e-03  -2.9773220e-02   4.6095117e-02  -2.6887858e-02  -1.7583833e-02  -2.7349705e-02   1.6718911e-02  -5.5246129e-03  -1.1293805e-02   1.0693067e-02  -1.0189487e-02  -1.5418937e-02   2.0710867e-02  -3.3037463e-02  -8.3829584e-02   2.1673864e-03   5.2672064e-02  -8.3621926e-03   1.7495124e-02   8.2000110e-02   6.4634521e-03   4.0859770e-02  -6.4803648e-02  -2.9648322e-02
  -1.8680844e-03  -6.6046978e-03  -5.1785171e-03   2.3512316e-03   8.2688441e-04   5.4816349e-03   5.7205854e-04  -1.4973946e-02  -6.2385339e-03  -2.5631876e-03  -9.3918233e-03   2.3290179e-03   4.4942636e-03  -8.1606461e-04   6.0297120e-04   5.2410340e-04  -6.2996344e-03  -1.8229919e-03   4.0664747e-03   3.3455322e-03   6.5331624e-03  -9.9901020e-04   5.1057887e-03   5.8728572e-03  -2.8877244e-03  -6.4337292e-03   3.3616204e-03   2.7169451e-03   8.8417962e-03   8.9614329e-04  -7.3819066e-03   1.6027763e-03   5.0137917e-04  -2.1833761e-03   7.2655083e-03   3.7137184e-03
  -2.1924482e-02   1.7187890e-02  -2.3969204e-02  -2.3107988e-02   8.8420745e-03   2.3516902e-02   1.9123144e-02  -4.5538392e-02   6.1470617e-02   2.2188889e-03  -5.1986804e-02   1.5839460e-02   6.0513796e-02  -3.4214259e-02   6.2393202e-02  -1.8693894e-02  -7.3774907e-02  -1.7531043e-02   1.7227384e-02  -3.4623900e-03   3.3851552e-03   1.7365916e-02  -1.8813412e-02  -1.8488123e-02   5.6056274e-03  -3.0942807e-02  -2.8280111e-02   4.8135106e-02   3.3682851e-02  -2.3428041e-03  -3.5124802e-02   6.2712688e-02   2.2044228e-02   4.9271091e-02  -9.5049347e-03   7.2784874e-03
  -6.9129274e-03   1.2729148e-02  -4.5013093e-03  -1.3409302e-02   8.6738961e-04   3.6468635e-03   1.0470939e-02  -1.9409961e-03   3.7189953e-02   4.0474568e-03  -1.2199402e-02   2.6515215e-03   2.4014100e-02  -1.3284710e-02   3.0859028e-02  -5.4474006e-03  -2.4798469e-02  -8.3140783e-03  -7.0450337e-04  -4.5794815e-03  -3.4932942e-03   6.9126215e-03  -3.5450445e-02  -1.3900765e-02   7.5467696e-03   1.5030574e-03  -8.0979359e-03   1.8366787e-02   2.7483990e-03  -2.4999456e-03  -9.8371898e-03   1.0782764e-02   9.6034650e-03   2.2639980e-02  -7.5333628e-03  -4.3789706e-04
   4.4475179e-02  -9.1560119e-02   2.9284683e-02   9.2162077e-02   4.3908958e-03   2.2799002e-02  -2.0261526e-02  -3.0458886e-01  -2.1230896e-01  -4.7193268e-02   7.9820311e-02   5.3448899e-03  -1.6618644e-01   7.8928031e-02  -4.8112518e-02   1.0402656e-01   7.8351910e-02  -1.1524796e-02  -2.2459540e-02   1.1755847e-01   7.1462074e-02  -2.7519269e-02  -9.8827575e-03   1.3246298e-01  -7.7826227e-03   6.6280469e-02   3.2923563e-01  -1.8904691e-02   2.6551201e-02   2.8388037e-02  -9.1388921e-02  -2.3242238e-01  -7.8215704e-02  -1.2600211e-01   6.1810158e-02   4.9363148e-02
   2.1993485e-01  -2.5911142e-01   3.6671253e-03   9.8245444e-02  -1.7709146e-01  -2.4214478e-01  -1.9947346e-01  -9.6221270e-02  -3.4915441e-01   1.6456309e-01  -3.2765888e-01  -9.7281518e-02  -1.5934815e-01  -1.4844552e-01  -1.1091771e-01   5.5855080e-02   3.3697238e-01  -6.4141173e-02  -1.2831457e-01   1.6197654e-01  -1.5104321e-01  -1.0323415e-01   7.5574923e-01   1.8119891e-01  -8.5310831e-02   2.7849833e-01  -8.0606409e-02  -1.3064254e-01  -3.5532964e-01   6.6908068e-03  -1.1132198e-01   4.3911077e-01  -1.1822694e-01  -1.6565967e-01   2.6098314e-01  -1.7257203e-01
   7.4539293e-03  -2.7900879e-02  -3.9439050e-03   2.2187652e-02  -4.0731698e-03   2.1684361e-03  -9.6846319e-03  -2.9458234e-02  -5.5562605e-02  -7.0985955e-03  -4.4815157e-03  -1.1884951e-03  -1.0640865e-02   1.1049535e-02  -3.6290505e-02   8.2741643e-03   1.7630778e-02   8.7979814e-03   6.6162570e-03   1.3981681e-02   1.1946909e-02  -1.0023898e-02   5.8005663e-02   2.7173663e-02  -1.7176055e-02  -1.0604792e-02   1.3077486e-02  -1.7283364e-02   1.2550796e-02   8.1420080e-03  -4.8487380e-03  -8.6634900e-03  -1.2766899e-02  -3.4162660e-02   2.5579407e-02   7.0659104e-03
   1.7225756e-02  -1.8483632e-02   7.0746929e-03   2.7046939e-02  -1.5830938e-02  -1.3996879e-02  -1.1660019e-02  -3.3935560e-03  -6.9028876e-02  -2.4120333e-03   2.5491716e-02  -1.1342519e-02  -2.2011437e-02   1.8812249e-02  -5.9291277e-02   1.2032779e-02   5.0081156e-02   2.0793272e-02  -6.3393300e-03   1.3865317e-02  -2.2415203e-03  -1.5555594e-02   5.6821258e-02   2.0174043e-02  -1.9886990e-02  -1.7530156e-02   9.7600003e-03  -3.4401556e-02  -1.6806097e-03   8.3211110e-03   1.0998171e-02  -3.8018429e-02  -1.9992114e-02  -5.0305132e-02   2.4443332e-02  -6.0794716e-04
