  -7.6605315e-01
   5.2752092e-01
   1.6555260e-01
  -1.0749828e-01
   3.4472882e-03
   1.1977504e-01
   1.4205857e-01
   3.0402689e-01
  -1.3719445e-01
  -2.5346494e-01
  -7.7532884e-02
   1.3507948e-02
   3.8979192e-01
   2.0755309e-01
  -7.2309987e-02
  -2.6517417e-02
  -6.6718065e-02
   9.7063201e-03
  -1.7316538e-01
  -9.6292665e-02
  -6.7993610e-02
   1.9345289e-01
   2.5659281e-03
  -1.4245387e-01
  -2.0940512e+00
  -7.4036809e-01
  -5.4611082e-01
  -1.2599749e-01
  -2.9081781e-02
   1.6282103e-01
   1.5182149e-01
  -4.3775618e-02
   1.6649483e-01
   1.8249887e-01
  -2.0957222e-01
   1.3023324e-01
