   1.3580926e-01   3.9167689e-01  -8.2453944e-03  -2.3319378e-01   5.6377421e-01  -1.6357740e-01   1.5330052e-01   3.2044465e-01   4.7630913e-02  -2.0733528e-01  -9.5894775e-03   6.6450643e-02  -9.7301368e-02   1.8257630e-01   3.5069600e-01   6.9989767e-02  -2.5835455e-02   3.0082967e-01  -1.5232094e-01  -3.6864765e-01   3.0984166e-01  -3.5443933e-01  -5.3030148e-01  -3.1824981e-01  -3.6453593e-02  -2.7872081e-02   1.3604097e-01  -3.8456457e-01   1.2605779e-01  -2.0460944e-01   4.1261613e-01   1.4138665e-01   5.7050461e-02  -3.4254651e-01
   7.4904615e-03  -1.0514651e-01   1.8600791e-02  -3.8431183e-03  -4.9187168e-02  -3.9974208e-02   6.3292454e-02  -4.0095190e-02  -6.4996039e-02  -2.9040014e-02   6.7136688e-02  -3.6190822e-02  -8.7428163e-02  -7.4041140e-02   5.2709960e-02   6.3392779e-03  -7.2853940e-04   8.4786819e-02  -6.4580083e-02  -7.4846602e-02   2.1957324e-03  -6.7090406e-03  -8.0979884e-02   2.8835632e-02  -6.0451135e-02   1.0637291e-01   5.1030571e-02   7.9873968e-02   1.1297497e-02   2.8079489e-02   3.0778648e-02   2.0632573e-02   4.0122317e-02  -2.2318238e-02
  -3.9080324e-02   9.8714631e-03  -1.6932780e-02   7.7234611e-03   5.1693536e-02   1.5438256e-03  -3.1523772e-02   2.5673659e-02  -5.6076628e-02   4.6437985e-02   4.9310828e-04  -2.0150262e-02  -2.1851318e-02   2.2016279e-03   6.3836841e-02   1.5912626e-01   5.8702309e-02   4.3149569e-02   5.1189284e-02   1.7667909e-02  -1.0959657e-01  -6.3425902e-02  -8.2215311e-02  -3.5822513e-02   2.7546960e-02   7.1033239e-02   1.1532568e-01  -2.2366325e-02   1.2964012e-02  -3.5853660e-02  -5.1278531e-03   6.3700089e-02   9.3903247e-02   1.8332310e-02
  -4.6703268e-02  -8.4520939e-02   1.5300414e-01  -3.6972042e-02  -1.4948291e-01  -1.0394514e-01  -1.4861384e-01  -3.2000693e-03  -5.6318204e-01  -1.6155335e-01  -1.6056672e-01   1.6198886e-01  -2.9543050e-01  -3.8353222e-04  -2.4931940e-01   3.5981672e-01   3.7963471e-01   3.2390528e-01   2.4065609e-01  -1.3777536e-01  -2.1232670e-01  -1.5310590e-01  -2.5921711e-01   9.1973015e-02   7.8478711e-02   1.6117458e-01   3.0880254e-02  -1.7937351e-01   2.4534635e-01  -9.6115197e-02  -2.1531873e-01  -2.8732062e-01   3.7350376e-01  -1.6552557e-01
   3.4529274e-02   2.8833372e-02   4.1079051e-02   4.1366476e-03  -3.4702737e-02  -2.2051937e-02   6.7589395e-03  -1.0433434e-02  -4.2045756e-03  -4.5729205e-02  -3.4393159e-02   1.8901814e-02  -2.2653963e-02  -7.4687985e-03  -8.1082570e-02  -7.2348282e-02  -3.7607255e-04   5.8637643e-03   1.2116978e-02  -1.0472854e-02   5.7909466e-02   3.7785118e-02   1.0130107e-02   1.4681084e-02  -1.4902529e-02  -2.5432011e-02  -3.4433898e-02  -5.4736648e-03   1.4565372e-02  -1.4263724e-03  -1.8644035e-02  -6.1222183e-02  -4.5096098e-02  -5.8658600e-02
  -1.4329361e-02   3.8548628e-02  -1.1422517e-02  -1.2491149e-02   1.0628465e-02   4.7179461e-02  -5.5524147e-02   4.9943959e-02  -9.6497130e-03  -1.6075369e-03  -3.3034885e-02   2.9379615e-02   1.9524823e-02   9.8683378e-02  -6.4200774e-02   2.3638785e-02  -6.8414610e-02   5.2040104e-02  -2.8324388e-02   1.0231586e-02   3.7985452e-02   1.1782487e-01   5.8779690e-03   8.6829786e-03  -2.4673487e-02  -9.2412239e-02  -8.3365290e-02  -1.1937622e-01   1.1018186e-04  -3.8809584e-02  -5.8443753e-02  -8.6909681e-02  -3.2320844e-04  -5.5111690e-02
   2.4206462e-02   8.8699886e-03   1.8267536e-02   8.6213006e-02  -2.3057293e-02  -1.1251399e-02   3.5960558e-02   5.7857245e-03  -5.5311284e-02  -7.5628060e-02  -3.9871507e-02  -6.7832700e-02  -1.8110616e-03  -5.4568856e-02  -6.3692368e-02  -2.0084672e-02  -8.5928978e-02  -6.5570342e-03  -2.9631490e-02  -3.3557611e-02  -5.3450365e-03   7.0216232e-02   2.9144405e-03   6.0048181e-03  -6.7257120e-02   1.0568984e-01   4.9366833e-02   1.3450210e-02   6.5935930e-02   4.1818527e-02  -3.9858853e-02  -2.0520907e-02   3.7112409e-03  -1.7154424e-02
  -1.7445402e-01  -6.7060277e-02  -7.4942292e-02   1.2093454e-02   2.8921417e-02   1.0417865e-02  -3.1905092e-02  -3.0137102e-02   1.3038843e-01   1.4597546e-01   1.5579229e-01  -2.8776610e-02   1.2881238e-01   3.6711374e-02   1.6030261e-01   1.1938394e-02   6.6470208e-02  -1.2656853e-01   4.4373848e-02  -4.9860733e-02  -8.4109184e-02  -1.2094537e-01   7.1928154e-02  -6.2185390e-03   6.2452326e-03  -1.3916048e-02   7.7086912e-02   1.2660561e-01  -1.8047085e-02   2.8535958e-02   4.1945194e-02   1.8470528e-01   2.8798683e-02   1.2520279e-01
   1.5262972e-01   1.0425853e-01   8.7929550e-02   9.8189223e-02  -6.9237762e-02  -3.8079023e-02   3.8860423e-02  -8.1368728e-02  -1.6015528e-01  -1.7911261e-01  -1.1225450e-01  -8.8351818e-02  -1.1387856e-01  -7.8333323e-02  -2.5055786e-01   5.7421605e-02   6.1256328e-02   3.2259482e-02   9.6383393e-02  -1.1033550e-01   4.7314744e-02  -1.0142392e-01  -2.1370732e-01   2.6479679e-02   5.3256925e-02   2.7641419e-01   4.5867090e-03   1.7697911e-02   7.2095380e-02  -1.7093304e-02  -8.1476294e-02  -1.0638002e-01   1.0457140e-02  -2.0130905e-02
  -2.3144049e-02  -7.3151862e-03  -6.1924847e-02  -4.3638072e-02   3.1075247e-02   2.9978697e-02  -2.7481557e-02   3.4658297e-02   3.5120005e-02   4.0368683e-02   8.7244661e-02   6.2046007e-03   3.9380469e-02   2.3316786e-02   4.2692249e-02  -8.0674161e-03   4.7106138e-02  -2.4758300e-02   2.4397385e-02   1.5551921e-02  -1.9168507e-02  -7.0599623e-02   2.1489070e-03  -7.9135054e-03   3.0389809e-02   1.5566448e-02   1.7887395e-04   2.1180147e-02  -2.2637179e-02   2.8735545e-03   5.0002345e-02   2.8867454e-02   2.4350986e-02   5.6792905e-02
  -3.7351543e-02   2.5857306e-01   3.0118298e-02   1.0745515e-01  -1.0290636e-01   7.5988454e-02   8.0001270e-03   1.1952257e-02  -2.0965607e-01  -2.3138791e-01  -4.2985931e-01   3.0135460e-01  -1.6720086e-01  -1.9871239e-01  -4.2723420e-01   1.9505079e-01   2.3022425e-01  -3.4464101e-02   2.7456767e-01  -1.3442384e-01  -1.8621502e-01  -2.4202220e-01  -1.4194465e-01   9.0913064e-02   3.6944523e-02   5.7698491e-01   3.1664328e-01   1.2286127e-01  -1.6022471e-01   1.4706574e-01   8.7768245e-02  -1.5600284e-01   3.7161777e-02   1.1208586e-01
  -3.4037440e-02   1.6469100e-02  -7.4312343e-02  -3.3558167e-02   5.9088037e-02   3.8857134e-02  -2.8225229e-02   2.5300878e-02  -2.2437370e-02   7.1499629e-02   6.1030584e-02  -4.1349204e-02  -9.7548322e-03   1.5253195e-03   8.5050526e-02   9.7946505e-02   3.0335347e-02   3.9672845e-02   1.5731789e-02   2.7691434e-02  -9.3760821e-02  -6.0505694e-03  -4.0893961e-02  -4.0185279e-02  -2.7514872e-02   6.4050758e-02   1.2369775e-01  -4.1233739e-02  -2.7619791e-03  -1.3162397e-02   4.2023299e-02   3.5730191e-02   8.2949640e-02   7.2852302e-02
   8.8318665e-03  -4.8104294e-02   2.1451620e-02   5.4580165e-02   1.3833680e-02   1.0272446e-02   5.7397813e-02  -4.3026233e-03   4.3837843e-02  -1.0845363e-02  -2.0095793e-02  -6.3383640e-02   3.1654217e-02   4.4742684e-03   1.7749610e-03  -5.0056152e-02  -1.4516407e-01  -7.6382767e-02  -1.0941154e-01  -1.0260394e-02   5.0503872e-02   6.7042998e-02   5.6986313e-02  -7.3843907e-03  -3.3569537e-02  -1.8081782e-03  -6.5985543e-02   3.0196844e-02   5.9930249e-02   3.9662662e-02  -3.6889155e-02   6.2114147e-02  -6.0408365e-02  -5.8697901e-03
  -5.7984876e-02  -1.5160349e-01  -2.9829338e-01   8.5661688e-03   2.1436947e-01   1.1638601e-01   5.6768681e-01  -1.2712936e-01  -7.0490727e-02   2.0288747e-01   3.9750824e-01  -3.6152785e-01   2.9260705e-02  -1.4232840e-02  -1.5889929e-02  -1.9306840e-02  -2.7097352e-01  -1.8448836e-01  -3.1101103e-01  -5.9739397e-02  -1.5258168e-01  -7.3667886e-02  -5.8027225e-01  -2.5271922e-01  -1.2445212e-01   7.6229359e-01  -9.6057024e-03   1.0098228e-01   3.3721074e-03  -2.7134669e-02   3.9679351e-02   2.7282223e-01   7.9401913e-03   1.6597844e-01
  -2.7665238e-01  -2.2152471e-01   9.4435342e-02  -4.6199849e-02  -4.0499279e-01  -1.4098663e-01   7.1739463e-02  -1.1091846e-01  -4.1561449e-01  -2.7766328e-01  -2.0281731e-01   4.4776485e-01  -1.3319390e-01  -3.5498636e-03   1.2266434e-01  -1.6929630e-02   1.5848579e-01   2.8215670e-01   3.1765502e-02  -3.5093415e-01  -1.8418823e-01  -1.5377000e-01  -2.0503926e-01   1.7220447e-01   1.1699955e-01  -3.5627066e-01  -4.0332869e-01  -4.7780182e-02  -3.9858675e-02  -4.8655879e-03  -2.6697785e-01  -4.8984730e-01  -5.5745449e-02  -6.2064436e-01
  -8.2565369e-02  -3.0587780e-02   2.7949822e-02  -2.4793284e-02  -1.1518245e-02  -2.0359699e-02  -8.8425742e-02  -5.1880688e-02  -2.8585809e-01  -3.1130991e-03   1.5776221e-02   1.4223422e-01  -1.7662564e-01  -2.8407213e-02  -1.0555870e-01   2.3369075e-01   2.1706740e-01   1.6088100e-01   1.6255093e-01  -1.7873008e-01  -1.3374983e-01  -8.3650763e-02  -2.0105662e-01  -2.3308975e-02  -2.7322208e-02   7.0690623e-02   1.5690566e-01  -2.8625169e-02   1.7262277e-01  -7.5780035e-02  -7.8176914e-02  -2.5418639e-02   2.2087222e-01  -3.0654036e-02
   4.9133687e-02   1.0718423e-02   8.0149273e-02   2.3542411e-02  -6.2150847e-02  -4.7174776e-02   1.8475676e-02  -3.1529344e-02  -1.4525626e-02  -8.5791988e-02  -8.3445111e-02   6.0034147e-02  -2.0541540e-02  -2.8959394e-03  -1.3292139e-01  -1.0337421e-01  -7.8642042e-03  -3.7141132e-03  -2.3887525e-04  -2.5207357e-02   9.8025034e-02   2.7178874e-02   2.8686779e-03   2.5708320e-02   4.5057837e-03  -5.5766747e-02  -9.3641464e-02   1.2070231e-02   2.0587164e-04  -8.8310972e-03  -3.7684205e-02  -8.1129740e-02  -8.0015212e-02  -8.6469639e-02
