   1.5158751e-01
   2.3379868e-01
  -2.5863437e-01
  -3.5152001e-03
   4.8079152e-02
  -2.9843709e-01
  -2.7881799e-01
   3.4777044e-02
   2.1962364e-01
  -5.3334253e-02
  -1.2612385e-02
  -1.9649471e-02
   7.2215787e-02
   5.3803582e-02
  -4.1086378e-02
   6.3264303e-02
   7.4623166e-02
  -2.2385116e-02
   2.6525454e-01
  -1.7171528e-01
   1.8721600e-01
   1.4195667e-02
  -2.2973603e-02
  -1.5028042e-02
  -2.1613575e-02
  -1.3674612e-01
   9.7029179e-01
  -1.7259480e-01
   1.6702486e-01
   1.1919157e-01
  -1.4687864e-01
   5.8464198e-03
  -8.0615839e-01
  -3.0128428e-01
   1.1484958e-01
  -2.2482977e-02
   5.9357595e-01
  -9.6222472e-02
  -1.2380432e-01
  -2.4188941e-01
  -1.6793503e-03
  -5.3076846e-02
   2.1280564e-02
   8.2663497e-02
   1.0792120e+00
  -1.5660550e-01
   6.1387465e-02
  -2.0913099e-01
   9.4178851e-03
