  -2.1062248e+00  -7.7788635e-01  -2.2160031e-01   7.9023770e-01  -6.8037940e-01  -4.7087880e-01  -4.6130790e-01
   4.0863765e-01   3.0581913e-01  -3.6489653e-01   9.0695544e-03  -2.1059178e-01  -1.0194599e-01   3.3278030e-03
  -7.2643713e-01  -7.8184648e-01   8.7192627e-01  -3.7787510e-01  -3.9727333e-01   1.6483657e-01  -5.1649576e-01
   5.9362467e-01   8.2145545e-01   5.5486820e-01  -4.3991142e-01   8.4365254e-01  -1.3582406e-01   5.3570075e-03
  -1.2254846e-01  -8.5709129e-01   1.3117189e-01  -1.1149660e+00  -3.9570801e-01  -1.3839732e-01   4.5382723e-01
   4.0426162e-02   6.3182677e-01   3.7436381e-01   3.3832350e-01  -3.5618882e-01  -5.1684853e-02   1.8418666e-02
   7.3580998e-01  -6.2072521e-02  -3.0184642e-01  -7.7693032e-01   2.2388809e-02   1.8095365e-01  -3.3623838e-01
   1.1849108e+00  -5.8927833e-01  -3.4768438e-01   1.8962458e-01   4.2464540e-01  -2.7461942e-01  -7.5157293e-02
   3.2111659e-01   1.9334047e-01  -2.7618241e-01  -3.7010789e-01  -1.5930088e-01  -1.3478796e-01   6.1730150e-01
  -1.9116744e-01   6.5254014e-01   1.8875579e-01  -2.4202234e-01   3.8444678e-01   3.7658384e-01  -4.1248959e-01
   2.5746908e-01   1.5186936e-01   3.1400534e-02  -3.3495280e-02  -1.4161327e-01  -3.0754764e-01  -2.7796796e-01
   2.8570342e-01   1.2840004e+00   7.6324452e-02  -2.0480792e+00   8.5145085e-01   1.0559135e-01   5.6397498e-01
   4.1698067e-01   2.1309134e-01   2.5442198e-01   1.9822338e-01  -9.1327029e-02  -1.4503807e-01  -5.3129670e-02
  -5.3971913e-01   6.9223678e-01   5.7641479e-01  -3.4400147e-01   3.7297813e-01  -9.6166710e-02  -5.9816940e-02
  -4.6988259e-01  -3.5775178e-01  -1.3526042e+00  -3.5496868e-01   2.7366457e-01   2.0702013e-01  -7.7140613e-01
  -7.7345837e-01  -5.2390931e-01  -6.0583707e-01   1.1316759e+00  -3.1152675e-01   7.6540606e-01  -5.9584923e-01
  -4.7098619e-01  -4.6359054e-01  -2.1113778e-01  -1.2037956e-01  -7.0058600e-01  -4.1556086e-02  -4.1178422e-02
  -1.2392946e-01  -2.2219230e-01   1.9152879e-01   5.5539740e-02   3.2287092e-02  -1.4760279e-01   5.1700635e-02
   1.0722811e-01   5.5778833e-01  -7.8667186e-01  -3.2443118e-01  -5.2181898e-01  -1.0073484e+00   5.1395337e-01
   7.4991720e-01  -3.2530714e-01   7.6275980e-01   2.2601769e-01   5.0255999e-01   8.2288027e-01  -7.3192748e-02
  -6.4501283e-02  -2.7824364e-01   8.2864699e-02  -1.2049839e-01   8.1270017e-02  -1.2063440e-01   5.5807644e-02
  -5.7658398e-01   4.9938652e-02   5.1462605e-01  -9.2193960e-03   4.3811118e-01   2.9935399e-01   1.5717156e-01
   5.8184426e-01  -1.2394520e-01   1.4669803e-01   6.5907049e-01  -2.8575891e-01   1.2625305e-01   1.4859142e-01
   1.8499811e-01   2.1545882e-01   5.0581369e-02  -3.6667846e-02  -7.0097924e-02  -7.7946212e-02  -1.3658402e-01
   1.4322359e-01   1.1032917e-01  -8.8482820e-02  -6.7225569e-02  -1.1799937e-02   5.1097280e-02   3.7722425e-02
   1.0225811e+00   1.8468800e+00   7.2196164e-02  -3.7464335e-01  -1.1679857e+00  -1.4541902e-01  -6.4780775e-02
  -1.2582852e+00  -1.2380387e+00   1.8469148e+00  -8.4872057e-01   1.3032015e+00  -3.9739155e-01   1.9610242e-01
