   2.0344961e-01   9.0179884e-02  -2.9014132e-01  -1.3453754e-01   2.6579062e-01  -5.4950075e-01  -8.7532092e-02
   3.0193967e-02  -1.9370547e-01  -6.2774687e-01  -3.1094160e-01  -3.8290755e-02  -2.6071318e-01   2.3887155e-01
  -1.9972463e-01  -4.4553982e-01  -1.4587907e-02   9.1256445e-01  -7.5682325e-01   5.9371011e-02  -4.2779380e-02
   4.5352062e-02  -1.9348455e-01   2.9799599e-01   2.3661632e-01   1.5199886e-02  -1.7441366e-01  -3.9359758e-02
  -4.8903004e-01   4.9853846e-01  -3.0528464e-01   6.6357698e-01   3.9833407e-01  -8.7613679e-01   2.6490991e-01
  -4.5137590e-01   4.0042655e-01   1.2286836e-01  -1.5903917e-01  -1.2282617e-01   2.2447619e-01  -4.0905297e-01
   2.9247337e-01  -6.9898455e-01   1.2191581e-01  -1.1482055e-01  -1.0328140e-01   7.2282589e-03  -1.4076858e-01
  -3.9784245e-02  -8.0723179e-02   7.1905458e-02  -3.4699710e-01   3.0416621e-01   2.0039187e-01  -3.6069469e-01
   5.7643956e-01  -7.1038355e-01   1.6291835e-01   6.6466475e-01   1.3803334e-03  -1.9036466e-01   1.4779882e-01
  -4.7111592e-01   3.7539550e-01  -6.1306989e-02  -2.1037927e-01   6.5185381e-02  -1.7338833e-01  -1.2516121e-01
  -6.7248265e-01   1.4951204e-02  -2.6206155e-01  -1.7866167e-01  -1.9605344e-01   2.4047757e-01   6.1865652e-01
  -7.3362135e-02   8.1039325e-02   1.6724833e-01  -1.5825399e-01   3.8151760e-02   4.7028676e-02  -1.2116961e-01
  -3.7541927e-01   1.6014319e-01  -6.6021300e-01   4.7728910e-01   5.1650993e-01  -2.4240058e-01   2.6440716e-01
  -9.3469330e-01   5.3443440e-01  -1.1627107e-01  -2.5381696e-01  -1.0602696e-01  -4.3571852e-01  -6.1268425e-01
  -1.6828614e-01  -2.3982045e-01  -2.7662413e-01  -4.8897946e-01  -7.7900316e-02   4.9935067e-02  -8.8561875e-02
  -4.9692136e-01   2.9515645e-01  -4.2718531e-01   1.7492034e-01  -1.0202181e-02  -9.3194037e-02   3.1896910e-01
   3.1559759e-01  -1.2354282e-01  -1.1248088e-01  -4.2822237e-02  -1.2541101e-01  -1.2185553e-02   3.6122640e-01
   4.2828484e-01  -3.1859050e-01  -1.3155344e-01   1.6869262e-01   6.5245453e-03  -4.4413054e-01  -7.5331983e-02
  -1.2562643e-01   3.3749600e-01  -5.1273657e-02  -9.4993222e-02   1.4771830e-01  -1.2814145e-01   2.9521309e-02
   4.0994419e-01  -4.1644888e-01   1.6775371e-01  -5.4928323e-01  -5.5520513e-03  -5.0573460e-01   2.2458238e-01
  -5.6498769e-01   3.1353184e-02  -9.7786438e-02  -2.3275979e-01  -1.6737564e-01   1.7257363e-01   4.6210944e-01
  -1.7254995e-01   3.3769500e-01   1.7614444e-01  -3.1997273e-02  -4.0063204e-01   3.2360559e-02   6.2155559e-01
  -4.6263975e-01   3.0938120e-01   7.0308318e-02   8.2225981e-01   3.2207306e-01  -1.4714479e-01   1.8303149e-01
   3.1067668e-01  -2.4881060e-01   7.6263672e-02  -1.3467034e-01  -6.7117601e-01   3.7681178e-01  -7.2156482e-02
   2.7995215e-01  -3.0766697e-01   5.1706612e-01  -7.2303221e-01  -1.3802063e-01  -2.0621340e-01   5.8631737e-01
  -3.0311625e-01   9.8717428e-02  -4.5624243e-01  -5.1774127e-02   1.9378191e-01   9.3151614e-02   2.4634546e-02
   1.1196986e-01   1.0791946e-01  -1.6867701e-01  -1.3181566e-01  -3.8222869e-02   1.6040361e-01  -8.6120017e-01
   8.5597740e-02  -9.1728087e-02   2.8719393e-01  -2.1591297e-02  -2.0754078e-01   1.4102257e-01   5.7181266e-01
  -6.8005232e-01   5.4794441e-02  -3.9131703e-01   3.4060577e-02   1.4803982e-01   2.0146632e-01   9.8356131e-02
   3.8352190e-01  -3.7845220e-01   4.9367884e-01  -3.1587832e-01  -2.0706298e-02  -1.2462130e-01   1.8750515e-01
   2.1149634e-01   3.8137424e-02   4.9294349e-01   2.7338455e-01  -1.2717992e-01  -2.6264388e-01   7.1672328e-01
  -2.1023583e-01  -1.2181238e-01   3.7974390e-01   2.7780871e-01   2.2204454e-01  -4.4594356e-02  -1.6038117e-01
