  -4.8539971e-02   3.5560049e-01  -8.6681056e-02   4.1490499e-02   1.7639959e-01   2.0619852e-01   7.1540665e-03
  -1.3087244e-01  -9.6130469e-02  -7.4580883e-02   1.4951748e-01   9.1160043e-03   2.9926285e-02  -6.8494551e-02
  -8.3832810e-03  -4.7739959e-02  -5.7283889e-03  -6.4143508e-02   1.5692912e-01   1.2284050e-01   4.7515070e-02
  -2.1174373e-02  -2.6146446e-02  -3.1206050e-03   4.6561580e-02   2.2582046e-01   4.3740948e-02   1.1342625e-01
  -4.4109972e-02   4.1562861e-02  -9.0085317e-02  -9.3763834e-02  -1.9007221e-01   8.2539440e-02  -5.3223896e-02
  -3.2838578e-01   7.8466307e-01   3.4018853e-02  -1.1473035e+00   6.3899077e-02   3.0670337e-01   7.3126409e-02
  -5.0399892e-01   2.0681572e-01   3.9650906e-02  -2.9645573e-02  -1.9625355e-02   2.2132476e-01   1.6519271e-01
   3.9717515e-01  -2.7379356e-03   1.8965563e-01  -1.9166055e-01   4.3900883e-02  -3.4166503e-02  -6.3631001e-02
  -2.5838206e-01   9.9369866e-02   4.8939591e-02  -7.6120167e-04   1.7432960e-01  -4.2833158e-02   7.5704809e-02
   7.6498634e-01  -7.5347787e-01  -8.3029768e-01  -2.6973356e-03  -3.6828779e-02  -4.5305482e-03  -1.6575081e-01
   1.8714932e-01  -1.9494175e-01   3.1581507e-01   1.0111280e+00  -2.7092483e-01   2.2052012e-01   1.2718300e-01
  -1.2878317e-01   1.9375606e-02  -2.1291213e-01   8.6586548e-02  -1.9477295e-02   2.7774313e-01   1.6040148e-01
  -1.0477126e-01   3.1830305e-01   1.0855786e-01   9.9895160e-02  -5.5111293e-02  -2.6132487e-01   1.0888057e-01
  -1.1197325e-01  -1.0452113e-01  -1.9945568e+00  -6.9192566e-01  -2.2821528e-01  -1.6797679e-01  -2.7742428e-01
  -2.7805216e-02   1.2801208e-01   1.0122017e-01   3.6516838e-02   4.1994530e-02  -1.0665462e-01   1.1708537e-02
  -9.6422697e-02   4.4436600e-01  -4.1096634e-01  -4.9619963e-01   6.6206653e-01  -9.5643124e-01  -1.0575497e-01
  -5.1456126e-02  -1.3485394e-01  -1.2102981e-01   1.1572117e-01   6.1791917e-02   1.4660465e-01  -1.5191357e-01
   1.0367584e-04   9.5153475e-02  -2.3057897e-02  -4.5020146e-03   3.0980436e-01   2.0102409e-01  -2.2011780e-01
  -1.2439250e-01  -7.8944312e-02  -4.1445995e-02   1.5096396e-01   4.4684467e-02   6.2913109e-02   1.5576508e-01
  -1.9503545e-01  -1.0842832e-01  -1.0969689e+00   2.5985074e-01  -1.1466469e+00   9.5648852e-02  -2.8263478e-01
   5.2483901e-01  -1.0158338e+00  -6.1861910e-01   6.6892684e-01  -5.8283183e-01  -5.2477307e-01  -5.0255903e-01
   2.1184383e-02  -3.2903819e-01   6.9464849e-01   5.8037175e-02  -1.7079326e-01   7.3218490e-03  -3.1586843e-01
   2.7643689e-02   4.6302519e-02   4.5234515e-02   5.9393428e-02   1.7940882e-01  -3.2577963e-02   3.5251042e-02
  -3.2688567e-03  -9.7309839e-02  -1.0151942e-01   1.0563494e-01   2.3685475e-06   1.5595076e-01  -1.1737216e-01
   4.9535844e-01   7.7181119e-01   1.0106510e+00  -3.4391930e-01   1.9333915e+00  -4.5702076e-01   5.2323866e-01
   6.5329094e-02   2.1129944e-01   1.4223460e-01  -1.8284020e-01  -1.0925157e-01  -1.0230531e-01   7.1408779e-02
   1.5777784e-01  -3.3002324e-01   4.7676579e-02   4.8432457e-01  -2.0494795e-01  -7.1802921e-02   4.5360387e-02
  -2.1693713e-01   1.3656172e-01  -3.4481935e-01   1.1259952e-02  -9.4048480e-02   3.0084744e-01  -3.5653778e-02
  -9.7358263e-02   2.5547403e-01  -3.9348201e-01  -4.5826589e-02   9.2421088e-02  -1.4866105e-02   6.4190104e-02
  -3.9509814e-01  -1.1525528e-03  -9.2153734e-02  -3.5738526e-01   1.9818413e-01  -3.2500188e-02   8.5408883e-02
  -2.0112636e-01   2.1395078e-01   1.2890011e-02  -5.7649811e-02   2.8366395e-01   1.7369000e-01  -1.7169786e-01
   3.1507233e-01   6.1452368e-01  -1.2979596e+00   4.5404071e-01   7.4709786e-01   2.5315955e-01  -1.2986684e-01
   1.8131040e-01   1.9814565e-01   5.8838989e-02   1.0164451e-01  -3.2068918e-01  -1.6140615e-01  -8.3243838e-03
