  -2.6416320e-02  -3.5963179e-02  -5.5258698e-02   6.6326302e-02  -1.6435242e-01  -1.6645155e-01   1.1888890e-01
   4.5376251e-01   2.0325628e-01  -1.4238075e-01   3.6950526e-01   8.5235911e-02   5.2444286e-01  -2.9020631e-01
   8.4366884e-03   8.7866093e-03   2.8708628e-01   6.7447463e-02  -2.1582559e-02   7.5562493e-02   2.0319771e-01
   1.0464095e-01   7.3092363e-02   4.9038185e-02   7.7926066e-02   3.8580763e-02  -1.8553583e-01   1.4070885e-01
   1.6818788e-02  -3.2372415e-01   2.9374522e-02  -7.8666624e-03   1.3043543e-01   2.1135245e-01  -8.4094691e-02
   1.8505259e-01  -3.9532749e-01   4.8452244e-02  -2.0128431e-01  -7.2994699e-02  -1.3689038e-01   2.5928243e-01
  -7.6097630e-02  -1.3495779e-01   3.4507175e-01  -1.9916908e-01   3.6165988e-01  -3.6296926e-01   1.9018996e-01
   1.4341547e+00  -7.0670194e-01   6.8939402e-02   3.4264782e-02   7.5430582e-01  -6.4335448e-01  -3.8510675e-01
  -3.2640636e-01  -3.2325460e-01   1.5103635e-01   4.9691229e-01  -6.7780687e-01   9.2608394e-02   2.8281631e-02
   1.8319234e-01  -1.7679789e-01   7.2983280e-02   5.0092580e-02   1.4938044e-01  -1.7236869e-02  -1.0847056e-01
  -2.2196854e-02  -9.2729227e-02   1.5887107e-01   1.0307008e-01  -2.2338362e-01  -2.5059513e-02   7.3858776e-02
   9.5987815e-03   1.3172976e-01  -8.8184434e-02   1.9219553e-01   2.8214968e-01  -1.5346835e-01  -4.3788832e-01
   3.6279565e-02   5.5292219e-01   5.1004105e-02   2.7255203e-02  -1.7775662e-01  -2.3060131e-01  -5.0236883e-02
   1.0542460e-01   2.3867881e-01   4.7644686e-02   3.0942536e-01   2.9698101e-01  -5.4119285e-04  -2.8168909e-01
  -6.0617924e-01  -2.5789787e-01   1.0882957e-01  -3.7697306e-01  -1.1139110e-01  -4.3973154e-01   1.5560021e-01
   2.0312585e-01   2.6317392e-01  -1.5157872e-01  -3.7452485e-01   6.4944672e-01  -3.0335760e-02   8.0364575e-02
  -1.2725742e-01  -4.0493395e-01   2.1936890e-01  -8.4800109e-02   3.8643645e-02  -1.3802155e-01   2.9466157e-01
  -8.5296233e-01  -1.0272228e+00   5.0856602e-02   7.5226116e-01  -5.9941257e-01   6.4722286e-01  -6.2939311e-01
   1.9227454e-01  -1.6461609e-01   1.3946247e-01   8.4399893e-03  -2.4643077e-02   1.3072260e-02  -7.5395642e-02
   1.0766612e-01  -4.2631859e-02   8.4371215e-02  -1.9776817e-03  -1.4917317e-01   7.3214918e-02  -6.0670589e-02
  -1.0401384e-01  -2.0135615e-01   9.2327203e-02  -9.4917988e-02  -1.0026309e-01   3.2009598e-01  -9.9844187e-02
  -1.8858467e-02  -2.1009893e-01   3.6388729e-01  -1.4514928e-02  -2.1117812e-01  -4.8367837e-02  -5.3784601e-02
  -7.1230427e-02  -6.3102640e-01  -7.2038235e-03   4.6471070e-01  -4.6085380e-01   1.6882553e-01  -4.2193572e-01
  -2.7760150e-01  -2.5079656e-01  -2.3565655e-01  -1.0037989e-01   3.0284981e-02   2.0599353e-02   1.1586267e-01
  -3.1711819e-01   1.7922029e-02  -7.9238490e-02  -2.0089749e-01  -1.5290691e-02  -8.6111432e-02   1.5802930e-01
  -1.9027036e-01  -9.7609616e-02  -4.8037509e-01   5.2053341e-01  -7.7060421e-01   5.4657638e-01   1.3496144e-01
   3.7512036e-01   1.6713690e-01  -2.1339189e-01  -4.2627163e-01   5.7707726e-01  -4.2883111e-01   2.0570763e-01
  -6.8460310e-05  -2.7651340e-01   1.2779389e-02  -3.1304754e-02   9.8009388e-02   4.9711448e-02  -4.7353297e-02
   1.5210027e-02  -3.7151500e-02  -2.2870304e-02  -1.3492856e-01   2.2309009e-01  -6.8166188e-02   5.5025073e-02
   3.2707149e-01   2.0814531e-01   1.1674797e-01   1.3756668e-01   2.0555788e-02  -3.1721468e-02  -6.1782843e-02
   1.2378557e-01  -2.3877239e-01   7.2598924e-02   1.4509437e-01  -2.7488019e-01   3.1030114e-02   1.2216372e-03
  -1.7509708e-01   2.2472365e-01  -1.0930025e-01  -3.5274185e-03   4.7343847e-03  -8.0479466e-02  -1.8689392e-01
   3.2873666e-01  -8.6297791e-02  -6.5851179e-02   1.5659160e-01   7.2667383e-03   1.3941635e-02  -2.4630579e-01
  -1.4153820e-02   6.4277462e-02  -1.2422950e-01   7.7817627e-03   2.8051829e-01  -1.6923730e-01  -1.3011417e-01
   1.0222049e-01  -7.9005089e-03   4.4081783e-02   1.6815162e-01  -6.5357252e-02   1.8458901e-01  -5.1098016e-02
   8.1132401e-02   5.6032808e-02   1.7560483e-01   1.4552814e-01  -1.6625386e-01   2.5268608e-01  -4.7794001e-01
  -3.5434830e-02   3.6057138e-01  -7.5357609e-02   3.5177384e-02  -9.5569299e-02  -1.1073455e-01   1.1284819e-02
  -1.2874153e-01   1.2183542e-01   9.8846860e-02   4.2021372e-01  -5.0291472e-01   3.5799547e-01   1.6045574e-01
  -6.2642539e-02   1.0304970e-01  -1.9261252e-01  -1.4335225e-01   2.4768662e-01  -9.7461407e-03  -4.3948882e-02
   2.3257298e-01   9.1022666e-02   1.7872995e-01   1.9207395e-01  -1.1233254e-01  -4.8647500e-02  -8.4410918e-02
  -7.6864729e-04   1.5729127e-01  -5.1990000e-02   7.3811790e-02   9.1706090e-02  -3.0284718e-01   8.3613881e-02
   1.0988641e-01  -1.4410048e-01  -6.8946279e-02   1.4996610e-01  -2.1369370e-01   7.6441180e-02  -3.0409323e-02
