   9.9042813e-03  -4.8541709e-02  -6.2448948e-03  -4.3220815e-02   3.6229853e-03  -4.7392894e-02   2.1382183e-02  -5.0646014e-03   3.0015347e-02   3.0563265e-02  -1.4403520e-02   5.9468032e-03   3.3283875e-02  -3.0660732e-02  -7.2725285e-03  -3.6826654e-02  -2.1252247e-02   1.7863609e-02  -2.7438705e-02  -1.2976662e-02   1.8972663e-02  -1.0172058e-02   6.5624273e-03  -5.2890757e-03  -5.1761209e-02   3.5294137e-03  -4.1210648e-02   3.8760755e-02   6.8649042e-05   3.1643235e-02   1.8966950e-02   1.8455850e-02   2.7429757e-02   2.7620977e-02
  -4.7381177e-02   8.8486445e-02  -7.8572605e-03   3.0404503e-02  -5.9527199e-02   1.8091871e-01  -2.6046422e-03  -5.2668201e-02   1.3143930e-01  -1.5614302e-01  -5.8283558e-02   2.7902481e-02   4.8585730e-03   7.2960441e-02  -6.1658809e-02  -6.7503589e-02   1.6060910e-03  -1.4019926e-02  -7.1679167e-02  -2.6599246e-02   4.1236846e-03   6.9614574e-02   8.2270306e-03   1.4977453e-01  -4.0235090e-02   5.1962641e-02   7.9779700e-02   1.6207882e-02  -2.2935312e-02  -1.0496285e-01   2.1573634e-02  -4.2769612e-03   5.7811031e-02   1.4285888e-02
  -5.0906886e-02  -4.3083562e-02  -3.1791025e-02  -9.5998563e-02  -4.2582199e-02  -2.1493321e-02   7.7939954e-03   7.7315839e-02  -1.1818342e-01   1.5027837e-01  -2.2575716e-02  -5.3442184e-03  -1.2443231e-01   6.5993627e-02   4.1900997e-03  -4.3255384e-02  -2.3450477e-02   5.1426407e-02  -4.3026879e-02  -2.2274128e-02  -2.8303192e-02  -6.2546503e-02  -1.3067955e-02  -5.1448865e-02   8.6065555e-02   4.6825974e-02  -4.9574090e-03  -3.5157801e-02   1.8527083e-02  -1.3198088e-02   2.3786428e-02   2.1499646e-03  -1.7756735e-02   4.0047490e-02
  -1.3879738e-02   3.8365303e-02  -4.0209281e-02   2.7413389e-02  -1.1236669e-01   5.1610284e-02  -8.6993774e-02  -2.7853921e-02   2.4690191e-01  -8.7606319e-02   4.7222560e-02   2.2888487e-02  -3.7883766e-01  -8.5681598e-02  -3.8933407e-01   4.9657417e-02  -2.3428063e-01  -3.2241255e-02   2.8719020e-02   2.6998335e-01   3.0807501e-01   2.4923073e-03   1.7018271e-01   1.9547105e-01  -2.2961075e-01  -1.2820060e-01   1.0337504e-01  -2.4946023e-01   1.2696795e-01   2.1441394e-01   1.9632151e-02   2.2488394e-01   2.1969446e-01   6.7680097e-02
   1.9253815e-01  -5.3567265e-01   3.2340138e-01  -1.6670479e-01   2.4445268e-01   3.4575339e-01  -3.5459554e-01   5.7834313e-01  -3.3988282e-01   3.9671479e-01  -5.1661688e-02   1.8340678e-02  -1.4674624e-01   5.5658590e-02  -6.8437442e-02  -5.1647141e-01  -2.0282133e-01   3.3711764e-02  -2.9204658e-01  -4.1864645e-01  -1.2977729e-01  -2.4923523e-01  -6.5717598e-02   1.0156447e-01  -1.5745853e-01   7.4058930e-01  -1.7315782e-02   6.1405332e-02  -4.9983013e-02  -3.2847540e-01   3.2870975e-01  -4.5114169e-01  -1.2576527e-01   6.4295293e-03
  -6.3078004e-01   4.0982043e-01  -3.8348511e-02   9.1958213e-03  -2.9472475e-01   5.4461680e-01   1.6453631e-01   3.1471468e-01  -3.3503116e-01  -3.2378265e-01  -2.1851306e-01  -2.1570397e-01  -6.9831236e-02   9.1365926e-02  -5.0402765e-02   6.8432559e-02   3.2395589e-01  -2.9197781e-01  -2.6041970e-01   2.2719139e-01  -5.4678862e-02   9.1897523e-02  -1.7640790e-01   6.6940716e-02  -4.0615751e-02  -1.0284026e-01   3.9066450e-01  -1.4663607e-01   7.0200720e-02   3.7709193e-01   6.3881600e-02  -1.4675148e-01  -2.1928850e-01  -1.3231091e-01
  -5.2146168e-02  -2.7800067e-01   7.4683480e-02   5.8894262e-02  -2.6132837e-02  -1.3842919e-01   1.2831191e-01  -1.7050842e-01   7.2798457e-01   1.4045977e-01   2.0496427e-01  -1.4972611e-01   1.7709403e-01  -1.2877249e-01  -8.0439565e-02   1.6338818e-01  -1.6888463e-01   1.8685266e-01   1.0381023e-01   9.7158508e-02   3.7873595e-01  -4.7159985e-02   3.2341329e-01   9.3143878e-02   5.0132192e-01  -2.6869535e-01  -2.4625633e-01  -3.2293907e-01   5.2600780e-01   1.2992609e-01  -2.9713550e-02   4.7472678e-01   4.4308522e-01   5.0893511e-01
  -4.2059404e-03   2.4811862e-01  -2.8956554e-01  -6.7504655e-02  -6.0705057e-02  -4.0878854e-01   7.4807234e-02  -1.8991941e-01   1.2722564e-01  -3.2422220e-01  -2.0524493e-01   1.0400280e-01  -4.1184294e-02  -8.2608755e-02  -5.5761109e-01   2.9953632e-02  -2.0397084e-02   6.4091008e-02  -3.7137194e-01   2.4415557e-01   1.8171428e-01   1.6288326e-02  -1.2394405e-01   7.3071227e-02   8.5675339e-02   1.8887181e-02   2.2047920e-01  -3.9449323e-01   1.2658889e-01   9.8947925e-02   8.0666149e-02  -3.4619899e-02  -1.2643826e-01   6.4972379e-02
   6.0044142e-02   3.7651549e-02   4.2947846e-02  -1.9422057e-01   9.3784995e-02   3.6605788e-01  -1.0560921e-02   2.2673813e-01  -4.3405252e-02   1.6072794e-01  -5.2025705e-02   8.9666081e-02  -1.8071659e-01   1.4423555e-02   1.3388429e-01  -3.7800639e-03  -9.1619785e-03   2.4465083e-02   2.9375407e-02  -7.3395810e-02  -1.6252324e-01   6.8065047e-02  -2.8885990e-02  -1.3150130e-01  -7.9106577e-02   2.3873176e-01   6.7834600e-02  -7.7518040e-02  -6.1566812e-02  -6.2387301e-02   1.2172204e-02   4.9586128e-02   1.5144833e-01   7.0113396e-02
   1.2819168e-01  -1.6315411e-01   1.3588899e-01  -1.0641770e-01   6.5706916e-02  -8.9442413e-02  -5.2225162e-02   1.1105094e-01   6.8174195e-02   1.2512936e-01  -5.5268016e-02   1.4973872e-01   4.6331485e-02   3.6708520e-02   2.7236980e-02  -6.9844684e-02   2.0428233e-02   1.0145587e-01  -2.6670363e-02   5.5651558e-02   8.6638038e-02  -7.1375693e-02   1.7126175e-02   3.1943183e-02  -8.7572279e-02   1.6267888e-01  -4.3208841e-02   6.3897131e-02  -1.0854612e-01  -4.0451033e-02   7.1405548e-02  -2.4745036e-02   7.4476621e-02   4.5803383e-03
  -1.6852267e-01  -3.2856119e-01   1.5920231e-01  -1.5458057e-02   8.5703968e-03   1.2854724e-02  -1.0794107e-01   6.7634234e-02  -6.2905434e-02   1.7016977e-01   1.0265719e-01  -7.3246368e-02   9.3539067e-02  -2.0142538e-01   1.7897424e-01  -1.2648406e-01  -1.2043699e-01  -2.0217546e-02  -1.1214488e-01  -2.5353950e-01   2.1990569e-02  -4.3042062e-03   5.6051717e-02  -6.4263711e-02  -9.0185053e-02   5.8534699e-02  -2.2298794e-01   2.7357873e-01   4.2380091e-03   1.5604340e-01   7.4121030e-02  -1.1161373e-02   2.1944130e-02   2.6156435e-02
  -9.5860914e-03  -6.2315169e-02  -7.8723916e-03  -4.6375669e-02  -1.4620946e-02  -9.0117264e-02   4.9868214e-02   3.2941574e-03   5.3684946e-02   5.0841228e-02  -1.1817452e-02   3.1920150e-02   9.3583861e-03  -2.6741944e-03  -1.2812576e-02  -3.0770252e-02  -1.8151563e-02   3.6326469e-02  -4.0486288e-02  -7.1462057e-04   3.5716413e-02  -1.5140967e-02   2.1356663e-02  -4.1535447e-03  -2.4946808e-02  -1.8121321e-02  -3.7964291e-02   7.3250677e-03   2.1018125e-02   3.3301998e-02   1.6399025e-03   4.6183007e-02   3.2696680e-02   4.1640789e-02
   1.6244120e-01   2.2744947e-01  -5.3145784e-02   1.8768765e-01   4.1565833e-01   3.6031453e-02  -4.8341399e-01   1.6249289e-01   1.2270576e-01  -2.7512737e-01   3.9278284e-03  -1.6373616e-01   2.2018589e-01  -1.3532404e-01  -2.4860854e-01  -1.0756021e-01   5.7983861e-02   2.2505860e-01   7.7553704e-02   1.9712183e-01   2.0025012e-01   2.3525679e-02   7.4986084e-02   4.2173943e-01   7.9652789e-01   1.4799814e-01  -1.4853812e-01  -3.5412591e-01   4.7505689e-01  -5.2243835e-01   3.0523088e-01   1.5183776e-01   1.4346699e-01   3.7074949e-01
  -1.0553708e-02   5.8644190e-02   1.8886943e-02   4.7513669e-02  -5.9793974e-04   6.2013336e-02  -1.9507362e-02   5.7877930e-03  -3.1192659e-02  -3.3423147e-02   9.1573280e-03   5.8731757e-03  -3.8533978e-02   4.2956745e-02   1.5077544e-02   3.2993133e-02   3.4356641e-02  -9.9336383e-03   3.2725342e-02   2.3656870e-02  -2.7784917e-02  -4.4920962e-04  -9.1914891e-04   8.1978817e-03   6.4007167e-02   1.2971778e-03   4.3342886e-02  -5.9308123e-02  -3.3918558e-04  -4.7636606e-02  -2.8680718e-02  -1.2289579e-02  -2.9475297e-02  -2.5680882e-02
  -1.6351915e-03   1.0053510e-03  -1.0023880e-02   9.4952263e-03  -2.7166168e-03  -7.3745236e-04  -4.4219073e-03   2.3208298e-03  -6.5949981e-03   5.2092887e-03   1.1482218e-02  -1.3555665e-02  -1.6055789e-02   5.0985879e-03  -7.2926590e-03   1.1892048e-02  -1.0250062e-02   6.6361652e-03   2.4745617e-03  -9.8257194e-04  -8.9446942e-03   1.5977411e-02   4.2860756e-03  -4.8629396e-03   1.8876574e-02  -2.2144952e-02   9.8663199e-04  -6.9561994e-03   1.1701442e-02  -5.4497448e-04  -5.8467934e-03   2.7071549e-03   7.0801462e-03   3.9535255e-03
   8.0890026e-02   1.0147797e-02   1.9228264e-01   3.2473749e-01   6.2644382e-03  -6.3620972e-02   1.9838068e-01  -4.0309234e-01   1.5946846e-01  -4.1208537e-01   1.2780559e-01  -1.1384586e-01   3.0820614e-01  -6.0082348e-02   1.7293741e-01   1.4182428e-01   1.5879562e-01  -2.0604470e-01   6.8550067e-02   2.1210089e-01   5.0284130e-02   8.7571487e-02  -2.4826485e-01  -1.1574630e-01  -9.1617976e-02   3.9299281e-02  -8.3223158e-02  -2.8789364e-02  -1.9022396e-01  -1.0712170e-01  -1.5264306e-01  -1.5077211e-01   4.2476238e-02  -9.1085888e-02
   2.8730594e-01   7.1301012e-02   1.7537237e-01   3.0871956e-01   1.0118314e-01   1.4610724e-01   1.1009674e-01   9.8645099e-04  -1.9581456e-01  -2.8705839e-02   2.8645523e-01  -1.2775733e-01  -2.7297659e-01  -4.5638674e-02   5.2380491e-02   2.3822639e-01  -2.4035608e-01  -2.4352983e-01   7.4965125e-02  -4.3789846e-02  -3.3881693e-01   1.6306317e-01   1.2192045e-01  -3.1933691e-01  -4.3490373e-01   7.9799680e-02   5.0077852e-02  -6.0018643e-02  -3.2270843e-01  -4.7157872e-01  -1.0438067e-01   2.7514160e-02   6.4605790e-02  -2.1232023e-01
  -4.7803301e-02   3.9748575e-02   1.0885230e-01   7.5034495e-03  -3.3949059e-02  -1.2656446e-01   8.2666544e-02  -3.1252933e-02   7.1674127e-02  -1.7316153e-02  -2.7727381e-02   1.1481820e-01  -4.9349529e-03   1.8771425e-02   7.9342957e-02   2.9323569e-02   9.9149033e-02  -1.2641185e-02   3.5342230e-02   5.8978434e-02  -1.5235128e-02  -5.0494536e-02  -6.5474735e-03  -8.1821625e-02  -6.2641648e-02  -9.0925619e-02   1.4767216e-02  -5.4982718e-02  -1.4936161e-02   6.4750308e-02  -1.1958754e-01   7.6254969e-02   1.2677893e-03  -1.1133195e-02
   1.5139280e-02  -2.3943316e-01   3.9324600e-02  -1.2818324e-01   7.1847315e-02   2.5411155e-01  -1.2941897e-02   1.8471538e-01  -8.3872881e-02   1.4021842e-01   1.3649193e-02  -3.9776941e-02  -7.0576332e-02  -9.2486533e-02   9.7638213e-02  -4.6819235e-02  -5.7384204e-02  -2.9707961e-02  -3.9408001e-02  -2.6307834e-01  -1.4350214e-01   2.9263611e-02   9.8492060e-02   1.3707942e-01  -1.2677761e-01   3.5618470e-01  -1.2152616e-01   1.8037297e-01  -4.3820624e-03  -1.9347082e-02   1.4176057e-01  -6.5946911e-02   5.5755166e-02   8.0259880e-02
  -5.9495076e-01  -2.0956025e-01   1.6217647e-01   3.1669173e-01  -1.7244124e-01   1.9085682e-01   3.9828776e-01  -6.1830676e-01   1.8378941e-01  -2.1257064e-01   1.6804807e-01   3.2476904e-01   6.6550853e-03  -2.4923232e-01   2.8125991e-01   2.6823375e-01  -6.3003529e-02   2.9802805e-02  -1.0979721e-02   1.1787786e-01   2.3654093e-01   1.8786510e-02   3.9511774e-01  -1.0184793e-01  -1.2982044e-01  -1.0457340e-01  -3.9918325e-02   6.2963515e-02   7.6455258e-02   2.0198969e-01  -4.7016555e-01   2.1309159e-01   2.4862204e-01  -7.0818989e-02
  -7.2866157e-02   2.1758231e-01  -8.7816635e-02  -5.2815389e-04   7.9889971e-02   2.0184360e-01  -1.5608195e-01   1.4602380e-01  -1.6167683e-01   3.8403992e-02  -1.5061104e-02   8.4922573e-04  -1.5691963e-01  -2.9669185e-03   6.5678008e-02   1.5925776e-01   1.3893596e-01  -6.9641876e-02   1.3344302e-01  -5.0258444e-02   2.9823776e-02   2.1656386e-03  -7.8964628e-02  -7.3432653e-02   1.7459913e-01  -6.2052091e-02   1.7346674e-01  -4.3945675e-02   1.2258513e-02  -6.0101753e-03   3.7463140e-02  -3.4616073e-02  -1.0370831e-01  -1.4764373e-01
   2.4111906e-02  -1.8636883e-02   1.1527130e-02   3.0925358e-02   2.1649576e-02  -1.3297071e-01   3.8101864e-02   2.4386298e-02   9.8677900e-02  -5.3598779e-02   8.1560939e-03  -3.5264287e-02   3.1770275e-02  -3.6100761e-02  -5.5397460e-02   3.8611035e-02   6.3600722e-03  -5.3924086e-02  -3.5787931e-03   3.7372670e-02   7.6689831e-02   5.7461964e-02  -3.8302841e-02   6.2326570e-02   2.8899286e-02  -7.5411192e-03   2.9119725e-03  -5.2813363e-02   7.0893584e-02   2.3278097e-02   1.1879350e-02   4.6713863e-02   6.1470639e-02   4.5369594e-02
  -1.4967624e-01   3.4762020e-02   1.8615309e-01   2.1054964e-01  -2.6807558e-01  -4.3900747e-02   1.7560330e-01  -2.3336471e-01   1.7882112e-01  -1.0303921e-01  -7.3485901e-04   6.2012081e-02  -2.7630784e-01   4.2893249e-01  -6.0854134e-02  -1.9648086e-04   3.8400742e-02   1.2032713e-01  -1.3847644e-01  -1.7319412e-01  -3.1039466e-01  -6.4728318e-02   1.7152458e-01   3.3580331e-02  -3.1570447e-02  -1.5424749e-01  -1.7604129e-02  -8.8613637e-02   3.8388606e-02  -5.8970500e-01  -8.5081995e-02   2.3634142e-01   2.5946463e-01   1.9276436e-01
  -9.4028997e-03   1.1816880e-01  -5.7056547e-02   1.2306609e-01  -3.9191955e-03  -3.4943194e-02  -4.1824859e-02  -6.5217929e-02  -1.0126952e-02  -1.3287375e-01   6.8262663e-02  -1.3821270e-02  -2.8626461e-02   1.9120850e-02  -1.0314351e-02   1.0881698e-01   2.9163781e-02  -5.2242888e-02   8.0624582e-02   7.7107694e-02   1.6453104e-02   2.3523805e-02  -4.0410292e-02  -5.6684159e-02   1.0796402e-01  -1.3644722e-01   5.7586683e-02  -1.0632071e-01   2.3413073e-02  -2.0829957e-02  -5.3772269e-02   2.5154447e-03  -6.6392303e-02  -1.7321958e-02
  -1.0991031e-01   1.3284851e-01  -9.0270735e-02  -4.4266322e-02   2.5653084e-02   1.2530590e-01  -2.2809869e-01   1.4988407e-01  -1.1500173e-01   8.3223195e-02  -3.3541100e-02   6.4422917e-02  -2.1999006e-01   4.8203171e-02   1.1202507e-02   1.0612595e-01   5.5336494e-02  -3.2519025e-02   5.7155245e-02  -1.2758357e-01  -2.2965044e-02  -2.4309398e-02  -2.9670255e-02   2.5657728e-03   1.3647515e-01   2.4114087e-02   1.5843888e-01  -2.8735952e-02   1.7288644e-02  -3.2816345e-02   1.3744336e-01  -3.5650475e-02  -4.5141060e-02  -9.7153203e-02
  -1.4403633e-01   2.2954527e-01  -3.6168180e-01  -5.6399130e-01   1.5819893e-01   1.1728723e-01  -1.1080940e-01   3.9948288e-01   1.4002409e-01   3.5883195e-01  -2.7169942e-01   5.1939324e-02  -5.7771944e-02   4.3268072e-01   2.1957014e-01  -1.7156299e-01   2.8517514e-01  -1.2953423e-02   2.7236467e-01   5.6215980e-02   2.5028933e-02  -2.5827005e-01  -3.0513982e-01  -1.1150007e-01   1.2465053e-01  -1.1291643e-01   1.9686139e-01   4.1336446e-01  -2.4165947e-01  -2.4758169e-01   2.5685819e-01  -2.6461836e-01  -2.6246334e-01  -4.4279272e-01
   3.6590278e-03  -9.0799863e-03   3.8850571e-03  -1.0882791e-02   2.1310996e-03  -4.1159398e-03   3.5877469e-03   7.7948358e-04   3.3178936e-03   8.3224264e-03  -5.6788683e-03   6.7152845e-03   5.5883875e-03  -2.3549819e-03   2.2877988e-03  -7.6476290e-03  -8.6962966e-04   5.4104930e-03  -5.7276393e-03  -5.5969922e-04   1.9174421e-03  -7.0481658e-03   2.4058049e-03  -5.4071023e-03  -1.0683427e-02   4.6405255e-03  -6.0205598e-03   6.1448301e-03  -3.6021569e-03   6.7897032e-03   2.0921043e-03   1.5444406e-03   2.8733081e-03   3.2920305e-03
   2.4386804e-01   1.4398228e-01   6.7243441e-03   1.5164327e-01   1.6793760e-02   3.7437450e-01   3.6477640e-02  -6.8776952e-02   2.1401254e-01  -9.3276543e-02   6.3084432e-03   4.8328889e-02  -2.0510130e-01   3.0059572e-01  -3.5798027e-01   1.2718494e-01  -9.5558265e-03   1.4623617e-01   2.2147122e-01  -1.6235052e-01  -3.9313451e-01   1.3972238e-01   2.5074990e-01   3.8881061e-01  -1.8260084e-01   1.8551862e-01   1.3708518e-01  -2.0802724e-01  -9.9983210e-02  -1.0593213e+00   5.1885770e-02   1.0491267e-01   1.0165761e-01  -8.0899323e-02
   4.9143866e-03  -3.1006640e-02  -2.2893784e-02   2.8334745e-02   7.1810773e-04  -7.5960634e-02   2.4849552e-02  -3.5971282e-02   8.2397634e-02  -3.5112177e-02   3.3265431e-02   6.3131456e-03   3.4951645e-02  -2.9574207e-02  -1.7866680e-02   4.5039692e-03  -1.6243483e-02  -1.9229228e-03   1.1442095e-02   2.2404096e-02   3.5114871e-02   2.2261744e-02  -2.4672834e-04   1.3915182e-02  -1.1779112e-02  -6.0032136e-02  -2.4381035e-02   8.3045073e-03   2.4577466e-02   7.8250058e-03  -5.9557282e-03   4.0576361e-02   2.3554679e-02   2.5870727e-02
