  -1.3803858e-01  -8.6277974e-02  -1.7740269e-01   2.2384158e-02  -6.6342586e-02   3.1209375e-02  -1.5010842e-02
   5.2520976e-02   1.4340632e-01   3.4456362e-02  -3.3136014e-02   4.4163992e-02  -2.0432260e-01   9.4055263e-02
   4.9746874e-02   6.2241563e-02  -2.6500223e-01   2.1627153e-01   3.1355440e-01   2.1897159e-01  -2.3910387e-01
  -1.3272592e-01  -1.1906932e-02  -1.4890191e-01  -3.8298056e-02   5.6773351e-03  -1.7456931e-02  -8.4094367e-02
   5.3419054e-02   4.3885441e-02   6.9484557e-02  -1.2800503e-02   9.6450294e-02  -5.3509429e-02  -3.3057502e-02
   1.0231378e-01   5.5671581e-02   1.7315493e-01  -1.0401718e-02   1.6932619e-01  -2.8862640e-02  -4.4822260e-02
   8.9081692e-02   9.6223420e-02   1.6568384e-01   9.1064823e-02  -3.9220118e-02  -2.4760974e-02   1.5377576e-01
  -1.7768291e-01  -3.7115095e-02  -1.7524481e-01   1.3714854e+00  -1.4518633e+00   6.6311179e-01  -5.3236323e-01
  -6.7154588e-02   6.4819947e-01  -4.0925639e-01   1.1221231e+00   1.6525366e-01   1.0924223e-01  -4.7942525e-02
  -2.8354127e-02  -9.9562190e-02  -6.1878900e-02   6.4874446e-02  -8.8490055e-02   7.1511247e-02   1.3801100e-02
   1.8864337e-01  -1.8483568e-02  -9.0558453e-02  -9.5360478e-02  -2.7521933e-01   4.1933467e-02   4.5282613e-02
   5.5576933e-02   3.8341023e-03   6.0295725e-02  -1.3211022e-02   1.0021290e-01   2.8495683e-02  -3.0228290e-02
   1.1520155e-01   9.8513214e-02   4.2346919e-01  -1.5041764e-01  -5.2890526e-01   9.0118723e-02  -1.7115985e-01
   3.5654542e-02   1.2425740e-01   4.0067599e-02  -6.2609147e-02   9.0948552e-02   3.1098820e-03  -4.5357955e-02
   1.6192237e-01  -5.8712333e-02   9.0565951e-02  -2.4325936e-01  -2.2602136e-01   6.2824602e-01   1.8474953e-01
  -5.5272753e-02   1.8261328e-03  -1.5067581e-02  -8.8958113e-02   2.9537964e-02   4.5498332e-02  -2.0017090e-03
  -1.7882933e-01  -1.1783654e-01  -2.1329481e-01  -1.4636500e-01  -2.7016767e-02   2.1574065e-01  -8.1243216e-02
  -6.4037121e-02   1.0203477e-01  -7.2614135e-02   5.6915447e-02   2.8490222e-02  -2.0729674e-01  -6.4400915e-02
  -1.4027771e-01   2.2111309e-01   3.2950782e-02   2.6175988e-01  -1.4026125e-02  -1.9566753e-01   9.8242659e-02
  -6.2166719e-02   5.1683125e-02  -4.1534685e-02  -6.9360646e-01   3.8542284e-01   8.6101279e-02   7.6649770e-03
   1.6208126e-01   8.1262610e-02   3.4262510e-03   4.8243856e-02   1.5237509e-01   1.6220644e-01  -4.2537619e-02
   5.2711008e-02   3.7974158e-02   1.0452307e-01   2.3083948e-02   5.4614766e-02   1.1261520e-02   2.9537982e-02
   8.9666136e-01  -6.5665666e-01   2.7075488e-01  -8.4071117e-01  -5.1369396e-01  -1.1427781e+00  -4.9279811e-02
  -4.5221294e-02  -1.3896263e-01  -1.2876537e-01  -1.5177360e-01   8.3369238e-03   1.2416993e-01  -8.6273747e-02
   6.6666730e-02   4.6218555e-02  -2.7251821e-02   6.8825512e-02   1.9478966e-02   8.3445211e-03   7.6906160e-02
  -3.3936247e-01   2.2415665e-01  -8.6195773e-01   5.3082255e-01  -1.6090447e-01  -9.4959107e-02  -3.4244655e-02
   4.3758588e-01   7.6968569e-02   1.1689284e-01  -3.8618360e-01   3.4205455e-01   2.5174230e-01   2.6808756e-01
   1.2153215e-01   6.8934410e-04  -3.1483236e-02   2.2182401e-01   1.7199510e-01   7.9249516e-02  -1.6726101e-02
   6.1687941e-01  -4.3227811e-01  -4.7020330e-01   6.7604478e-01  -3.8277769e-01   4.8345141e-01   4.6626270e-01
  -2.5444384e-02   2.0587285e-02  -2.1613405e-02  -4.0181813e-02   1.7090960e-02  -1.0576199e-01   1.6598475e-02
  -1.1293265e-01   1.3667350e-01   3.7952087e-01   2.7280164e-01  -1.5172784e-01   1.1033974e-01  -3.2871711e-02
   9.0399877e-02  -3.9589718e-01   3.3013131e-02  -3.9384622e-01  -1.0768149e-01  -1.9854931e-01   2.6887254e-01
   1.0732433e-01   2.4899573e-02   1.2115662e-01   6.9210887e-02   1.2666388e-03   1.6205668e-02   4.2868223e-02
   2.4013656e-01  -4.4415231e-02   1.4368459e-01   1.4777129e-01   1.0813643e-02   5.4853570e-02   1.6872883e-01
  -1.2738149e-01   1.3620480e-02  -1.7783496e-01   1.3491603e-01  -8.3729864e-02   2.9154549e-01  -2.1663360e-02
  -4.4884152e-03   1.5029349e-01   1.6166001e-02   4.9629826e-02   1.6660386e-01  -1.8796605e-01  -3.8909335e-02
