   1.0400465e-01   1.2221759e-01  -6.1924302e-01  -6.5859788e-01   3.9985711e-01  -2.5028277e-01   5.3945608e-01
   1.0733021e+00  -5.3660555e-01  -1.0823497e-01  -3.9173593e-01   1.1142395e-01  -3.0674544e-01  -3.0120419e-02
   8.2061224e-01  -9.6430572e-01   5.5962692e-01  -9.3707276e-01  -1.8704581e+00  -6.7835585e-02   2.0577154e-01
  -4.9897684e-01   1.6033621e-01  -1.3383634e-01   5.2708671e-02  -2.0003253e-01   4.3827839e-01  -5.9569433e-01
  -5.9176246e-01   1.3742100e-01   8.5304583e-02   1.4537652e+00  -1.1099858e+00   1.0572208e+00   2.5031973e-01
   4.3868670e-02   4.6197087e-02  -6.3083567e-02   6.4063949e-02  -1.7121388e-01  -5.6261768e-02   8.5748027e-02
  -2.9714674e-03   1.3953663e-01  -1.5194759e-01  -7.7597459e-01   2.7123587e-01   5.0626352e-01   3.5196247e-01
   3.7003406e-02   7.4831780e-02  -7.4286848e-02   9.0421535e-03  -1.7714253e-01   9.3323800e-03   6.6439796e-02
  -2.2646529e-02   4.2364325e-02   1.3616423e-01   5.6118543e-01   9.6678776e-02  -4.3711979e-01   3.8584978e-02
  -1.7652636e-02   4.8703931e-02  -1.6273684e-01   6.3035161e-02   4.4633892e-03   8.8867958e-02   6.1858471e-02
  -3.8461209e-02   5.1279797e-03   2.4646250e-02   3.1960491e-01  -3.4258009e-01  -8.9046734e-02  -1.8347072e-01
  -7.1626329e-02   6.0318175e-01  -5.5547848e-01  -8.0517316e-01   7.7892126e-01   1.2864959e+00  -7.0352621e-01
   8.8100710e-02  -4.7441798e-01  -4.2648352e-01   2.9762027e-01   5.9381321e-02   3.4896249e-01  -3.3145404e-01
  -2.2475682e-02   3.8427166e-02   1.8801040e-02   1.0675562e-02   4.2571438e-03   3.3166094e-02  -1.9594096e-02
   2.7247744e-02   4.3371361e-02  -3.7707597e-02   3.7822417e-02   2.5533741e-02   1.8129296e-02   7.7620852e-02
   4.5844166e-03   7.3303720e-02   9.3583228e-03   8.8616556e-02  -3.2892919e-02  -4.2481506e-02   6.7940614e-02
   1.7422697e-01  -2.4265871e-01   5.2222335e-01  -8.7920060e-01   1.1742012e+00  -8.8854337e-02  -3.2217429e-02
   1.0959268e-01   1.1762694e-02   3.8830933e-02  -1.5891074e-01   8.4113893e-02   1.9189781e-01   6.0065327e-02
  -4.7328613e-02  -4.3469822e-02  -7.9894134e-03   6.0564925e-02  -3.2604659e-02  -1.4777544e-02  -7.5345217e-02
  -1.8522466e-01  -1.2027669e+00  -1.5294803e-01   7.5543058e-01  -7.6808521e-01   1.8044476e-01   4.9749792e-01
   2.2328618e-01   6.8991472e-01   3.7874267e-01   7.1753080e-02  -4.0177231e-01   3.7083461e-02   2.1832806e-01
  -6.5548909e-02   1.5138363e-04  -5.1722105e-02  -6.4180428e-02  -4.0732366e-01   1.3652310e-01   2.7583227e-01
  -2.1219940e-01   9.1231260e-02  -2.8410144e-01   5.9848876e-01  -6.9208608e-01   3.4786700e-01  -2.3980954e-01
   1.7502946e-01   2.7944355e-01   1.9691967e+00   7.3008398e-04   6.2655852e-02   5.2639202e-01  -2.8448735e-01
  -1.2049334e-01   1.3310724e-02  -4.7169380e-03   7.8326304e-01  -6.5096560e-01   1.8470600e-01  -2.6571169e-01
  -1.4886483e+00  -1.4739448e+00   4.3913441e-01  -1.1766563e-02  -7.4715542e-01  -1.5109251e+00   5.5114808e-01
   1.0915633e-02  -2.3341118e-02  -1.1586093e-01   8.5236483e-02  -1.2602640e-01   7.6012735e-02   1.1259159e-02
   1.8281603e-01   2.5391263e-03   1.0594061e-01  -2.2662199e-01   4.0415825e-01  -1.5082585e-01   1.9257164e-01
