   7.1529573e-01   7.0839266e-01  -8.4753617e-02  -1.3319123e+00  -4.1738880e-01   1.0850088e+00   3.1626366e-01
   5.2248665e-01  -1.6783033e-01   1.0575922e+00  -3.7138343e-01   5.8870389e-02   1.6633628e-01   1.0842096e-01
   1.4912915e+00  -2.1106029e-01  -1.4985335e+00  -2.0336015e-01  -1.8312926e-01  -2.5687586e-01   1.4580802e-01
   2.6025238e-02  -3.4497109e-01   1.0249145e-01   1.3206195e-01   1.8890389e-01   1.8723658e-01   1.8447371e-02
   2.0097341e-02  -2.8630106e-01   6.4600614e-02   8.1337450e-02   1.7871791e-01   1.3078865e-01   4.2978933e-02
   1.0491638e-01  -3.9842770e-01   1.6297020e-01   2.2407653e-01   1.9999628e-01   2.4057660e-01   3.4296556e-02
  -2.1284004e+00   5.8114133e-01  -2.9067012e-01   2.2156452e-01  -4.4078912e-01  -2.2838064e-01  -7.1359120e-01
   7.3757371e-02   2.0103059e-01   1.4722507e-01   1.0167307e-01  -2.3209938e-01  -1.2844219e-01   1.8091517e-02
  -3.0647913e-03   7.1284007e-02  -5.8981065e-02  -1.3953954e-02  -1.5906739e-01  -8.7408321e-02  -3.2333555e-02
  -1.8812305e-01  -2.5352692e-01  -1.3846077e-01   4.4220528e-02  -1.5520465e-01   7.2164983e-02  -1.7960637e-01
   5.7924965e-02   1.1756930e+00  -4.8527441e-02   2.6730133e-01  -3.9168330e-02   5.8247235e-01  -3.7598434e-01
  -1.4946558e-02  -8.1959292e-02   4.2325655e-02   8.7868782e-03   1.4857524e-01   6.9861126e-02   2.3921786e-02
   7.3581385e-02  -5.3307990e-01  -3.0437670e-01  -3.3747336e-01   3.3913617e-02   2.0146776e-01  -2.2038797e-01
   9.6872617e-01   6.2059869e-01   1.3247787e-01  -9.3402829e-01   6.9862413e-01  -3.6691830e-01  -3.7432892e-02
  -4.9289362e-02  -2.0469296e-01   1.8756713e-02  -7.2590213e-03   1.1429210e-01  -1.5083533e-02   4.2166909e-02
   2.7895301e-02   6.4687857e-02  -5.0739707e-02   2.3533009e-04  -1.3194141e-01  -3.9860923e-02  -3.8251866e-02
  -5.1347396e-02  -7.3562625e-02   1.0385827e-02   8.1855306e-03   8.4607747e-02  -1.1768547e-02   7.5632167e-03
  -7.0359388e-02  -1.4935629e-01   1.3895667e-02   7.6684724e-03   7.1793938e-02  -2.9197274e-02   7.9952074e-03
   4.0327090e-01   2.3395860e-01  -1.6946002e+00  -7.3112325e-02  -2.7492145e-01  -7.6332587e-02  -2.0502375e-02
  -3.5264740e-01   9.7731205e-02   2.0381260e-01   3.9448279e-01  -6.6206885e-01   2.9000741e-01  -4.1923467e-02
   4.8456196e-02   4.0691784e-01  -4.3344987e-02   1.0665139e-02  -8.7173811e-02   1.0703913e-01  -8.7961018e-02
   9.9857234e-03   1.5956596e-01  -4.7786654e-02  -2.6863155e-02  -1.5014058e-01  -7.1425420e-02  -3.1620445e-02
  -1.6327845e-01  -3.2218992e-01  -1.7730628e-02  -1.5186069e-02  -1.3005702e-01   5.5643420e-02  -1.1916183e-01
   3.8370238e-01  -6.5085636e-01  -2.5275334e-01  -2.7256012e-01  -1.1409903e+00   2.2756806e-01  -2.5606785e-01
   8.3653471e-02   2.2396256e-01  -7.2520554e-03   5.2548785e-03  -4.4965539e-02   5.6530849e-02  -1.3012944e-02
  -4.9231468e-02   2.3476813e-01  -3.6799554e-02  -5.6361307e-02  -1.7048728e-01  -1.0703936e-01   1.4405628e-02
  -1.1496219e-02   1.6409879e-01  -6.5418372e-02  -4.5777690e-02  -1.7401032e-01  -1.1888014e-01  -2.7185735e-02
   1.3173816e-01   3.1541061e-01  -3.8673300e-02   2.6288933e-02  -2.0803565e-02   1.1544181e-01  -4.2527580e-02
  -5.3320172e-01   1.7822723e-01   2.4691598e-01  -5.2423275e-02  -2.6304393e-03  -1.0124050e+00   1.3845950e-02
  -1.0753891e-01  -5.3015725e-01   1.0019440e-01  -8.0139582e-04  -1.4150088e-01   2.9375077e-02  -7.8485115e-02
   3.2827105e-03  -5.4806109e-02   6.8062411e-02   7.4622770e-03   1.6461827e-01   9.1176676e-02   3.9471376e-02
   4.8540723e-02   2.8646384e-01  -3.1729830e-02   2.0413619e-02  -1.0205062e-01   7.0060513e-02  -7.7960653e-02
  -1.3954929e-01  -1.5915844e-01   3.5601687e-03   9.3505907e-03   2.8765550e-02  -4.9170225e-02  -1.1367096e-02
   2.5165339e-03  -5.7998965e-02   7.2844385e-02  -9.6043527e-05   1.6444179e-01   9.2244319e-02   4.1976024e-02
  -3.3935890e-02  -5.6085548e-02  -4.2078872e-02   3.2113068e-02   1.4301884e-01   5.6491589e-02  -4.2899507e-02
   1.2027901e-02   7.9850322e-02  -5.3071112e-02  -8.2010108e-03  -1.4935494e-01  -7.0612806e-02  -3.2711697e-02
   1.9284018e-01   2.1376725e-01   5.3168159e-02  -2.9697668e-03   1.6727395e-01  -3.4372077e-02   1.0965616e-01
  -2.2996085e-02  -1.2581590e-01   4.1248451e-02   1.2238821e-02   1.4077367e-01   5.5044036e-02   2.8798317e-02
  -2.9402018e-02  -2.5722391e-01   3.1129718e-02   8.6821413e-03   1.2884391e-01   4.8791680e-03   5.6527677e-02
   2.2823491e-01   8.1243608e-01  -3.2760440e-01  -1.1165013e-01   2.2271111e-01   1.2541846e-01  -5.6714617e-03
   8.5162908e-02   1.9593194e-01  -1.3086547e-02   2.0999163e-02   3.8107872e-02   4.8166570e-02   4.6303569e-03
   2.2781804e-01   3.9965419e-01  -1.2918675e-02  -1.8913031e-01   1.7612539e-01  -2.1672154e-01   1.9322676e-01
  -7.9615356e-01  -7.7057307e-01  -6.0122904e-02  -1.0312739e+00   2.1712011e-01   6.6080156e-02  -2.6643731e-01
