  -4.4792928e-02   3.8872555e-01   8.4038296e-01   1.0393495e-01  -1.5838679e-01   3.0741902e-02   6.6705103e-01
  -2.8493339e-01   5.3795945e-02   9.0750806e-02  -3.0010571e-01   2.7266145e-02   2.4943051e-01  -1.7841257e-01
  -5.7363173e-02   1.2061561e-01   1.0145973e-01   7.7281657e-03   6.0393004e-02   1.7057470e-01   6.8242074e-02
   1.4946931e-01  -7.6518598e-03  -3.2036692e-02   1.0374899e-01  -4.5248925e-02  -1.0956215e-01  -4.2672586e-01
  -6.1016369e-02   5.2893338e-02   1.5224156e-01   1.0530695e-02   9.2835772e-02  -1.7745187e-01  -8.8347658e-03
   7.1095324e-02  -1.3849911e-01  -3.3238546e-01  -1.7732981e-02  -2.5318552e-02  -2.2285048e-02   3.5497473e-01
   1.5266863e-01  -4.2536678e-02  -1.4484929e-01   1.9421763e-01  -1.1037240e-01  -1.7828272e-01  -1.4354629e-01
   1.2003331e-01   2.3271160e-02   1.7077246e-01   2.3124363e-01  -2.1137305e-02  -4.9253566e-02   4.5295667e-01
  -3.1377889e-03   8.4661740e-02   1.1942620e-02  -4.0450185e-02  -3.6403888e-02  -1.8586705e-02   1.4436621e-01
   4.4770051e-01  -5.6680086e-01  -2.2371141e-02   3.9584990e-01  -1.2474466e+00   7.8848584e-01   6.5587529e-02
  -8.0670226e-02   9.9294967e-02  -2.2610978e-01   3.4757139e-01  -9.1274220e-02   3.9498377e-02   1.8597884e-01
   3.6452059e-02  -1.4918296e-01   2.1922472e-01  -5.5335016e-03   5.9435649e-02  -1.8251610e-02  -8.5264789e-02
   8.6464062e-01  -1.0330617e+00   1.8624128e-01  -1.0158826e+00  -5.7657441e-01  -5.8839489e-02  -8.7162769e-02
  -2.0980478e-01  -1.1607941e-02  -1.8325085e-01   4.7385733e-01  -5.6655837e-01  -8.1903691e-02   2.9036627e-01
   1.1570244e-01  -8.3340245e-02  -1.6621813e-01  -1.1411566e-03  -1.0520599e-01   1.1314609e-01  -4.0249607e-02
  -8.3370400e-02   2.1537035e-01  -3.0915580e-02   7.4061306e-02   1.4332847e-01   6.2451711e-02   1.4370423e-01
   1.1910641e-01  -2.3500106e-01   3.1096076e-01  -7.0869901e-01   1.1048340e-01   1.3865828e-01  -3.3487260e-01
  -4.8860040e-02  -4.6913199e-03  -2.4824691e-01   3.1457205e-01   3.0371327e-02   3.4347609e-02  -4.6368893e-02
   7.2745397e-02   2.4854746e-02   4.0274607e-01   3.5337323e-01  -5.0906466e-02  -6.6634694e-02  -9.2664495e-02
  -1.0039197e-02   1.3974935e-01   2.9591178e-01   1.3994118e-01  -3.0316573e-02   4.8094250e-02   3.8963721e-01
  -1.0082406e-01  -2.3073969e-01  -3.8299971e-01   8.1861257e-02  -8.6118593e-02  -5.0932186e-02   8.0086861e-01
   7.8739596e-02   5.0365770e-02  -2.5062240e-01   5.2969057e-01  -3.0540222e-02  -1.3689140e-01   3.6427158e-01
  -2.4593125e-01   1.1692260e-01  -1.3510183e-01   1.7004134e-02  -3.7510738e-02  -3.1396117e-02   6.0495261e-02
   1.3847954e-01  -9.0119851e-02  -1.4139017e-01   8.6973439e-02  -2.2642987e-03  -1.6419874e-01  -2.8216266e-01
   4.1128666e-04   2.4705862e-02  -8.8873420e-02   1.0097731e-01  -1.8883672e-02   1.3752362e-01  -2.0758560e-01
   2.6083930e-02   6.2177093e-02   5.1632351e-02  -1.1372911e-01  -9.6561087e-02  -1.8374643e-03  -2.2039306e-01
   5.7210708e-02   1.5702907e-01   6.6493004e-01  -2.2690892e-03  -9.8835572e-03   3.5026266e-02   4.6208517e-01
  -9.9145077e-02   1.6584028e-01   6.8468749e-02  -2.5354971e-01   1.1450661e-01   1.1469842e-01  -9.8362053e-02
   9.3460916e-03  -4.8124990e-01   3.6075293e-02  -1.5705380e-01  -5.3994299e-01   1.9095201e-01  -1.1366952e-01
  -9.1160639e-04   1.0441584e-01   2.1442299e-01  -2.4811301e-02   4.6921504e-02  -6.3804150e-02  -1.4689750e-01
  -8.3043304e-03  -2.2219545e-02   1.4198376e-01   1.0293923e-01   9.4051939e-02  -8.6523430e-02  -1.7470159e-01
  -1.0342164e-01   4.5410270e-02   1.0633012e-01  -6.8632463e-02  -7.7649999e-02   9.2501322e-02   3.3546403e-01
   9.2795983e-02   2.1994897e-01   2.6634072e-01   3.1890402e-01  -2.1504945e-01   8.4538173e-01  -3.4477972e-01
   1.0192100e-01   7.9733874e-02   2.5270721e-02  -5.0107693e-02  -5.1210867e-03  -1.1312631e-01   2.4316805e-01
   3.3800791e-01   7.1839731e-02   1.9646558e-01   5.2756447e-02  -5.3665749e-02  -1.6363059e-01   4.6545051e-01
