  -3.6240788e-02  -6.0180608e-02   4.8694561e-03   9.4938041e-03  -5.4487951e-02  -4.0750779e-03  -4.5350873e-03   7.8044336e-02   2.0485656e-03  -3.3603544e-02   3.0343339e-02  -1.4249893e-02  -3.8665299e-02   1.3122871e-01  -5.9314999e-02   1.4563199e-02  -4.5913897e-02   1.1285931e-03  -1.1479939e-01  -8.4614135e-02  -1.4255590e-02   1.1973810e-02   3.2982898e-02  -4.6421954e-02  -7.3837687e-02   2.2220737e-02   5.0152113e-02  -3.1222352e-02  -1.4878173e-02   8.9830883e-02  -5.2508432e-02
   6.3843391e-02   2.3108221e-02   1.0015749e-02  -4.2966169e-02   1.8831207e-02   4.0577421e-02   2.3704546e-02  -1.1170180e-02   3.1090369e-02  -7.4041551e-03   2.2035521e-02   2.5162657e-02  -1.2548955e-02  -4.2727722e-02  -4.3417247e-03   1.1603331e-03   2.5245624e-02  -1.6095762e-03   5.1290514e-02   5.6597289e-02  -1.2419093e-02  -7.8596082e-03   2.8297273e-02   1.5833133e-02   1.2443527e-02   8.2047648e-02   2.6403335e-04   2.2300320e-02   1.8994333e-02  -1.0174485e-02   4.3887309e-02
   2.0327353e-02   1.5899313e-02   4.2275561e-03  -1.1062050e-02   8.3523021e-03   1.7345786e-02   5.9836407e-03  -1.2580807e-02   1.1457232e-02   1.1905516e-02   4.1558413e-03   1.9779351e-03   2.0638967e-04  -1.4741287e-02  -1.1636959e-02   1.0510724e-02  -1.2923781e-03   2.1866773e-03   5.1108528e-03   2.4308410e-02  -2.6808989e-03  -2.0224708e-03   7.1269158e-04   1.0469400e-02  -8.6587397e-03   1.1900245e-02   3.5117840e-04   8.2387515e-03   4.4231580e-03  -1.0862510e-02   1.2955192e-02
  -1.2310508e-01  -1.6334347e-02  -2.8359655e-02   5.3004018e-02  -1.0952359e-02  -6.5458434e-02  -5.6203822e-03   4.2078033e-02  -1.4307039e-02   1.7935679e-02  -2.0102433e-02  -3.3906057e-02   1.7155971e-02   6.7146141e-02  -2.3391589e-02  -5.4186067e-03  -2.8851402e-02   1.2425461e-03  -8.4985873e-02  -3.8342342e-02   3.1139138e-02   1.3038087e-02   4.5845647e-02  -1.5959102e-02   4.2497389e-04  -8.0573342e-02   1.0532150e-02  -2.2479995e-02  -1.3442565e-02   1.2350000e-02  -1.7418368e-02
   5.2798202e-02   3.8639505e-02   9.0966248e-03  -2.7839910e-02   2.2219782e-02   4.2169034e-02   1.8111889e-02  -2.8993820e-02   2.8632100e-02   2.8333585e-02   1.0351739e-02   5.6122607e-03   1.3429413e-03  -3.4200330e-02  -3.0249609e-02   2.5667426e-02  -6.7715131e-03   4.7469458e-03   1.1865335e-02   6.0207280e-02  -6.9466557e-03  -4.1996418e-03  -5.4909944e-04   2.5087268e-02  -2.4642122e-02   2.9926668e-02   1.9870350e-03   2.0025362e-02   1.1400240e-02  -2.7388926e-02   3.3087639e-02
  -1.9645563e-01  -8.3018756e-02  -5.4284188e-02   5.0680753e-02  -2.6379662e-02  -5.8425805e-02  -1.9182200e-02   1.8612895e-01  -3.7878963e-02  -3.4268793e-02  -4.7716257e-03   1.5523325e-02   3.6992589e-02   5.1571850e-02   4.4943386e-02  -2.4954287e-02  -3.2926318e-02  -6.7509471e-03  -1.4024692e-01  -1.1497922e-01   4.6299477e-02  -2.9683268e-02  -5.6460020e-02  -6.6133009e-02   1.3821375e-01  -7.3181223e-02  -1.3001013e-01  -2.4516018e-02  -1.6496820e-02   5.9602271e-02  -7.6650376e-02
   3.8899396e-01   1.7707391e-01  -9.3180713e-02  -8.4011370e-02   3.8516690e-01   6.8077247e-01   4.2194349e-01  -7.7288659e-01   1.9002967e-01   5.3892517e-02  -2.3038825e-01  -5.7990200e-02   4.8704626e-01  -7.0273797e-01  -7.8344463e-01   6.8019499e-02  -7.0758441e-01  -4.8704897e-01  -6.3655024e-02   5.6155423e-02   1.5332607e-01   3.1423675e-01  -5.2731625e-01  -1.2783364e-01  -4.1848926e-01   1.0850520e-01   5.6876685e-01   5.2793731e-01  -1.0359113e-01  -3.7180860e-01  -1.0715540e-01
  -2.9518710e-01  -1.1435932e-01  -4.5390637e-02   1.1296815e-01  -8.7904628e-02  -1.4117666e-01  -1.0859315e-01   1.2664516e-01  -9.9913823e-02  -8.9547696e-02  -2.6807218e-02  -3.5893367e-03  -6.1946068e-03   2.8653904e-02   1.5484337e-01  -9.3442672e-02   1.5818773e-01  -4.7783871e-02  -1.5839143e-02  -1.9121180e-01   4.0934446e-02  -4.1762436e-03   4.5853179e-02  -6.7663128e-02   1.8415269e-01  -8.0320253e-02  -5.7006261e-03  -6.5233225e-02  -1.1871334e-02   1.0682660e-01  -1.0133884e-01
   3.5178938e-01  -3.9058139e-03   2.8581496e-02  -4.2419187e-02  -1.4626354e-01   3.3175713e-01  -3.1792209e-01  -5.4435845e-01  -6.1200196e-02  -1.3215008e-01  -9.3610469e-03  -5.8103122e-02  -1.1474038e-01   2.9876542e-01  -2.8359386e-01   4.2662870e-01   4.1789508e-01  -2.9659882e-02   2.0556240e-01  -1.7274783e-01  -8.0658745e-02   1.6426045e-02   3.0633132e-01  -5.0248900e-03   1.3630841e-01   2.1437159e-01  -5.7555638e-02  -6.9576729e-02  -6.0503721e-02   1.1280460e-01  -1.6193229e-01
  -2.6242700e-02  -1.9734311e-02  -6.6957506e-03   1.2980451e-02  -8.8285491e-03  -2.1913892e-02  -5.5422726e-03   1.9496292e-02  -1.3940325e-02  -1.6528723e-02  -3.8231058e-03  -1.0344668e-03   3.3130947e-04   1.8133006e-02   1.4644006e-02  -1.5171544e-02   4.7695684e-03  -3.8180718e-03  -5.1552889e-03  -3.2248055e-02   3.8591919e-03   1.8822859e-03   2.4836239e-03  -1.5110994e-02   1.3414437e-02  -1.1073886e-02  -2.8296650e-03  -9.6572318e-03  -3.7623127e-03   1.4001468e-02  -1.4406351e-02
  -1.7152730e-01  -7.3249782e-02  -2.1526279e-02   7.9620423e-02  -6.1972570e-02  -1.0812858e-01  -7.3458989e-02   8.5078853e-02  -7.2563239e-02  -4.3795058e-02  -2.0508663e-02  -2.0661203e-02  -4.1465420e-03   6.8433720e-02   7.2384700e-02  -6.7409128e-02   5.7514393e-02   3.8470494e-03  -3.6160661e-02  -1.4931141e-01   3.1021728e-02  -7.1572462e-03   3.1567711e-02  -5.7173984e-02   9.7689839e-02  -8.0123656e-02  -3.6574865e-02  -4.8189942e-02  -2.1778447e-02   6.6891627e-02  -8.3393931e-02
  -2.1014656e-01  -1.0941603e-01  -3.9700893e-02   1.0235351e-01  -8.1745709e-02  -1.7253485e-02  -1.5623919e-01   1.1933256e-01  -7.5923327e-02  -7.1298500e-02  -3.0023597e-02  -1.0715279e-02  -4.5628424e-03   1.8713463e-02   7.2253052e-02  -9.2324422e-02   7.0747572e-02  -3.0659654e-02  -6.5283800e-02  -1.1455516e-01   6.0317554e-02   2.7443273e-02   1.2841823e-02  -3.3221717e-02   9.0209612e-02  -1.1279599e-01   1.5243993e-02  -2.6375920e-02  -4.7154135e-02   9.3441353e-02  -1.2431685e-01
   8.5987883e-02   4.9755319e-02   1.2640942e-02  -4.3105272e-02   3.4032744e-02   5.9815236e-02   3.0331704e-02  -3.9682721e-02   4.0534473e-02   3.2529950e-02   1.4307862e-02   1.2421751e-02   1.7083447e-03  -4.6210557e-02  -3.8334069e-02   3.1889984e-02  -1.2085583e-02   2.2011643e-03   2.1630354e-02   8.2662035e-02  -1.5304303e-02  -4.3760874e-03  -6.1400757e-03   3.3015797e-02  -3.6209184e-02   5.0630173e-02   6.5118709e-03   2.7252720e-02   1.6608108e-02  -3.6536172e-02   4.6452501e-02
  -2.9694449e-01  -7.6275645e-02  -3.4873708e-02   1.2728602e-01  -1.0186373e-01  -1.6155742e-01  -1.3329867e-01   1.2015651e-01  -1.1047985e-01  -5.1194324e-02  -2.4893284e-02  -2.8013328e-02  -7.5509914e-03   4.6666227e-02   1.5315012e-01  -7.6866493e-02   1.5250100e-01   2.0485234e-03  -2.1680049e-02  -2.0212546e-01   4.7469271e-02  -1.6201705e-02   4.9298083e-02  -7.3301626e-02   1.8704022e-01  -9.4329436e-02  -3.4553616e-02  -6.4914520e-02  -1.9030488e-02   1.0519851e-01  -1.1420814e-01
   2.0275040e-02  -6.3938801e-02  -2.6962632e-02   1.0693363e-02   3.4881851e-02   1.5129592e-02   1.1552911e-01   9.3640536e-02   6.2098487e-02  -3.8647839e-02  -5.7997415e-03   5.4037399e-02  -2.8987546e-02   4.6361192e-02  -7.4347240e-02  -2.1864269e-01  -6.0769439e-02  -1.6339402e-02   6.9850922e-03   2.5835837e-02  -5.3061796e-04   4.4271110e-02  -8.5461982e-02   3.6813276e-02  -3.1553457e-01  -1.1310880e-02   4.6317638e-02   4.8585763e-02  -7.4660995e-03  -5.3183599e-02   1.8043916e-02
   2.8889367e-01   1.3657306e-01  -1.4301486e-01   9.2265247e-02  -4.6766032e-02   3.9239069e-02   1.5742453e-01   2.5598147e-01   6.0898382e-03   2.6707854e-02   3.6337399e-02   8.1581357e-02   5.7321705e-02   2.5391424e-01  -1.2255746e-01   3.4567721e-01  -3.4084904e-01  -4.7490818e-02   1.7464060e-02  -1.8033240e-01   3.2050495e-02  -8.3135468e-02  -4.8883024e-01  -5.6510142e-02  -8.8495530e-03   1.7412247e-02   1.7367356e-01   3.5136812e-02   5.9682459e-02   6.1097684e-02  -8.9510142e-02
  -1.7625331e-01  -7.2938951e-02   4.0486338e-02   2.2539734e-02  -2.7287280e-02  -8.8009348e-02   4.8701292e-03   8.7946917e-02  -1.8884076e-02  -3.0736525e-02   4.9429694e-04  -2.7472054e-02  -1.4350094e-02   5.6949505e-03   6.5916134e-02   5.4301464e-02  -6.1978514e-02   7.7183923e-03  -1.2896108e-01  -1.5307604e-02   4.2396335e-04   4.2804802e-02   2.8855105e-02  -4.0569214e-02  -2.2362791e-02  -4.2624704e-03   3.3003542e-02  -2.5366703e-02  -3.3799698e-02   3.9518453e-02   1.3865636e-02
   1.0085070e-02   5.3313080e-02  -2.3017066e-02   1.5362486e-03   2.8306944e-02   1.6391984e-02   3.1878163e-02  -1.6453272e-02   4.4935956e-02   5.3437047e-02   1.6533800e-02  -6.6417377e-03   7.2130417e-03  -2.4300866e-03  -7.1271408e-02   3.7997299e-02  -6.1217371e-03   1.4607937e-02  -1.0911484e-02   5.6621913e-02   2.0222157e-02  -2.0335224e-03   3.6902011e-02   2.8906872e-02  -2.3383329e-02  -1.1271120e-02  -2.1642306e-03   1.8193811e-02   1.8233047e-02  -3.8109210e-02   4.8906802e-02
  -1.3172217e-01  -6.4330975e-02  -1.3704335e-02   5.9193776e-02  -5.2680034e-02  -8.1730738e-02  -5.8356395e-02   6.3032473e-02  -6.1848843e-02  -3.8650474e-02  -1.9798205e-02  -2.0404418e-02  -2.0884911e-03   5.7340231e-02   6.0422801e-02  -4.9613466e-02   3.4819617e-02   1.8597724e-03  -3.2605811e-02  -1.1679438e-01   2.5354686e-02  -1.7381276e-03   1.5965621e-02  -4.3537993e-02   6.6664862e-02  -7.1237383e-02  -2.2079098e-02  -4.0837581e-02  -2.2915792e-02   5.5267622e-02  -7.0918016e-02
  -3.4863474e-01   9.0861065e-02   1.9563749e-01  -8.1351013e-02   4.2072257e-02  -1.6364223e-01  -4.4737878e-02  -4.7408734e-01  -1.9556854e-01   6.6477886e-02  -3.1397343e-01  -2.6193800e-01   1.8210870e-01   2.7077783e-01   1.7278434e-01  -2.7914002e-01  -1.7131589e-01  -1.8711503e-01  -2.1642225e-01   1.0979474e-01  -6.6797211e-02   2.4952597e-01   3.4075945e-01  -1.2299708e-01  -1.0117580e-02   1.8620466e-01   1.5876970e-01  -2.1076985e-02  -7.0294295e-02  -8.1641021e-02  -1.0825884e-02
  -6.7662178e-02  -8.9411202e-02  -1.0203198e-01   6.3926704e-02   2.5426183e-02   7.8813485e-02   3.2873296e-02   3.0837763e-02  -3.4573301e-02  -7.1182157e-02  -4.8862358e-02   3.5981863e-02   1.0750678e-01   3.6669691e-03  -8.8632042e-03  -5.7339042e-02   6.7486996e-03  -1.2607901e-01   2.3726034e-03  -1.1062157e-01   6.8194403e-02   3.1551183e-02  -8.4628768e-02  -3.6370884e-02   3.0694310e-02  -1.8844532e-01  -3.5937807e-03   5.6189572e-02  -4.9772690e-02   5.1465707e-02  -1.1041124e-01
  -5.6384206e-02  -2.6312509e-01  -1.3315600e-01  -1.2389695e-02   5.1218118e-02   2.7478036e-01  -8.9323523e-02   7.0866085e-01   2.1912043e-01  -5.5197338e-02   1.6878308e-01   1.5950065e-01   2.1290676e-02  -3.2755225e-01  -3.6354539e-01   7.1978391e-01  -2.8967644e-01   1.1100528e-03  -1.9530786e-01   1.3043179e-01   1.5506967e-01  -9.4444660e-02   1.7522715e-01   7.1928633e-02   3.4487522e-01  -4.0692197e-01   2.1394646e-01   1.0271705e-01  -4.5958947e-02   6.4275910e-02   1.0791771e-02
  -5.0092911e-01  -3.8448424e-01  -8.2424827e-02   7.3997722e-02  -2.2180020e-01   2.9538494e-02  -1.1349936e-01  -1.7809093e-01  -3.9601429e-01  -3.8131356e-01  -2.5334250e-01  -1.0172096e-01   1.3995292e-01   6.1083768e-01   1.9489687e-01  -8.9628867e-01  -2.3148327e-01  -3.7234686e-01  -2.2276927e-01  -2.5397564e-01  -7.1770273e-02   3.2088657e-01  -2.8306694e-01  -1.5755660e-01  -6.7458239e-01  -2.2697143e-01   4.7588209e-01  -9.6518728e-02  -1.4600102e-01   3.6484226e-01  -3.0923844e-01
  -1.2175623e-02  -2.7927078e-02  -1.2845451e-03   3.8494601e-02  -2.4099058e-02  -3.1542808e-02  -2.5201140e-02   8.9733229e-03  -2.8815568e-04   2.0599091e-03  -2.8001662e-02  -3.7358279e-03  -1.8166208e-04   3.0537278e-02   5.9045927e-03  -1.2288965e-02  -2.2423055e-02   5.9683283e-03  -1.9449865e-02  -3.0042585e-02  -1.8062359e-03  -6.0675809e-03  -1.5579637e-02   4.9827086e-03  -2.3813650e-02  -5.6333811e-02   3.2360556e-02  -1.2181456e-02  -1.4752670e-02  -2.9790804e-02  -5.1804640e-02
  -4.0870723e-01  -1.6224533e-01   1.9558574e-01  -1.0829673e-01   4.4863405e-02  -2.1352844e-01  -8.0166963e-02   2.7316326e-01   2.7156665e-02   1.1649601e-01  -1.8605243e-02  -1.0219459e-01  -1.3141327e-01  -1.6173312e-01   4.4837737e-01  -2.2561509e-01  -1.9278462e-01   1.6570078e-01  -1.3336364e-01   3.2561136e-01  -3.6273388e-02   2.8197322e-03   2.1559731e-01   3.3348811e-02  -1.7182686e-01  -1.3987610e-01   6.3516544e-02   7.1507430e-03   2.1277217e-02  -4.7204946e-02   1.6828074e-01
  -2.2664461e-01  -1.2895632e-01   4.4162104e-02   6.9399390e-02  -1.0065557e-01  -1.0642106e-01  -1.2165551e-01   1.2570097e-01  -8.9236692e-02  -4.9382407e-02  -5.0300451e-02  -4.6277378e-02  -6.0563718e-02   1.0072792e-01   1.0913850e-01  -1.2226746e-01   7.3805474e-02   3.3904611e-02  -6.0186025e-02  -2.1678222e-01   2.4605272e-02  -6.9055545e-03   1.0094681e-01  -7.9777948e-02   1.5122406e-01  -1.1646636e-01  -6.3195805e-02  -6.6069396e-02  -5.0284484e-02   6.9330427e-02  -1.1236895e-01
   2.9141219e-02   1.5909828e-02   4.4174769e-03  -1.8496734e-02   1.4283615e-02   2.0637294e-02   1.0102302e-02  -1.2940847e-03   1.1540135e-02   7.5589905e-03   5.4746938e-03   7.3075054e-03   4.9615959e-04  -1.6414012e-02  -9.7831885e-03  -7.1909311e-06   5.1206150e-03  -4.4146648e-04   1.0308749e-02   2.2417129e-02  -7.6311116e-03  -2.3509786e-03  -1.4866423e-03   8.1829217e-03  -7.1757312e-03   2.6678727e-02  -9.0096812e-03   7.2025967e-03   8.7499195e-03  -1.2207202e-02   1.6675862e-02
  -1.2152750e-02  -7.7002205e-03  -2.5040574e-03   7.6173755e-03  -5.3973079e-03  -9.7163184e-03  -3.3653143e-03   3.9036162e-03  -5.3233932e-03  -4.8562379e-03  -2.1192510e-03  -2.0488205e-03  -2.4199934e-04   7.9868799e-03   4.9316439e-03  -2.7350361e-03  -1.0906458e-03  -2.8095862e-04  -3.6503540e-03  -1.1644743e-02   2.5382093e-03   8.6995616e-04   6.7096913e-04  -4.9658967e-03   3.8529986e-03  -9.0220065e-03   2.0821255e-03  -3.4498099e-03  -3.0335866e-03   5.3268729e-03  -7.0338389e-03
