   1.7515839e-01  -2.6753307e-01  -1.0990725e-01  -2.6033896e-01  -8.1942676e-02   8.4748023e-02  -4.0732765e-02
   5.3959837e-01  -7.3768871e-01  -2.9835719e-01  -2.2094449e-01   1.8960023e-01   4.9233254e-01   3.9757801e-01
   3.1926322e-01   1.0481682e-01   8.3329781e-02   5.6414904e-01   7.6740082e-02   2.2662421e-01   1.5322947e-01
  -5.5634659e-02  -1.3550796e-02   2.7588293e-01   2.3342959e-01  -1.9094532e-01  -1.1225323e-01  -3.2942548e-02
  -1.0337502e+00  -7.2841172e-01  -1.5889926e-01   1.2579289e+00  -1.9416693e+00   4.3849107e-01  -4.8135428e-01
   2.2365100e-01   2.0323311e-02  -3.4364909e-01   2.6072682e-01   1.2516579e-01  -1.6989085e-01   2.8295545e-01
   3.1006453e-01  -1.0356300e-01   3.9916583e-01  -1.4480244e-01   4.0825946e-01  -9.7884073e-02   3.9185804e-02
  -4.2444858e-01  -7.0824252e-01   3.7450913e-01  -5.7272364e-01   1.4127330e-01  -4.1017984e-01  -1.6087740e-01
   1.1656386e-01   1.7285765e-01  -1.0809263e-01   3.1249241e-01  -1.0790428e-02   1.1758450e-01  -1.7625206e-01
  -3.3210370e-01  -1.5731921e-01   1.2727642e-01  -4.6306965e-01  -7.5489191e-02  -1.4143176e-01   7.1659512e-02
   1.8456798e-02  -1.8541888e-02  -2.2711564e-01  -1.8458566e-01   5.0989883e-02  -4.0391392e-02   2.2010074e-02
   2.4416336e-01   1.3908417e-01   4.9221693e-01  -2.4445261e-02   1.5838921e-01  -2.2692213e-01   4.7004618e-01
  -8.7400232e-02  -3.0027104e-02   2.4810377e-01  -3.2705022e-03   2.0939828e-02   2.4639695e-01  -2.7807876e-01
   1.3607752e-01   3.9270357e-02   4.5647615e-01  -1.5100253e-02   1.8814810e-01   1.9026991e-01  -4.9323548e-01
   1.6509378e-02   5.2178732e-01   1.8415554e-01  -2.8907395e-01   2.7794778e-01   2.4092331e-01  -1.4414863e-01
  -4.0887787e-01   3.9903361e-02  -1.9718106e-01   3.1077867e-01  -3.0026179e-01   2.9449001e-01  -1.7630074e-01
   2.3436338e-01   5.4865137e-02  -4.0483814e-01   3.5633638e-01  -3.0975013e-02  -4.1687067e-01   1.6133073e-01
  -1.0089545e-02  -1.0614167e-01   6.6093811e-02  -1.4438155e-01   8.3093723e-02  -2.3165643e-03  -2.6679943e-02
  -4.5839336e-02  -3.5332015e-02   2.8342825e-01   9.2168647e-02  -2.4283824e-01  -5.2765175e-02  -2.3439932e-01
   6.9177361e-02  -3.1989629e-02  -1.5431324e-01   3.6517136e-02  -4.2072488e-03  -1.6770580e-01   1.7287653e-01
   2.2100804e-01   2.2238777e-01  -1.4463563e-01   3.4997187e-01  -9.5505880e-03  -4.3158444e-01  -1.0850999e-01
   1.4225097e-01  -2.5364299e-01  -3.0931984e-02  -3.8501536e-01  -1.8788425e-01   1.3109754e-01  -1.3777128e-01
  -7.2278829e-03   4.8349800e-01   2.8399780e-01   2.3718411e-01  -1.1618144e-01  -3.9441420e-02  -1.6349790e-01
  -2.2974249e-01   1.2533766e-01   1.8223805e-02   1.1509684e-01   5.7302567e-02   1.0141626e-01  -2.9089690e-02
   1.4974647e-01   6.4171645e-02   8.5254197e-02   3.6004574e-01   1.0412070e-01   1.3547527e-01  -1.6036782e-01
   1.1334937e-01   1.5778107e-01  -7.4955912e-02  -1.4931086e-01   2.9283550e-01  -1.5202081e-02  -5.5912510e-02
  -9.1616209e-02   3.8109106e-02  -2.0014137e-01   9.1274627e-02  -1.7255900e-01  -4.4518507e-02  -2.8708484e-01
