  -1.5834524e-01   5.9698037e-02  -1.3463919e-01  -2.1703874e-01  -1.9495332e-01  -7.5874621e-02  -1.6555118e-02
   8.7030044e-02  -5.7218704e-03   3.7390664e-03   1.2028618e-01  -1.0649163e-01   4.1226228e-02   4.6022538e-02
  -1.2998901e+00  -6.1505575e-01  -2.1339615e-01   1.8981542e-01   7.9934590e-01   3.2814691e-01   6.2080060e-02
   2.7985889e-01  -1.2142352e-01  -5.2843826e-01  -9.4448137e-02   3.3203505e-01  -1.4778173e-01   2.7708614e-01
  -1.8917727e-01   9.1318363e-02  -7.3942708e-02  -8.6826951e-01  -6.1345445e-02   2.0964893e-02   1.3219071e-01
   1.5949240e-01   2.9389210e-01  -8.7979585e-02  -1.1617211e-01   3.7412078e-02   1.5131599e-02   3.0598938e-02
   2.8190928e-01  -2.6019937e-01  -2.0118099e-02   4.4182883e-02  -1.2665569e-01  -2.2768373e-01   1.8334008e-01
  -1.6912627e-01  -2.5242444e-01   3.1259455e-01   4.5364366e-02   4.7629462e-01   5.1526243e-01  -1.8918800e-01
   2.0242601e-01  -2.5830119e-03  -1.8365854e-01  -3.6882846e-02   3.0125879e-01  -4.1752756e-03   6.8102184e-02
   1.2690620e-01  -9.3539489e-01  -2.0400435e-01  -1.0285190e-02  -7.3355430e-01   2.9299826e-01  -2.4788321e-01
   1.2384668e-01  -2.4129305e-02  -6.7500106e-02   2.9174425e-01   2.3850686e-02   5.4565822e-02  -1.4780446e-01
   8.6905283e-02   8.3018537e-02  -1.1434455e-01  -2.0256307e-01   2.6840082e-01  -9.2535421e-03   2.3185770e-02
   2.3625482e-01   5.2918035e-02   3.8931618e-04   2.0781411e-02   8.9014625e-02  -4.8777647e-02   1.0840721e-01
   2.7010925e-01   2.5888266e-02  -1.6098672e-01  -9.0723126e-02   1.2678512e-01  -2.5505884e-01   5.8000628e-02
  -1.4861215e-02   2.8732525e-02   8.8512869e-01  -2.1584229e-01   3.5432613e-01  -2.3298757e-01   2.2737336e-01
  -2.3308203e-01   1.1306401e+00   3.7691368e-01   6.8634958e-01   1.5566834e-01  -6.7196743e-01   2.0161915e-01
   2.8029399e-01   6.4990443e-02  -1.3755642e-01  -9.4110904e-02   2.8618950e-01  -1.5783732e-02   7.1590801e-02
   1.0076684e+00   1.5917652e+00  -4.9508001e-01   1.9108839e-01  -7.3103931e-01   1.1706727e-01   1.9831324e-02
  -3.3370521e-02   5.6860560e-02   1.1556413e-02   2.1119430e-01  -8.7498322e-03   1.7161530e-02   1.1723260e-02
   4.8868101e-01  -3.6728091e-01   1.0947631e+00  -2.2140779e-01   5.8168121e-01  -5.0345979e-02   2.3216094e-01
   5.5223611e-01  -2.4155103e-01  -2.4365290e-01   2.2447236e-01   8.2813041e-02   4.9005569e-02  -5.7788807e-02
   2.3976183e-01  -3.0328084e-01   7.1996240e-02  -1.2526340e-02   1.0570878e-01  -4.3599079e-02  -2.4282084e-01
   2.4573625e-01  -3.2790805e-02  -1.1981476e-01  -2.6648317e-01   3.8565051e-01  -3.4322328e-01  -2.2590113e-01
  -1.1648031e-01  -2.5402144e-02   1.0596048e-01  -3.4933525e-02   1.2499145e-01  -5.0122933e-02  -6.9599786e-02
  -9.4319509e-02  -1.2333434e-01   5.1560400e-02   6.7669727e-03  -2.4765343e-02  -1.2138679e-01   1.4511987e-02
   4.5084556e-02   9.9938947e-02   1.2183492e-01  -1.5360040e-01   1.3930257e-01   2.8028390e-02  -6.5350039e-02
  -2.3448489e-01   1.0249844e-01   2.6057083e-01  -1.0250890e-01   2.6957327e-01  -4.9370406e-01   1.1491505e-01
   9.8739155e-02   1.8699086e-02  -7.3585892e-01   9.0684159e-02   2.9259516e-01   2.3900489e-02  -2.2459690e-02
   1.5899793e-01   4.3999640e-01  -1.0614794e-02  -1.7805708e-01   7.3644581e-02  -9.7915337e-04  -2.4498866e-02
  -5.0357717e-02   2.2386365e-03  -3.9252897e-01  -4.8859177e-01   1.0901890e-01   1.3087797e-01   1.5741622e-01
   2.7210890e-01   7.8751054e-01  -6.0096277e-03  -4.2662373e-02  -1.2843897e-01   2.5372931e-01  -5.6283181e-02
  -1.7797217e-01  -6.7200577e-02   2.1601865e-01  -2.7809089e-01   2.4375472e-02  -3.1527882e-01   8.5744882e-02
  -1.8433203e-01   3.6971995e-02   5.0891408e-02   4.8749275e-01  -5.6588350e-02  -3.0990461e-01  -1.1377438e-01
   4.6607879e-02  -3.3481415e-01   3.9624466e-02  -6.3408539e-02   4.6612048e-02  -4.4064564e-01   1.7834857e-02
  -4.5750101e-02   1.6151017e-01  -1.5332366e-01   5.1241004e-01  -2.9955523e-01  -2.9893046e-01   6.2961802e-03
   7.5288440e-02   2.4933040e-01  -6.2077004e-02   3.3059684e-02  -5.9477431e-02  -1.8969440e-02  -1.2020231e-02
