  -1.9283433e-01   2.5837837e-02   2.7887575e-01  -2.2993611e-01   2.1351422e-02   9.3607798e-03  -3.5868791e-02  -2.0738017e-01  -3.7904914e-01   2.0421096e-01   1.9978088e-01  -4.8768499e-02   5.6102140e-02  -1.3220411e-01   4.9620889e-02   1.6298140e-01  -4.5680310e-01   2.6599328e-01  -3.1777151e-01  -1.6469076e-01   2.3529382e-01  -2.4884344e-02  -1.8582475e-01   1.6361050e-01   1.4243999e-01  -1.9837785e-01   3.0334219e-01  -8.0405241e-04   1.0777059e-01
   6.1664665e-02   5.4128078e-01   1.4385184e-01  -1.3858451e-01   1.3192391e-01   1.7206781e-01   2.5488140e-01   6.3638009e-02  -3.7171705e-01   1.1735238e-01  -7.4562033e-02   6.0800357e-02  -1.9610509e-01  -1.4188674e-01   2.4825442e-01   4.6928997e-02   3.2534836e-02   6.0081282e-01  -2.1745238e-01  -5.1707079e-02   1.8649441e-01  -4.8652324e-03   4.4550148e-02   1.2644396e-01   1.5018669e-01  -3.5546346e-02   3.5994545e-02   2.2313462e-02   1.2557235e-01
   1.2003207e-02   1.3589856e-01  -7.5126469e-02   1.5564869e-02   9.9483256e-03   3.8531999e-02   6.0209198e-02   7.4220980e-02  -1.2119285e-01  -2.5960289e-02   5.3492419e-02  -4.5227136e-02   4.7164371e-02   4.2689159e-02  -7.0942435e-02  -1.5230268e-02   5.5007910e-02  -4.4571252e-02  -1.0502400e-01  -1.6200322e-02   2.9400379e-02  -2.2160137e-02   7.3887025e-02   4.6224354e-02   1.6607410e-02   1.8786766e-02  -6.3700577e-03  -7.9420913e-02  -1.8850147e-02
   6.3418282e-03  -4.3432521e-02  -3.4857249e-02   1.4942009e-02  -2.3865184e-02  -2.7296722e-02  -5.3460559e-02   9.7944061e-02  -8.5254768e-02  -1.0893952e-02  -4.8163206e-02   3.3614308e-02   6.6593734e-02  -9.3437954e-03   3.2289378e-02   2.7304805e-02   1.6421865e-03  -3.1206163e-03   1.0204939e-01  -2.4715852e-02  -1.4654437e-02  -6.2405578e-02   1.2353957e-02  -2.2336451e-02  -5.6681264e-03   7.4519561e-03  -2.3356259e-04   3.6890977e-03  -8.2345305e-05
  -1.5383042e-02   8.1348815e-01   6.0632283e-02   2.6514659e-01   1.4824008e-01   5.1708795e-02   3.5511800e-01   8.8747580e-01  -3.6673727e-01  -2.0501319e-01   3.6141430e-01  -6.4919098e-02   2.2674278e-01   2.1997965e-01   6.8250171e-02  -1.2504924e-01   3.1336799e-01   3.7039407e-01  -8.0326455e-01   1.9653496e-01   1.9729788e-01  -6.1389544e-01   7.3243963e-01  -3.7083658e-03   3.2887740e-01   6.7430655e-01  -8.9071982e-01   1.0561524e-01   2.3107174e-01
   5.8105265e-02   6.6065016e-02   6.6643837e-02  -1.1875678e-01  -1.0839711e-02  -1.3652470e-01  -3.2462782e-01   2.4589969e-01  -1.7005289e-03  -1.1643507e-02  -5.5475179e-01  -1.5087203e-01  -1.1251847e-01  -6.1814067e-01  -1.1478341e-01  -1.9000993e-01   3.9529252e-01   8.4089402e-03   3.8664007e-01   4.8158998e-01  -2.0805030e-01  -1.2778000e-01   4.5377392e-02   2.7982570e-01   2.0546146e-01  -3.4561535e-01  -1.7362449e-01   8.2610460e-02   7.3993248e-02
  -1.0380754e-01   1.0605876e-01  -9.2028615e-02  -1.1940025e-01  -6.8962762e-02   2.8652278e-02  -3.7182387e-02  -2.7018682e-01   3.2725788e-01   1.3704496e-01  -2.0243849e-01   3.9751077e-02  -7.5848490e-03  -1.5407658e-02  -7.4488062e-02   2.4316951e-02   1.8587240e-01  -1.4619346e-01   6.7414723e-02   2.8583019e-02  -1.6241882e-01   1.5494734e-01  -2.2563706e-02  -7.7119178e-03  -1.1176473e-01   6.7351054e-03  -1.3166155e-01   4.9610363e-02  -1.7263326e-01
   6.3935042e-02   7.2282882e-02  -2.3116827e-02  -3.8821916e-05   3.8397794e-02  -5.5756490e-02   9.3339998e-03   9.0085691e-02  -8.0910206e-02  -2.4651364e-02   1.0215652e-01   2.0833617e-02  -7.8523423e-03  -3.4903461e-03   2.9333570e-02   4.5578084e-02   4.6760331e-02   3.4222425e-02  -1.3291436e-02   1.9167310e-02   3.7330112e-02  -4.4238843e-02   1.7266173e-02   1.3054614e-03  -3.1666485e-04   4.4876728e-03  -4.3395506e-02  -6.7378991e-02   6.0166496e-02
  -1.0342305e-01   1.6699653e-01   1.4514613e-03   1.4928924e-02   1.7205221e-01   1.7403196e-01   2.0993395e-01   5.5551457e-01  -7.0587277e-02   7.0711291e-02   2.1261595e-02  -6.5811747e-02   2.4948015e-01  -3.1377525e-01   1.4305759e-01  -4.0912639e-02  -3.1496927e-01   4.8084457e-01  -4.4509046e-01  -1.0825171e-01   1.6271342e-01  -3.0481335e-01   1.2843725e-01   1.5219711e-01   3.3891127e-01   1.1435364e-01   7.9863043e-02   4.5922847e-02   6.8337542e-02
   1.0786817e-01   6.9626002e-02  -2.5754108e-02   2.5883144e-02   9.1364548e-02  -7.6682795e-02  -2.0979497e-02   1.0762473e-01  -7.0293284e-02  -4.3369418e-02   1.6557968e-01  -1.0506015e-02  -4.7802994e-02  -4.4246776e-02   1.1810683e-02  -3.6753725e-02  -3.1402470e-02  -8.2238339e-03  -6.8428656e-02   4.7945382e-02  -2.8675682e-02  -1.8551078e-01   4.0443765e-02   1.0657540e-01   2.6715475e-02  -1.0003604e-01  -9.3270549e-02  -8.9335449e-02   6.9267505e-02
  -1.8413331e-01  -5.6076853e-01   2.8633087e-01  -2.1350958e-01   1.4877835e-01   2.8338264e-01  -2.4959241e-02  -3.1162142e-02   4.1477586e-01   1.5853696e-01   1.6208094e-01  -1.7310328e-01  -1.8580545e-02  -3.0766559e-01   2.7245664e-02  -6.6462117e-03  -6.5569438e-01   3.0805894e-01  -3.3392164e-01  -8.8719478e-02   5.0821161e-02  -7.4707352e-02  -3.0464276e-01   2.8559265e-01   2.0592473e-01  -1.5077788e-01   6.4371640e-02   1.6733258e-01   6.9747660e-02
  -1.7099062e-02  -7.1251613e-03   1.0282427e-02  -4.3703496e-03   2.9399483e-04   2.4063594e-02   2.2185193e-02  -3.6081435e-02   2.6040124e-02   1.0354600e-02   2.4005633e-02  -1.4542725e-02  -7.6037111e-03  -2.5391452e-03  -6.5685112e-03  -4.2964035e-03  -2.1229392e-02   6.0803522e-03  -4.2848844e-02   4.9426295e-04   7.9985762e-03   2.4863487e-02  -1.1418378e-02   8.3590636e-03   1.1842378e-03  -4.7561882e-03   9.9667010e-03   1.0834638e-02  -1.8229395e-03
   2.5859537e-01   5.1228227e-01  -4.0058197e-01   3.1582789e-01   3.2607698e-02  -1.9063337e-01   3.0594891e-02   2.1973894e-01  -4.2968783e-01  -1.5524216e-01   2.8013952e-01   1.8404903e-02  -1.8738192e-01   1.3635480e-01   6.6750042e-02  -9.0707879e-02   3.2215826e-01  -2.4575803e-01  -1.5080358e-01   6.0779974e-02  -5.1009072e-02  -1.1905612e-01   1.9148481e-01  -1.5690265e-01  -2.2329308e-01   3.4420426e-01  -2.7286095e-01  -5.9065188e-02  -1.2287005e-02
   2.1959518e-02  -1.3614061e-01  -5.9286588e-02   1.0636418e-01  -1.8717698e-02   2.2759475e-02  -1.5354381e-01  -4.6628970e-02  -8.0951999e-02  -4.5017610e-02  -9.6517551e-02  -3.0162527e-02  -9.8913653e-04   4.2883960e-02  -7.3332068e-02   3.2387818e-02  -2.8114286e-02  -4.7491857e-02   1.3255694e-01  -2.6088244e-02   6.0623234e-03   9.3148593e-03   6.3702629e-02  -1.0482832e-02   5.0016319e-02  -1.5413126e-02   7.8990138e-02  -1.4075303e-02   1.5861785e-02
   4.0556265e-02   2.2455600e-02  -4.5987218e-02   2.8054512e-02   8.8690376e-03  -5.0494594e-02  -2.9044459e-02   8.5296551e-02  -5.4812153e-02  -2.0701681e-02   1.1232361e-03   2.0677701e-02   4.9257166e-02   7.0320595e-03   7.9615157e-03   2.6208617e-02   2.9487156e-02   2.1253780e-03   2.9986895e-02  -1.9826838e-02   1.3379978e-02  -3.1477966e-02   2.8109979e-02  -1.5375762e-02  -4.0531911e-03   5.3937715e-02  -1.6094474e-02  -3.7329001e-02   2.6181822e-02
  -8.1026844e-02  -7.9525599e-02  -8.5562321e-02   5.3610887e-02  -3.9810264e-02   1.8928496e-01   1.1060348e-02   8.4920189e-02   1.2792734e-01   5.6022912e-02  -1.6150238e-01  -2.1451469e-02   2.0625919e-01  -1.2366739e-02  -9.8607948e-02  -5.7399385e-02  -1.1634438e-02  -2.6275424e-02  -1.4254294e-01  -9.0003338e-02   1.5766684e-03   6.1233916e-02   1.5790736e-02   1.1775640e-02   3.8772302e-02   1.3609600e-01   9.6907904e-02   4.2561902e-02  -7.3159022e-02
  -2.3987637e-02  -1.8504059e-02   4.4341640e-02  -3.3258727e-02   6.8151341e-03   1.1726290e-02   3.7663034e-02  -7.6064611e-02   6.6358254e-02   1.0472404e-02   2.4662508e-02  -3.1342043e-02  -6.6712430e-02  -1.1285673e-02   1.2334414e-02  -1.5279062e-02  -3.9330449e-02   7.1597923e-03  -3.9476777e-02   3.3652456e-02  -1.8155676e-02   5.5798742e-02  -2.6654050e-02   1.7447910e-02  -1.8448238e-02  -7.0157702e-02   2.3534858e-02   2.7409032e-02  -2.8222545e-03
   4.3779882e-03  -1.3401233e-01  -3.2995788e-02  -2.7750987e-02  -9.6643739e-03  -4.2953796e-02   5.8106090e-03   1.0139560e-01   1.6760795e-01   2.8618263e-02   3.3538396e-01   2.3558163e-01   3.0526935e-01   5.4093052e-02   2.5197850e-01   3.1765824e-01  -2.2440050e-01  -7.8378291e-02  -8.5777700e-02  -1.2406925e-01   6.1082660e-02  -1.4542910e-02  -8.6797895e-02  -1.9515639e-01  -1.8756161e-02   3.2600256e-01  -1.0207176e-01  -5.8392085e-02   1.2910181e-01
   2.3101347e-01   1.1736417e-01   7.2766645e-02  -4.0134550e-02   9.2580013e-02  -4.0780130e-02  -9.2962373e-02   2.6196552e-01  -1.6760933e-02  -1.0890072e-02   3.8939869e-01   1.6342649e-01   4.8467101e-03  -2.7203835e-01   8.3730292e-02  -3.4375160e-02   4.1527470e-02  -6.3431601e-02  -3.7430555e-02   9.9256850e-02  -4.2870596e-02  -3.6173582e-01  -9.3992050e-02   1.0177919e-01  -4.4135544e-02  -2.0239482e-01  -2.4954359e-01   4.0311588e-03   5.9237680e-02
  -1.7670504e-01   5.7963748e-02  -1.2976945e-01  -3.4336626e-02  -8.2645356e-02   1.9031469e-01   1.5087298e-01   3.2932913e-01  -1.1833485e-01  -6.2845409e-02  -9.8099415e-02  -1.1214593e-02   2.5162341e-01  -1.5498289e-01  -3.6679230e-02   6.4473964e-02   1.6509269e-01   6.3883028e-02   6.1138494e-02   1.0619818e-01  -2.0958055e-02   9.7492809e-02   9.3653941e-02   2.1638121e-02  -1.1652548e-02  -1.4583286e-01   7.5226538e-02  -8.6783370e-03  -5.4590950e-02
   7.9280299e-03  -1.6305641e-02  -8.5971061e-03   3.0553830e-03  -7.6894829e-03  -3.3470299e-02  -2.9604040e-02   5.1595288e-02  -3.8735519e-02  -5.0627779e-03  -3.2234037e-02   1.9224920e-02   1.4073844e-02   4.1055709e-03   2.6137575e-02   1.1206562e-02  -8.7658057e-04   1.9355966e-03   6.2880026e-02  -1.0508634e-02  -1.3879735e-02  -3.0020460e-02   2.4513988e-03  -2.0461711e-02  -1.1375741e-02   1.6986487e-03   9.1533273e-03   1.0959924e-02   7.4811028e-03
  -1.4558306e-04  -5.6718810e-02  -1.4136213e-02  -1.2213470e-02  -6.9609089e-03  -1.9578136e-02  -3.3335111e-02  -3.6938854e-02   6.6961486e-02   2.5104913e-04  -3.7910133e-02   1.5556899e-02   1.0826857e-02  -3.0055484e-02   2.0718583e-02   1.0460821e-02  -1.4657795e-02  -1.9232806e-02   6.2903765e-02   5.7253070e-03  -3.5956276e-02   3.6194985e-02  -2.1318183e-02   1.3610039e-02  -3.4374288e-02  -2.1196468e-02   9.9155510e-04   1.8626637e-02  -3.1774756e-03
  -2.7920012e-01  -8.0708510e-02   1.1207914e-01  -5.8819224e-02  -2.5077480e-01  -1.6766490e-01   2.6592842e-01   4.0645171e-01  -9.5688297e-02   4.0826870e-02   5.2255231e-01   1.4605498e-02   4.0801544e-01   1.0285533e-02   2.0960166e-02   1.4153349e-01  -4.2321072e-01  -5.2262632e-02  -4.8384330e-01   1.0876071e-02  -5.9797558e-02  -4.0917303e-01   8.8379672e-02  -3.8548405e-02  -6.8924780e-02   1.7796549e-01  -1.8665965e-01   1.1314864e-01   4.3770956e-02
  -4.4213591e-02  -1.3744664e-01  -2.1908332e-03   9.6226487e-02  -9.7395521e-02   5.9398639e-03  -8.9302998e-02   1.2931607e-01  -1.5026009e-01  -9.3248094e-02  -1.2784298e-01  -3.1683821e-03   4.3560880e-02   1.7805576e-01  -2.8563882e-02  -1.0980847e-01   1.4269573e-02  -1.3981283e-01   1.9909737e-01  -1.5962551e-02  -9.2248253e-02  -1.3508544e-01   4.4207877e-02  -1.2398023e-01   2.3678454e-02   1.0560785e-02   6.6021874e-02   1.2504993e-01  -3.6648654e-02
  -6.9462262e-02   2.1666366e-01   1.0111418e-01  -6.0029402e-02   7.9590545e-02   1.9155222e-01   5.9525278e-02   2.1045648e-01  -1.2423492e-01  -5.0767704e-02  -1.3892166e-01  -1.2515315e-01  -2.6699066e-01  -1.0820024e-01  -1.7107551e-01  -3.1867010e-01   2.5109017e-01   7.3942686e-02  -9.3615689e-02   1.0884583e-01  -1.0165334e-01  -9.6088729e-02  -3.9198044e-02   2.7098234e-01   1.0893328e-01  -2.2905761e-01  -4.2893454e-02   2.7399546e-01   1.7565821e-02
   5.3089653e-02   8.7979536e-02   1.2799766e-01  -1.1217756e-01   5.9799398e-02  -6.3047305e-03   1.7749800e-01   1.4556257e-01  -9.3790864e-03   5.8783875e-02   1.8459954e-01   3.7914458e-02  -2.1785204e-01  -2.6526718e-02   1.0804424e-01   1.2805678e-01   1.2663168e-01   1.1770117e-01  -2.2228951e-01   3.7125093e-02   8.9178327e-02  -1.9137382e-01   3.5269940e-02  -4.9109315e-02   5.4994676e-02  -1.6503452e-01  -6.9311151e-02  -6.3667002e-02   2.0105047e-02
