  -2.8130554e-01
   1.4928256e-01
  -1.3167991e-01
  -2.1997884e-01
   4.8936300e-03
   5.1000165e-02
   1.1576106e-01
  -1.3236262e-01
   1.4023157e-01
  -3.5990938e-01
   2.4221315e-01
   2.0034742e-01
   1.1166649e-01
  -9.5021252e-02
   1.2181259e-01
  -1.7780576e+00
   3.4340168e-01
  -2.5276648e-01
  -2.9603609e-01
  -1.6456303e-01
   1.8339810e-01
   2.0146638e-01
  -3.1595297e-02
   4.0788379e-02
   2.4924277e-01
   7.5471671e-03
   1.9204720e-01
  -7.7333161e-02
  -6.6053136e-01
   1.9933914e-01
  -3.4659952e-01
  -2.4414458e-02
  -1.0879005e-01
  -2.4344220e-01
   1.0244915e-01
  -6.0185402e-01
  -1.9631849e-01
  -7.9649953e-01
   3.0365282e-01
