  -1.4245777e-02
   1.1411078e-02
   4.3595270e-01
  -3.2352712e-02
   7.2411836e-03
  -7.5039131e-02
  -1.4323905e-02
  -1.3249766e-02
   1.8864894e-01
  -6.1481820e-03
   1.1061559e-01
   4.3193185e-02
  -4.1402285e-02
  -6.1565404e-02
  -7.8562618e-02
  -6.2493041e-02
  -9.1574286e-02
  -1.2583811e-01
  -1.8527537e-01
   2.2205711e-01
   6.1782939e-02
  -1.8870514e-02
  -2.0199633e-01
  -8.7299861e-03
   7.3259063e-02
  -4.0211573e-02
  -6.2009036e-02
   5.7900118e-02
   6.6387599e-02
   9.8966949e-02
