  -4.4670429e-02   1.5665416e-02   1.0939675e-01   6.2048486e-03   8.3632795e-02  -4.5482827e-02  -4.3106485e-02  -5.3284099e-03   5.6199619e-02   9.0612929e-02   4.8078327e-02  -3.6823366e-02   2.3388560e-02   3.5722535e-02  -5.2632681e-02   6.8873851e-02   6.2253999e-02  -7.1271612e-05   3.2844730e-02  -6.2757869e-02  -2.1795261e-02   4.6003501e-02  -1.9839309e-03  -1.9897280e-02  -2.4108562e-02   3.3986892e-02
   5.2839445e-02  -7.3719940e-02   3.9905390e-02  -4.0705066e-02   4.0892607e-02   1.0084587e-01  -2.4476219e-02   1.9156848e-02   1.7607991e-02  -9.3332665e-02  -1.4981791e-01   1.4404002e-01   4.5572652e-02  -2.5473597e-02   6.6955952e-02   2.4501163e-02  -1.6710643e-01  -1.3627617e-01   7.7072967e-03   2.1266064e-01  -5.9343127e-02   6.6167095e-02   1.1793567e-02   6.4187786e-02   2.0020552e-02   3.6591768e-03
  -3.2220295e-02   3.6843184e-02   5.8323493e-02   1.9033619e-02   4.9773767e-02  -1.0075378e-02  -3.4849564e-03   1.4064600e-02   9.7962464e-03   6.8984150e-02   5.4246676e-02  -3.5504680e-02   1.2561094e-02  -1.6548642e-02  -2.4776587e-02   2.7158636e-02   4.6346635e-02  -1.7141546e-02   1.8522951e-02  -8.0482050e-02  -3.3198003e-02   3.2627762e-02  -8.0317983e-03  -1.5777029e-02  -1.0349511e-02   3.1844043e-02
   9.9691978e-02  -8.9634504e-02   8.6695998e-02  -9.6185874e-02  -9.4085610e-02   1.1360835e-01  -4.9336366e-02   8.2572452e-02  -3.3989829e-02  -4.8992402e-02  -3.9623897e-02   2.7886222e-04   1.8666664e-02  -1.0334088e-01   5.4325682e-02  -1.0434363e-01  -6.5215316e-02  -7.3936797e-02   5.1913552e-02   9.6300433e-02  -1.3756263e-02   1.1985752e-01  -7.3819905e-02   2.4266781e-02  -4.6734026e-02   5.3526266e-02
   2.8376564e-02  -8.3140818e-02  -1.8583544e-01  -3.0501343e-02  -3.8391279e-01   2.6671213e-02  -7.3462700e-02   4.1957874e-02   8.2823975e-02  -1.3424013e-01   1.9792927e-01  -1.6476561e-01  -1.3991080e-01  -8.8330919e-02  -9.9969418e-02  -3.4804489e-01   1.9836033e-01   1.7149184e-01  -3.2282970e-02   3.5424923e-01   2.8893239e-01  -1.2387273e-01   9.4279909e-02  -7.4142465e-02  -2.0262052e-02   5.3044402e-02
  -9.2480588e-02   1.4664447e-02  -6.2658283e-02   1.3013974e-01  -8.1544407e-02   5.6771459e-01  -1.0265000e-02  -7.6439474e-03   2.9982446e-01  -7.8531616e-02  -2.2810728e-01   4.4818250e-01   2.8391241e-01  -1.9824244e-02   3.2525930e-01  -1.3137286e-01  -1.4055895e-01  -1.6804860e-01   1.3416541e-01   1.9817689e-01  -1.8267062e-01   1.3559476e-01   6.9055588e-03  -3.4552558e-02   1.2260912e-01   1.0558172e-01
   5.6007409e-02  -3.1764165e-02  -2.6361043e-02  -2.4713130e-02  -6.8489387e-02   2.6025394e-02  -1.9895321e-03   4.3378848e-02  -5.3845560e-02  -7.4894011e-02  -2.1208757e-02   4.1208774e-02  -5.4897481e-02  -4.6692981e-02   5.0361331e-03  -6.9600435e-02  -6.8570863e-03  -6.5940111e-03  -1.3833368e-02   6.4700109e-02   2.7292997e-02  -2.4325545e-02  -3.6247012e-02   5.4730375e-03   1.1123394e-02  -1.0127553e-02
   5.5520035e-02  -1.5541376e-01   9.4690673e-02  -1.1394890e-01  -2.2485495e-01   2.1057385e-01   1.1683015e-02  -9.9886982e-02   1.5963837e-01  -3.1760136e-01  -1.8376680e-01   3.7646105e-02  -6.6975625e-02   1.9071013e-01   9.7060404e-02  -4.3295336e-02  -1.0465421e-01   9.6709660e-03  -7.3836498e-02   4.8332816e-01   2.8084811e-01  -5.2821553e-02   1.3916976e-01   6.1908573e-02   9.8163468e-02  -8.4055238e-02
  -2.4446190e-02   3.8631120e-02  -3.2216079e-02   4.2623450e-02  -1.9658351e-02  -3.3278303e-04   1.0713311e-02   1.2697724e-02  -3.7371092e-02  -1.2204660e-02   6.5793838e-02  -2.8485686e-02   1.0272144e-02  -1.3995951e-02  -9.4996650e-03   4.3508620e-02   6.3034039e-02   1.9515227e-02   3.4658886e-03  -6.7477818e-02   1.9392498e-02  -3.8141627e-02   2.3547262e-03  -4.7126849e-02   2.5260185e-02  -5.5992591e-02
   2.5046837e-02  -3.7754963e-02  -9.6434646e-02  -1.2034459e-02   6.9327806e-04  -4.9764934e-02   3.4684460e-02  -6.6790815e-02  -7.2242618e-05  -1.1209177e-01  -1.4023418e-01   2.5253273e-02  -4.8547995e-02   4.8879141e-02   1.7098546e-02   2.3096978e-02  -1.1332722e-01   5.6376723e-02  -6.9196518e-02   1.0310194e-01   3.3414039e-02  -4.5819027e-02   8.2624801e-02   3.7337264e-02   3.5316437e-02  -7.0797113e-02
   6.6046589e-02  -2.0205905e-01  -2.2762338e-01  -1.1654375e-01  -2.5764521e-01  -4.1276528e-01  -1.4777397e-01  -7.4732929e-02   2.3334270e-01  -2.9010361e-01  -1.2047079e-01   2.0797315e-01   1.3535918e-01  -2.0253748e-01   6.3815857e-02  -2.4846983e-01  -2.2460462e-01   2.1318886e-01  -5.7150872e-02   1.5207557e-01  -5.1070364e-02  -3.2574717e-02  -2.5799494e-01   1.9394746e-01  -4.4568453e-01  -9.5322660e-02
   8.2083823e-02  -5.3963530e-02   3.7696727e-03  -3.3876709e-02   5.1038137e-02   2.9610368e-02  -2.2703767e-02   5.9440448e-02  -2.6240239e-02  -1.2905887e-01  -5.8177254e-02   5.4135568e-02  -4.5201403e-02  -4.4854930e-02  -1.3459210e-02   9.3583182e-02  -1.3646415e-01  -1.0639050e-01  -3.4184270e-02   1.0044496e-01  -2.6201352e-02   1.4434786e-02   4.7066088e-02   6.8065599e-02   7.2646904e-05  -7.8261510e-03
  -8.5819744e-02  -3.1029039e-03   7.5394839e-02   1.7940762e-02   1.2989095e-01   4.2236152e-02  -5.2097616e-03  -7.5445714e-02   6.7682790e-02   1.7389818e-02  -5.3433666e-02  -3.6815360e-02   9.0564760e-02   1.9121483e-01   5.4805547e-02   1.7876138e-01  -5.2528079e-02  -5.9740824e-02  -4.5242614e-03  -1.0027152e-02  -1.7499015e-03   2.1108488e-02   1.6581740e-01   3.1555058e-02   4.0321315e-02   1.5691156e-03
   5.9228763e-03   7.7201302e-02  -9.3236184e-02   9.6894032e-02   5.1031559e-02  -2.4716044e-02   6.8937652e-02   1.1396149e-02  -8.9602565e-02   2.1551813e-02  -1.1078875e-02   4.1841888e-02  -1.4293155e-01  -7.0050848e-02  -4.9312113e-02  -1.0537313e-01  -2.2707531e-03  -3.5577272e-03  -1.1797010e-01  -2.5548665e-03  -6.1353602e-02  -7.6134261e-02   4.3456885e-02  -1.1190630e-02   7.6438339e-02  -3.6729997e-02
  -5.7304261e-02  -5.8014062e-02   1.9367440e-01  -4.5364099e-02   5.6212534e-02  -2.6024696e-02  -5.6743562e-02  -4.6355975e-02   8.3684922e-02   1.1060313e-02   4.4412985e-02  -2.1902774e-02   5.3474902e-02   7.4427678e-02  -1.3576722e-01   1.4094526e-01   9.5035646e-02  -4.3131618e-02   1.8068620e-02   1.4001625e-01   1.4242931e-01   5.6063727e-02   3.8900130e-02  -2.6691700e-02  -5.1217888e-02   2.0513771e-02
  -5.7550574e-02   1.5360525e-02   9.4861134e-02   1.1317410e-02   7.0714490e-02  -2.9718346e-02  -2.8669571e-02  -2.4878101e-02   7.1332809e-02   7.4182918e-02   2.3745332e-02  -3.5584869e-02   3.2647753e-02   5.7983574e-02  -3.4831434e-02   7.7934202e-02   5.0992612e-02   8.8350137e-03   2.5027540e-02  -2.8876433e-02  -1.8266460e-03   3.3284884e-02   1.5056681e-02  -1.9663638e-02  -1.1581131e-02   3.2912877e-02
   2.8493798e-01  -8.8985965e-02  -3.0622855e-02  -1.1359372e-01  -4.1290194e-02   2.1483369e-01  -7.7350849e-02   3.7369052e-01  -4.8353250e-01  -3.3367854e-01  -4.7968890e-03  -3.2302054e-01  -2.1145475e-01  -4.2620730e-01   1.0232227e-01  -1.1395923e-01  -2.9033255e-01  -2.9732348e-01  -6.4457272e-02   2.8825088e-01  -9.6757713e-02   2.3122362e-02  -9.4084821e-02  -6.6127894e-02   9.3240682e-03  -2.2907158e-01
  -9.6408413e-02   1.0738711e-01  -1.8937267e-01   1.0694774e-01  -6.5313193e-02  -2.8348163e-02   9.3932029e-02  -7.6523236e-02  -1.3427807e-02   7.0218675e-02   1.9885920e-01  -1.2690614e-01  -5.5240196e-02   1.4248931e-01  -6.6578565e-03  -2.0018947e-02   1.8557537e-01   1.8855445e-01  -4.0943848e-02  -3.0217778e-01   7.4107838e-02  -1.6014199e-01   4.2551417e-02  -7.7307707e-02   3.8478569e-02  -4.7508513e-02
  -5.9885219e-02  -7.8692289e-02   3.7985954e-01  -8.3047813e-02   1.5269578e-01   2.9585590e-02  -1.0453558e-01  -1.4701653e-02   9.9546624e-02   1.7884154e-02  -3.9790598e-02  -4.3554430e-02   1.2238022e-01   1.1372509e-01  -4.8406219e-02   8.0500832e-02   1.8469924e-02  -1.0221866e-01   9.0531116e-02  -5.4487925e-03  -5.1437229e-02   1.9097650e-01  -1.1311319e-02   5.9171986e-02  -9.2195452e-02   1.6735978e-01
