  -3.3729784e-01
  -3.7312710e-01
  -8.5504390e-02
   2.1620501e-03
   9.7231580e-03
   2.4494934e-01
   1.9346776e-01
   5.8701772e-01
  -9.1050924e-02
  -1.9908186e-01
  -5.6746140e-02
  -2.7153378e-02
   1.3970801e-01
  -8.8715741e-02
   1.1611278e+00
   8.2637184e-01
  -5.1586611e-01
  -1.1178291e-01
  -2.2947770e-01
   1.4739664e-01
  -3.8204274e-02
   1.1293982e-01
  -1.3375073e-01
  -7.1064847e-02
   5.7519705e-01
  -4.0651664e-01
   1.1615358e-01
   4.8225177e-02
  -5.4233098e-02
   1.0497335e-01
  -7.2817885e-02
