   1.1541108e-01  -1.0058220e-01   4.2915838e-02  -6.0950786e-02   1.2319413e-01  -9.1983265e-02  -1.4613632e-02  -1.3855369e-02  -1.5543227e-01  -1.5356654e-01   3.2874744e-02  -3.2778541e-02  -4.3333079e-02  -9.0166115e-03   1.8029718e-02   5.4395635e-02  -5.7650639e-02   1.0614774e-01   5.5616663e-02   1.3216740e-02   2.8462001e-02   6.0612229e-02  -1.2402302e-01  -6.1520392e-02   1.3467363e-01  -3.7615652e-01  -2.9559874e-02  -1.3899964e-02   4.9453387e-01  -9.4929606e-02   5.7807424e-02   3.1335408e-02
  -1.3831686e-02   8.9850812e-04  -1.2570821e-02   1.9645900e-02  -8.5455072e-03   1.5792954e-02  -1.1060595e-02   7.5442062e-04   2.0022012e-02   1.6430047e-02  -1.1533322e-02   3.8401550e-03   1.2822862e-02   8.3765020e-03  -2.3261116e-02  -1.8167084e-02   2.3556890e-02  -2.2460501e-02  -8.9429482e-03  -4.7912184e-03  -2.3725579e-03  -3.2455899e-02  -4.8688934e-03   4.0133443e-03  -2.4403248e-03   3.0655119e-02   1.6681760e-02   1.1980832e-03  -9.3414006e-03   6.1732543e-03  -6.3808934e-03  -5.3448202e-04
  -5.1090840e-02   7.0153713e-03  -3.8878554e-02   9.3876336e-02  -6.1443415e-03   8.0524671e-02  -4.7984181e-02  -1.1860930e-02   8.2903418e-02   5.3607629e-02  -1.4015729e-02   3.6626335e-02   4.4846491e-02   2.2684891e-02  -1.0918597e-01  -7.4423902e-02   7.7425685e-02  -1.9083425e-01  -3.2005674e-02  -3.9885967e-02   3.8529260e-02  -1.6213689e-01  -1.3317477e-02   3.1786900e-02   3.4588320e-02   1.1646326e-01   5.8120987e-02  -2.0099867e-02  -8.9786077e-02   2.9322547e-03  -1.9611806e-02   1.8921455e-02
   3.1976786e-02   2.0110358e-03   2.6924884e-02  -4.0990852e-02   1.6108417e-02  -4.0754911e-02   2.3484538e-02   4.3638868e-04  -4.5727524e-02  -3.2983361e-02   2.0716724e-02  -1.2474278e-02  -2.7695349e-02  -1.6237556e-02   5.6695722e-02   4.3032544e-02  -4.6890751e-02   7.6014630e-02   1.9973172e-02   1.5125558e-02  -1.6201905e-03   9.0041877e-02   3.8518407e-03  -1.4195547e-02  -1.0731898e-02  -7.4463982e-02  -3.4496651e-02   3.0699412e-03   3.9555477e-02  -1.1243734e-02   1.3130374e-02  -2.7008266e-03
  -3.8153257e-02  -7.5617887e-03  -2.7631867e-02   4.0881126e-02  -2.3017094e-02   4.7860481e-02  -2.3284605e-02   1.7352963e-03   5.1493169e-02   2.9460499e-02  -1.9387477e-02   1.7668473e-02   2.8747631e-02   1.6936766e-02  -6.4582028e-02  -4.6595187e-02   4.2670544e-02  -9.7994573e-02  -2.4103206e-02  -1.4073460e-02   4.9909320e-03  -1.0880003e-01  -9.4687668e-04   2.1787028e-02   1.7548497e-02   8.3913304e-02   3.3005656e-02  -5.0011458e-03  -4.8031741e-02   1.3570167e-02  -1.7022721e-02   6.5609862e-03
   2.3593235e-01  -1.0222879e-01  -2.1777122e-01   3.4785448e-01   4.1003635e-01   1.5937408e-01   2.7245703e-02   2.3449619e-03   2.9140694e-01   1.1876875e-01  -1.1451451e-01   8.1778280e-03   3.3281942e-02  -3.2860568e-02  -1.1568641e-01  -1.0622592e-01  -1.0311486e-01  -1.7042263e-01  -1.2896271e-02   1.2660968e-01  -8.3169946e-02  -5.9607639e-01   1.4141364e-01  -3.6885593e-02  -1.8367693e-01   8.4890624e-01   3.9126815e-02   1.1306998e-01  -6.3009350e-01  -1.6044841e-02   5.3889702e-03   5.4849611e-02
  -4.7735180e-02  -1.7048568e-02  -2.7629485e-02   3.8640158e-02  -3.4196843e-02   5.6658466e-02  -1.9704947e-02   6.7103376e-03   5.5495242e-02   1.8284850e-02  -1.5622562e-02   2.4196952e-02   2.7712626e-02   1.4906352e-02  -7.4305104e-02  -4.8746143e-02   2.6847791e-02  -1.2461930e-01  -2.9242660e-02  -8.1319058e-03   9.8782789e-03  -1.3048931e-01   3.4313380e-03   3.3861128e-02   2.6104750e-02   9.5757253e-02   2.5032348e-02  -7.3314156e-03  -5.6687050e-02   1.8897240e-02  -2.2920156e-02   1.3024477e-02
   3.9838553e-01   1.7229766e-01   1.7997600e-01   5.2215705e-02   1.5089921e-01   3.7384254e-03   1.6863208e-01  -2.4561871e-01  -2.2568107e-01  -5.6734538e-02   3.9063511e-01   4.4258775e-02  -1.8643859e-01  -2.1092873e-01   3.5012050e-01   1.9169703e-01  -2.5302889e-01  -8.0248894e-01   2.6241709e-01  -8.3348112e-02   4.4782594e-01   6.8581905e-01   2.6918164e-01  -1.4013480e-02  -3.7995461e-02  -3.5587030e-01  -1.5493949e-01  -2.1522064e-01  -3.8129327e-02  -2.7943290e-01   2.1992698e-01   7.5006284e-02
  -3.8531152e-02  -2.9512615e-03  -3.0938050e-02   4.9983768e-02  -1.6147475e-02   5.1923959e-02  -2.6922397e-02  -1.9611149e-03   5.7301657e-02   3.6242843e-02  -2.2794497e-02   1.8182591e-02   3.2426751e-02   1.8666601e-02  -6.9533625e-02  -5.2250908e-02   5.2638678e-02  -1.1231547e-01  -2.3883125e-02  -1.9955638e-02   7.2560608e-03  -1.1549928e-01  -2.3558198e-03   2.0070218e-02   1.8965480e-02   9.2024793e-02   4.0687513e-02  -6.4848756e-03  -5.6539079e-02   1.3719953e-02  -1.4653462e-02   5.7888953e-03
  -2.9729266e-02  -8.8930972e-03  -1.1753693e-02   1.9895647e-02  -2.9552537e-02   2.1951186e-02  -1.0530289e-02   7.4829727e-03   2.5434567e-02   1.1553339e-02  -7.9301752e-03   1.1289835e-02   1.3243710e-02   8.0289977e-03  -4.6020844e-02  -1.9330527e-02   1.3194645e-02  -3.8835516e-02  -1.6459478e-02   1.1240060e-03   1.8240498e-03  -5.7075759e-02  -2.6279748e-03   1.7765469e-02   4.3536434e-03   3.8030501e-02   9.4711708e-03  -2.0601429e-04  -6.6790129e-03   9.9521051e-03  -1.4137913e-02   6.4770684e-03
  -1.8801613e-03   4.9434188e-03  -1.0914295e-02   2.6275501e-02   2.8463100e-02   5.9354279e-03  -2.4827441e-03  -1.1163119e-02   1.1898026e-02   1.6217481e-02  -1.3100334e-02  -1.3646157e-03   1.3026874e-02   1.1630984e-02   8.3175621e-03  -1.5886689e-02   2.6668307e-02  -1.9875928e-02  -1.1721257e-03  -1.1570563e-02  -3.8457237e-03   1.7755475e-02  -2.8530602e-02  -9.8149122e-04  -2.4392954e-02   1.4852637e-02   2.1445622e-02   2.1127375e-03   2.7808726e-02   1.2311202e-03   6.2557084e-03  -1.2707117e-02
  -3.8058133e-02  -2.4599589e-03  -3.1474342e-02   5.2619850e-02  -1.2720103e-02   5.2634115e-02  -2.9451612e-02  -3.4168049e-03   5.8128004e-02   3.8535128e-02  -2.1307539e-02   1.8718790e-02   3.3713031e-02   1.9296837e-02  -7.2081724e-02  -5.3871473e-02   5.6708964e-02  -1.1156761e-01  -2.4161614e-02  -2.1894758e-02   9.2404410e-03  -1.1711007e-01  -4.7016133e-03   1.9930413e-02   1.8843897e-02   9.2195671e-02   4.2498728e-02  -7.1278024e-03  -5.7152242e-02   1.0088103e-02  -1.4835276e-02   6.0551641e-03
   4.4796401e-02  -1.5230464e-02   4.9279496e-02  -9.2195640e-02   3.8607124e-03  -1.0455227e-01   5.7365171e-02   2.1478725e-02  -9.8128643e-02  -6.6506530e-02   3.3818188e-02  -3.3936235e-02  -5.9411616e-02  -3.1287082e-02   7.3783928e-02   1.0065191e-01  -1.1979820e-01   2.3945905e-01   3.3987844e-02   5.8960448e-02  -1.9543931e-02   1.7346230e-01   1.2346141e-02  -3.2133272e-02  -4.5192370e-02  -1.0119117e-01  -8.3646441e-02   2.5826555e-02   1.1931821e-01  -1.0943437e-02   2.4867237e-02  -9.9109055e-03
  -1.7513819e-02  -5.1662914e-03  -9.8174773e-03   1.2052194e-02  -1.7902709e-02   1.6175156e-02  -6.4223264e-03   4.7604689e-03   1.6014359e-02   7.8343293e-03  -7.9928305e-03   5.3090013e-03   9.2511934e-03   5.0584566e-03  -2.6428122e-02  -1.4431230e-02   9.6617821e-03  -2.4277618e-02  -1.0343202e-02   2.7780202e-04  -2.0749642e-03  -3.4604871e-02  -9.1715268e-04   9.8903822e-03   3.5562497e-03   3.1646395e-02   7.5237038e-03   1.3013150e-04  -7.5993137e-03   9.3947748e-03  -9.1753985e-03   2.1214462e-03
  -3.0997770e-01   2.0521033e-01   2.3277553e-01   5.2996248e-01  -8.8673315e-02  -1.0252759e-01  -2.3848538e-01   1.6032067e-02  -8.8317794e-02  -3.3907605e-01   5.1280451e-02   3.3377202e-02  -1.4136945e-02   1.2703575e-02  -5.9083235e-01   6.5996662e-02   9.2971781e-02   7.4459939e-02  -2.6716125e-02  -1.8631720e-01   1.1523544e-01  -4.2236753e-01   6.4199474e-01   4.8097752e-02  -3.4655510e-01   4.5920700e-02   1.3065114e-02  -1.4777042e-01  -7.1530324e-01  -5.5831889e-03  -7.1242902e-02   1.4524598e-02
  -4.1800628e-02  -2.7906026e-02  -1.6687601e-02   6.0245217e-02  -9.3590165e-03   3.3107666e-02  -3.0612639e-02   1.3522166e-02   3.7605533e-02   1.4901096e-02  -8.8705989e-03   1.5055649e-02   2.2982046e-02   2.1093738e-02  -7.9024393e-02  -3.6848921e-02   5.1655569e-02  -4.7605855e-02  -2.4171695e-02   2.9223400e-03   1.0405130e-02  -1.1491318e-01  -3.2734313e-02   1.9623679e-02   2.6966829e-02   3.3428857e-02   2.7961765e-02  -3.4824575e-03  -2.7232084e-02  -3.7716184e-03  -1.8175395e-02   1.2063636e-02
   3.7113147e-02   4.7991035e-04   3.1730942e-02  -5.4585958e-02   1.0478648e-02  -5.1593875e-02   3.0973346e-02   4.5879510e-03  -5.7927704e-02  -4.1546412e-02   2.1844657e-02  -1.7743265e-02  -3.4213150e-02  -1.9715218e-02   7.2117493e-02   5.4140930e-02  -6.0708957e-02   1.0812581e-01   2.3320441e-02   2.3801537e-02  -8.9781309e-03   1.1475726e-01   5.8439874e-03  -1.7550075e-02  -1.7963687e-02  -9.0749603e-02  -4.4559691e-02   7.2238248e-03   5.6969454e-02  -8.6734611e-03   1.3760050e-02  -5.1829486e-03
   3.0441449e-02   2.1340491e-03   2.4871998e-02  -3.8952710e-02   1.6023277e-02  -3.6828238e-02   2.1652631e-02  -2.4712802e-04  -4.2310006e-02  -3.0495930e-02   1.9477491e-02  -1.1452623e-02  -2.5675096e-02  -1.5433094e-02   5.3276207e-02   3.9246122e-02  -4.3198602e-02   6.7662212e-02   1.8865890e-02   1.2890265e-02  -1.1853657e-03   8.2475180e-02   4.2344726e-03  -1.3145177e-02  -7.4443903e-03  -6.9156346e-02  -3.1785122e-02   2.0916956e-03   3.4051702e-02  -1.0878811e-02   1.2477959e-02  -2.2801317e-03
   2.3006625e-02   7.5837505e-02   5.3045384e-02  -3.2177804e-02   5.0793747e-02   7.3251859e-03  -7.5842852e-02  -2.3001151e-02   1.1773908e-03   6.3108724e-02   1.3458403e-01   5.8913869e-02  -1.9257251e-03  -2.0617989e-02  -7.1201228e-02   1.5789005e-02   6.0090735e-02  -3.8344930e-02  -2.4868344e-02  -4.1812647e-02   1.4074432e-01  -8.9728261e-02  -6.4138530e-03   5.3067701e-02  -3.6434661e-03  -6.7545968e-02  -1.3029943e-02  -5.5931142e-02  -1.2556790e-01  -1.1362462e-01  -1.7871808e-02   5.4923753e-02
  -2.5023440e-02   3.5772433e-02  -4.4141789e-02   1.2333354e-01   4.9482851e-02   4.6633276e-02  -5.1091212e-02  -2.0362543e-02   9.6864984e-02   8.0517248e-02   4.2931934e-03   1.9282417e-02   5.4425806e-02   4.6195567e-02  -1.2102534e-01  -6.8239752e-02   9.6761164e-02  -1.4440519e-01  -2.5645020e-02  -3.1077938e-02   6.8340140e-02  -1.7368076e-01  -2.8942937e-02   1.7876490e-02   3.5862479e-02   1.0110103e-01   6.7871458e-02   4.5041344e-03  -3.3987004e-02  -1.7527050e-02   1.4631969e-03   4.7363772e-03
   1.0393666e-01  -4.3268864e-01   5.2549978e-03   1.2712642e-01   5.0808846e-02   1.3807585e-01   1.5596710e-01   1.3056045e-01   1.9251156e-01  -2.1654729e-01  -9.9662103e-02   1.4886805e-01   8.1502913e-03   1.3163420e-01   5.9047825e-01  -1.2770450e-01  -5.5114624e-02   1.2127934e-01  -1.3889930e-01   1.6867443e-01  -1.1166203e-01  -3.6020517e-01  -5.3805856e-01   9.0540215e-02  -3.0597329e-01  -8.2432432e-03   7.5406294e-02   7.4194995e-02   1.7441541e-02  -1.2936624e-02  -1.0272831e-01   4.1908163e-02
   2.8089425e-02   1.8231723e-02  -8.5255959e-03  -1.2400546e-02  -1.7964969e-02  -7.5119857e-03  -1.1195183e-03   2.8546527e-03   5.6581756e-03   2.7720827e-02  -7.6772892e-03  -6.7987604e-03  -1.7769129e-03  -1.8462413e-03   2.5333214e-02   7.9567298e-03  -1.3928597e-02   2.8873628e-02   6.4036655e-03   4.9842506e-03  -1.8702043e-02  -1.2660172e-02   4.8397625e-02  -6.6815902e-03   7.3959861e-02  -5.9793648e-02  -6.5803147e-03   1.2824031e-02   2.0903706e-02   2.6738745e-03   6.2389337e-03   1.0903363e-02
  -6.2398592e-03   1.9290943e-04  -5.4068458e-03   8.2345171e-03  -4.3751429e-03   6.7938262e-03  -4.6267133e-03   6.4263600e-04   8.6419362e-03   6.8228267e-03  -5.0443259e-03   1.7205583e-03   5.4614689e-03   3.5835555e-03  -1.0227275e-02  -7.6599452e-03   9.6631957e-03  -9.2482610e-03  -4.0378597e-03  -1.5972705e-03  -1.2272848e-03  -1.3780065e-02  -2.2773135e-03   1.9623724e-03  -1.3245992e-03   1.3328355e-02   6.9078917e-03   7.3374897e-04  -3.2746831e-03   3.0424970e-03  -3.0360940e-03  -1.3010595e-04
   3.8412751e-02  -1.0723899e-02   4.0750926e-02  -1.0898639e-01  -8.4122007e-03  -4.6379083e-02   3.6063811e-02   1.3578201e-02  -6.0864858e-02  -5.1780939e-02   1.3219645e-02  -2.2643240e-02  -3.4511438e-02  -1.8680166e-02   1.1411340e-01   4.9294102e-02  -3.6972692e-02   1.2301156e-01   1.5997472e-02   2.2104668e-02  -3.5696035e-02   1.4419300e-01   4.7323930e-03  -2.1195954e-02  -4.1278742e-02  -7.7944195e-02  -3.8603294e-02   6.2448544e-03   2.7632176e-02  -5.0066205e-03  -1.1714722e-03  -1.8793661e-02
   9.2071516e-03   6.0274495e-02   4.4777245e-02  -1.3770810e-01  -4.7048676e-02  -6.9104460e-02   5.1567415e-02  -2.8370941e-02  -3.5128054e-02  -1.4368895e-02  -3.2259025e-02  -2.2428219e-02  -4.6613382e-02  -5.6883978e-02   8.2007086e-02   9.4308203e-02  -6.2374827e-02   5.0588326e-02   6.3877090e-02  -4.9901648e-03  -4.2105230e-02   2.9793804e-01   1.1466462e-01  -2.9665042e-02  -1.5667423e-01  -2.1189360e-01  -4.0836977e-02  -1.0912447e-02  -1.7352008e-01   6.5764595e-02   3.4412072e-02  -1.3499694e-02
  -4.2067635e-01   1.4880859e-01   1.9146283e-01   4.8507643e-01  -5.1434148e-01   1.5456359e-02  -2.5565610e-01  -1.0762607e-01  -4.6180699e-01  -2.7454256e-01  -4.0301477e-01   4.6277066e-02   3.4765088e-02  -2.2492695e-01  -6.4478943e-02   1.2758998e-02   8.3855119e-03   5.9029530e-01  -6.5451948e-02  -3.6440473e-01  -4.0102774e-01   4.6111094e-01   5.0846934e-01   1.4347779e-01   2.2574430e-01  -1.7884845e-01   5.0976119e-02  -3.8774764e-01   2.9737846e-01   2.1394915e-01  -1.8105548e-01  -3.8104331e-03
  -4.6792961e-02  -3.9030775e-03  -3.2991159e-02   6.4286597e-02  -1.5525399e-02   6.4083761e-02  -3.5151472e-02  -4.2035396e-03   6.6789494e-02   4.0925509e-02  -1.7088539e-02   2.7237974e-02   3.6726475e-02   1.9569589e-02  -8.8427523e-02  -6.0730842e-02   6.0207424e-02  -1.4389403e-01  -2.8655855e-02  -2.5994695e-02   2.0101167e-02  -1.4050257e-01  -6.2969293e-03   2.7426079e-02   2.8442549e-02   1.0065337e-01   4.5160615e-02  -1.2498066e-02  -6.9919523e-02   7.2621833e-03  -1.8613613e-02   1.3077053e-02
   3.9470898e-02   1.2974968e-02   2.3313227e-02  -2.8747045e-02   3.2822114e-02  -4.2798685e-02   1.5880650e-02  -7.3595485e-03  -4.2790777e-02  -1.8404341e-02   1.5879638e-02  -1.5991167e-02  -2.2817166e-02  -1.2938563e-02   6.1455180e-02   3.8260957e-02  -2.4620782e-02   8.4010667e-02   2.3768853e-02   5.0524588e-03  -1.8636244e-03   9.8715750e-02  -2.3445427e-03  -2.5178218e-02  -1.8258499e-02  -7.7439458e-02  -2.0266854e-02   3.3943305e-03   3.7557334e-02  -1.7514397e-02   1.9061099e-02  -7.4734348e-03
   3.6324266e-02   2.5002518e-04   3.1637715e-02  -5.4477315e-02   9.5712026e-03  -5.0699665e-02   3.0600448e-02   4.6487060e-03  -5.7595463e-02  -4.1247159e-02   2.1810863e-02  -1.7492775e-02  -3.4044461e-02  -1.9725741e-02   7.1417332e-02   5.3501565e-02  -6.0121045e-02   1.0625303e-01   2.3041811e-02   2.3332892e-02  -9.0017928e-03   1.1351452e-01   5.9806365e-03  -1.7204797e-02  -1.6965685e-02  -9.0303955e-02  -4.4326527e-02   6.6997787e-03   5.5586330e-02  -8.5499247e-03   1.3335525e-02  -4.9649186e-03
   5.7441892e-02   8.5966574e-03   3.1678049e-02  -6.6524228e-02   2.4877118e-02  -7.0308574e-02   3.5106034e-02  -7.4822057e-04  -6.8002661e-02  -3.1374804e-02   9.4178012e-03  -3.4657745e-02  -3.3590177e-02  -1.6694313e-02   9.8315221e-02   5.9159392e-02  -4.4691148e-02   1.5743418e-01   3.2205985e-02   2.0770926e-02  -3.0213617e-02   1.5503487e-01   6.7658155e-03  -3.4593758e-02  -3.0825755e-02  -1.0205542e-01  -3.6535673e-02   1.4777444e-02   7.1811505e-02  -6.6982443e-03   2.3776909e-02  -2.2513775e-02
