   4.6571037e-02
  -5.0137865e-03
   3.8094810e-01
  -9.4244642e-02
  -6.4546773e-02
  -2.1432536e-02
   6.1942729e-01
   4.3024362e-02
  -8.4242903e-02
  -1.1130543e-01
   5.0683407e-02
   5.1512989e-02
  -3.7540847e-02
   1.1599216e-01
   6.1841945e-02
   3.0508840e-01
   1.8421843e-01
   2.2798049e-01
   2.6326649e-01
  -3.0134027e-01
  -5.6392778e-02
   9.3385530e-01
   5.6181987e-02
   2.9704999e-02
   1.3846364e-02
  -1.7631376e-01
  -3.0450856e-02
  -6.1197104e-02
   2.7086170e-03
  -1.6773564e-01
  -4.0458423e-01
   9.2659336e-02
   8.7692769e-02
  -2.7719195e-01
   3.8099085e-01
   7.1517444e-02
  -2.2598343e-01
   2.9533314e-01
  -2.3035184e-01
  -1.3485370e-01
   2.0575133e-01
