   1.0795163e+00  -9.8712117e-01  -4.3126476e-01  -1.3329669e+00   1.7150263e+00  -9.3977052e-01   1.0647874e+00
   7.3377218e-02   1.4348162e-02   1.7315208e-02   1.1052847e-02  -6.4819729e-03   2.6087533e-01  -2.5876886e-02
   1.2451009e-01  -9.0695466e-03  -3.8492004e-02  -2.5371071e-01  -2.7073396e-01  -4.8301926e-02   1.4316604e-01
   2.1460424e-01  -9.2648702e-02   1.1458419e+00   2.4345594e-01  -2.7656002e-01  -2.9797381e-01   3.5037781e-01
  -4.9810656e-01   1.8986957e-01   2.2439536e-02   5.9796593e-02  -1.2914066e-01  -7.7368981e-02   4.1948577e-02
   3.1673959e-02  -1.2048458e-01  -7.6016825e-02  -1.8639698e-01   5.7461182e-02   4.0819651e-02  -1.2386145e-02
   6.5791124e-01  -2.5010926e-01  -1.1185425e+00  -1.1793935e+00   1.7674553e+00   3.6133712e-02  -2.2284627e-02
  -3.4085959e-01   1.6804558e-01  -4.3870213e-02  -1.7426714e-01   6.6609336e-03   3.1099676e-02  -1.6464433e-02
   5.3986328e-02   3.5040338e-01   3.0422730e-01  -7.7105998e-01   6.4976998e-01  -2.7310965e-01   3.9567054e-01
   2.1235134e-01   7.9447270e-02   2.0368336e-01   2.7859243e-01  -3.3117292e-02   6.1585575e-02  -4.8477675e-03
   3.5767639e-02  -1.3863603e-02   1.3305725e-01   1.1724777e-01  -5.2344232e-02  -1.1746589e-01  -1.3663633e-02
  -2.1438365e-01  -1.7886564e-02  -7.3917392e-01  -2.1089740e-01  -3.5500517e-02  -4.1147589e-03   3.2229762e-01
  -7.7714772e-02   1.6150280e-02  -5.9874055e-02  -1.8659296e-01  -1.3801753e-01  -2.5620679e-01   1.0978396e-01
   3.3452419e-01  -2.0516101e-01   8.3473721e-04   7.7553982e-02   2.7413467e-02   4.3498587e-02  -4.2168600e-02
  -6.7836697e-02  -3.8178708e-02   3.2006583e-02   4.8551937e-02  -8.1398955e-02  -6.9109966e-02   2.9847417e-02
  -4.8534623e-02  -4.7649612e-02   1.7607069e-01   1.1517480e-01   6.8096577e-02   7.6790613e-02  -1.2683144e-01
   6.6216837e-02  -5.8881257e-02   1.5185263e-02   6.4690325e-02  -9.8189019e-02  -1.7133866e-01  -2.5766682e-02
   1.0202495e-01   2.0172857e-01   2.3193613e-02  -5.1321823e-01  -3.1443496e-01  -2.3862014e-01   1.7990020e-01
   5.4298819e-01  -2.1293407e-01   1.1371846e+00  -1.1982817e+00   1.5535165e+00  -1.8791786e-01  -2.3864217e-01
  -1.6324653e-01   3.0933115e-01   3.6998254e-02   2.1789817e-01   1.7702463e-02   7.8031579e-02   2.8480591e-02
   2.0523885e-01  -2.5933706e-01  -3.7759766e-02   3.2957308e-01  -3.2339817e-02   2.9147651e-02  -2.6503392e-01
  -1.3082098e-01   2.1967884e-01   2.6843058e-01  -4.9741875e-01   5.1839115e-01  -1.0276379e-02   3.7800135e-01
  -2.5713370e-01  -2.8595259e-02   1.8895236e-01   8.0593618e-02   1.7280098e-01   1.5624946e-02  -2.2204509e-02
   2.5168307e-01   7.6819367e-03   1.8482219e-04   3.6770206e-02  -1.1022801e-01  -9.6470207e-02  -1.0474226e-03
   3.2719529e-02   3.5801663e-02   4.3299629e-02   1.0885390e-01   6.4753364e-02   1.5867962e-01  -2.4890768e-02
  -1.1039714e+00   1.6789401e+00  -1.2790730e+00   8.9568436e-01   1.0108596e+00  -1.0187403e+00   6.7782785e-01
  -8.7331640e-01   6.3925237e-01  -2.8995129e-01   2.6299255e-01  -5.0183795e-01  -1.2411022e-01   2.6593714e-01
   3.0015836e-02   1.9420653e-01   7.4628106e-01   2.4079189e-01  -7.8831241e-01   1.4876932e-01   5.0483117e-01
   1.9427477e-01  -1.6752033e-01   6.4465683e-01   2.2780003e-01  -3.8484331e-01  -4.7332233e-01   1.6930685e-01
  -2.9544813e-01   8.5948219e-02  -4.9483577e-02   1.7080301e-01  -6.1463168e-03  -1.6477635e-01  -1.6786038e-01
  -2.4098265e-01  -6.9573295e-03   2.5570854e-01   1.7302887e-01   8.5603560e-02  -2.4420530e-01   7.3932332e-02
  -2.5318687e-01  -2.4154367e-01  -2.4607493e-01  -5.0645362e-01  -1.3719759e-01   7.2400083e-02  -4.1159671e-02
   1.9304648e-01  -4.9008615e-02   2.8598933e-02   6.1347095e-02  -3.2864333e-01  -1.9750989e-01   1.2087419e-01
  -5.9442008e-03   3.8139412e-01  -6.1696020e-01  -1.2868529e-01  -7.3321861e-01   6.4461551e-02   5.7651191e-01
   1.7078884e-01   1.6097835e-02  -1.5170447e-02   4.9215177e-02  -1.2852547e-01  -2.0138031e-01   5.0556958e-02
   8.9926812e-02   5.0000780e-03   6.3253018e-02  -2.6095267e-02  -1.4265044e-02   1.5715515e-01   9.3461186e-02
   7.5298405e-02   1.8289768e-01   4.4053075e-02   1.6176302e-01   1.1617493e-02  -7.6415562e-02   2.3021120e-02
   6.5272755e-02   1.1884825e-01   1.2643815e-01   2.1932173e-01   6.7253725e-02  -6.4366911e-02   2.6458052e-02
   2.8638233e-01  -1.6554751e-02   3.5595669e-01  -2.0391365e-01  -2.1136136e-01  -1.8110659e-01   3.3043704e-01
  -1.3887870e-01  -1.1974163e-01  -4.4432659e-02  -1.5542130e-01  -1.5534782e-03  -1.5657703e-01  -6.6110894e-02
  -1.7312504e-01   9.3352816e-02  -3.7732548e-02  -5.0117613e-02   6.9934730e-02   6.1166750e-02   2.7606074e-03
   2.6240042e-01  -1.0628667e-01   8.0220645e-02   2.3805732e-01  -7.4914511e-02  -1.2148657e-01  -7.6146553e-03
  -1.6723553e-01  -9.4743598e-02  -3.7782801e-02  -6.8595024e-02   5.9030341e-02  -1.2974408e-02   1.9733956e-02
  -9.6091040e-02  -8.6439441e-02  -1.5562805e-02   1.4589137e-01   2.8203297e-02  -5.3114310e-02  -2.9909184e-02
  -3.4550793e-02   1.5386879e-01  -1.0981294e-02   1.2767732e-01   1.7621497e-02   4.8049394e-02   1.6233818e-02
   1.6401641e-01   6.2029460e-02   2.3164069e-02   2.4960641e-02   1.8198929e-02   1.4211181e-01  -7.9508618e-02
