   9.9155720e-02  -2.4952152e-02  -1.7078654e-01   7.9947821e-02  -4.9979612e-02  -1.0916858e-01   8.7100277e-02
   6.1719878e-02  -2.8574556e-02   2.9809293e-02  -1.2869356e-01   1.6762939e-01  -5.7132095e-02   6.5714551e-02
  -1.8188186e-01   3.0137079e-01  -1.0846603e-01   2.4179921e-01   5.2821926e-01   3.2019756e-01  -4.0762151e-01
  -7.1261103e-02  -9.0375184e-02   8.8262786e-02  -8.4640206e-02   7.2100862e-02  -2.0312270e-03  -2.5062119e-02
   1.7907458e-04   1.0990066e-01  -6.6499161e-02   3.1269124e-01   4.7246334e-01   1.3566330e-01   8.7527042e-03
  -2.4475636e-01   4.3557686e-01  -5.6626217e-01  -4.3283010e-02   1.5321376e-01  -8.0598528e-02   2.8511283e-01
   5.5912048e-02   5.1824064e-02  -9.9576830e-02  -1.4047329e-01   8.1116444e-02  -9.1872883e-02   2.3085460e-02
   1.2138228e-01  -3.4723164e-02  -1.1289064e-01   9.3021614e-02   2.7068610e-02  -1.3185287e-01  -7.9942184e-03
  -3.3563494e-01   1.9099089e-01   2.8623943e-01   1.1600664e-01   3.9227315e-02   3.6076037e-01  -2.9749766e-02
   1.2673451e-01  -2.4571834e-02   2.0002170e-01  -1.9676977e-01   5.8941403e-02  -4.7597556e-02   8.7900158e-02
   2.1154562e-01  -6.3603357e-03   9.5974331e-02  -3.6220203e-01  -2.9242125e-02  -8.6874568e-02   1.6385959e-02
  -2.9761606e-01   2.8302405e-01   5.1186168e-01   4.0909563e-01   5.8859215e-02   2.6065083e-01  -2.8212881e-02
  -2.1791119e-01   1.5563962e-01   2.8063950e-01   8.4330764e-02   9.1008148e-02   7.4039212e-02   1.1030594e-01
  -1.5303232e-01   1.1830714e-01  -9.7526060e-02  -1.9871431e-01   1.8020793e-01   2.2460247e-01   2.7994527e-02
  -2.1648842e-01   5.1330946e-02  -1.4659720e-01   1.2195214e-01  -7.1053999e-03  -4.3976501e-02   1.2832090e-01
  -4.3725045e-04   2.5221572e-01  -3.8469787e-02   2.0250240e-01   3.7709006e-01   7.6840245e-02   1.7705936e-01
   2.3590831e-02   4.9466615e-02   1.3419217e-01  -3.7124833e-01   1.9021423e-02   4.4656126e-02  -9.4701036e-02
   3.6506862e-02  -2.2405157e-02   2.4047241e-01  -1.9851082e-01  -1.6087094e-01   6.1588187e-02   7.7424628e-02
  -1.1844469e-01   1.2123558e-01   7.8271550e-02   1.1471172e-03   1.6568189e-01  -1.4936878e-03   3.3467495e-02
   4.2363357e-01  -3.9669886e-02   1.4802213e-01   8.0831094e-01  -1.8025458e-01   5.3395692e-01  -2.9649405e-01
   5.6177902e-02   2.8874198e-01  -6.5925373e-02  -2.7766771e-01  -3.6244214e-02   1.7078386e-01  -8.5549821e-02
  -1.3867282e-01  -3.4789869e-02   6.8707913e-02   3.4809953e-02   1.4793485e-01   3.3152491e-02  -8.4054866e-02
  -6.0452534e-02   1.5617290e-01  -9.7006969e-02  -2.1613396e-01   3.1368973e-02   8.9822309e-02  -9.0233448e-02
  -9.3726619e-02  -1.0694588e-01   9.8988016e-02   7.8903836e-02  -7.4660667e-02  -1.5103344e-02   5.9458433e-02
   2.2278766e-02   6.4245249e-02  -2.5729078e-01  -1.2248191e-01   2.2522365e-01   1.2397314e-01  -4.5888766e-02
  -1.7783153e-01   8.5697690e-02   5.7686874e-02  -4.9021022e-02   1.9420947e-01  -4.5183678e-02  -8.0616224e-02
