   1.7383271e-01
  -5.9056402e-02
  -3.8328377e-02
   1.4785500e-01
   3.0704730e-01
   7.4394717e-02
  -2.8631887e-01
  -3.8305767e-02
   3.9979382e-01
  -1.2628723e-01
  -6.6760556e-03
   9.4578680e-02
   5.2951679e-01
  -2.8846060e-01
  -4.8641813e-01
   3.8542501e-01
   2.8586520e-01
   3.2459334e-01
  -9.6824464e-02
   1.1721249e-01
  -4.5504302e-02
  -7.9274939e-02
   1.5398032e-01
   2.3409680e-02
  -3.7525798e-02
  -2.5261659e-03
   2.9705181e-01
  -1.0314995e-01
   2.0342056e-02
   2.1192307e-01
   5.8021531e-02
