   1.0644699e-01  -1.3122974e-02   1.4342766e-01   2.4394968e-01   2.7790814e-01   1.4350221e-01  -9.1492986e-02
  -2.8446430e-01  -4.4380704e-02   1.1843915e-01  -2.0249060e-01  -1.1495297e-01  -1.0567723e-02   2.7829834e-01
  -9.1538755e-02  -1.1800841e-01   2.6004760e-01   3.1590817e-01   9.4800865e-02  -4.5248584e-02   1.2175694e-02
   2.6917701e-02  -4.3324266e-02  -1.0950136e-01  -1.2745467e-01   1.2002697e-01   7.4088060e-02  -2.0897034e-01
   1.1498850e-01  -1.1192515e-01  -2.1741546e-01   2.9902601e-01  -2.5470347e-01   4.9589892e-02  -3.9932547e-01
  -1.4337353e-01   1.3150905e-01  -2.6073382e-01  -1.0467034e-01  -1.8911981e-01  -2.6050196e-01   2.0743756e-01
   1.4860180e-01   3.7000408e-01   1.4200754e-01  -1.8881546e-01  -1.4750999e-03   2.0534379e-01   3.6782184e-01
   1.6469145e-02   2.5803555e-01  -5.4329228e-02  -1.9952371e-01   3.5142602e-01  -1.8427937e-01   1.7544257e-01
  -1.9319945e+00   1.1584456e+00   2.7599384e-01  -5.9602233e-01  -1.8597337e-01  -1.1068883e+00  -4.8418592e-01
   3.9058967e-01  -1.4933859e-01   9.5053663e-02  -1.9535623e-02   1.8492726e-01   4.7808543e-01  -8.3183527e-02
  -7.6392505e-02   3.7818848e-01  -2.9412005e-01  -1.3120064e-01  -4.2979981e-01   7.9994357e-03  -5.5705753e-02
  -4.0015467e-02   1.8034523e-02   4.5658205e-02   1.8792322e-01   1.0066299e-01   1.1122756e-01   2.2650040e-01
   3.2047894e-01  -2.4050939e-01  -4.5240337e-01  -5.2134344e-01  -4.0623530e-01  -1.4853108e+00   4.0365292e-01
  -1.0601521e+00   2.7642553e-01   2.4480585e-01   2.7091097e-01  -1.0384161e-01   5.5691794e-01   1.5455611e-01
  -1.8879889e-02   5.4988066e-02  -1.8723023e-01   5.0839898e-01  -2.1775144e-01  -1.0554995e-01   3.0389995e-01
   4.7143517e-01  -9.5993485e-01   2.8907625e-01  -3.5352463e-01  -3.1822443e-01   7.5886443e-01  -2.8975484e-01
  -6.5529472e-01  -2.3778425e-01  -7.5893554e-02   1.8980452e-02  -1.1548901e-01  -8.7677595e-03  -2.4684715e-01
   9.8067457e-02  -2.4785966e-01  -3.9675266e-01   6.4419571e-01  -4.6632384e-01  -3.9108906e-01  -3.5439037e-01
   4.3713003e-01  -6.8371246e-02  -6.3903703e-01  -3.3963619e-02   3.2883225e-01   3.4384972e-01   4.5784671e-01
  -1.0963677e-01  -1.7325021e+00   3.7113643e-01   3.3605533e-01   4.2920022e-01  -5.1544002e-01   1.8799315e-01
   5.9353883e-01   3.3408791e-01   1.5715387e-04  -1.1314715e+00   1.3257871e+00   3.7202767e-01   1.7592371e-01
  -1.8961582e+00  -7.7629025e-01   4.3849675e-03   1.6957973e+00  -3.5951833e-01   4.6370288e-01   1.4977839e+00
   9.9635568e-01   1.5377693e+00   4.2785479e-01   1.8577809e+00  -1.8534547e-01   2.7788378e+00   2.1768230e+00
  -9.8290011e-03   4.5528363e-03   1.1342448e-01  -6.2572496e-01  -2.0484348e-01   7.5053570e-01  -4.0296785e-01
  -4.0474076e-01  -1.2469847e-01  -2.7442855e-01  -1.4176946e-01  -6.6660412e-02  -6.2703216e-01   3.6842661e-01
   1.6995924e-01   3.1010838e-01   1.2039949e-02  -2.5579829e-01  -2.1793847e-01   5.2150500e-02  -8.8040698e-02
  -2.6404815e-01  -3.7058508e-01  -5.4946048e-01  -5.2864425e-03   3.5741963e-01  -6.0439941e-01   4.6442125e-01
   3.1021622e-02   2.5842236e-02   2.1232391e-01  -2.1653022e-01  -8.7920054e-02   4.8728433e-02   3.2676490e-01
  -2.3213218e-02   5.1440052e-02  -2.4867092e-01  -5.5147732e-03   1.4763532e-01  -7.7246812e-03  -1.4150794e-01
  -1.9384537e-01  -1.0145297e-01  -2.5045707e-01   1.0688988e-03  -4.1219655e-02  -4.9210931e-01   3.6096486e-01
  -2.1947973e-01  -2.4437954e-02   2.7335306e-01   3.5403742e-01   4.4971662e-02  -1.2947929e-01   1.2123135e-01
  -1.7616679e-01  -1.5683286e-02  -2.8074987e-01   1.2442417e-01   6.6308302e-02   4.3095413e-02   2.6022362e-02
   1.5021341e+00  -5.6849308e-02   1.5183665e+00  -1.1367125e-01   3.8162989e-01  -7.0186527e-01  -3.7373606e-01
   1.1069381e-02  -1.6726854e-01   2.3906369e-01   1.7109706e-01  -1.0787935e-01  -1.7342328e-01   3.9936418e-01
   1.5762167e-01   7.2705585e-01  -2.5785298e+00  -2.1545068e-01   8.6197954e-01  -1.4965111e-01  -2.3582494e-02
   1.3906105e+00  -1.1431508e-01  -1.0710039e+00  -3.4658564e-01   8.0865717e-02  -3.1440272e-01  -2.5959689e-01
  -4.8558710e-02   3.2247690e-01  -4.5218601e-01   4.6209243e-01  -5.1383449e-01  -2.2633321e-01   3.1674623e-01
