  -8.1083991e-02
  -6.0927002e-02
   9.7529684e-01
   7.0973535e-02
  -2.3882607e-01
   2.1124944e-02
   7.1374064e-02
   1.3250752e-01
  -4.8001254e-02
   9.0256422e-01
  -6.1947919e-03
  -4.2668367e-02
  -1.5805698e+00
   7.1036120e-02
   2.0246714e-01
   1.0916988e-01
   5.0465015e-02
  -1.0514452e-02
   3.3871077e-02
  -1.5815433e-01
  -2.9976620e-01
  -1.6326703e-02
  -2.5142259e-01
  -1.1456819e-01
   8.7831942e-01
  -1.7254591e-02
   3.6554168e-01
  -2.6040840e-02
  -5.5897749e-01
  -3.0468631e-01
  -8.3202183e-03
   1.0362737e-02
  -4.8906258e-01
   1.7731644e-02
  -1.2670351e-01
   2.5650812e-01
   4.4309956e-02
   8.4659706e-02
   3.2332938e-03
