  -8.7730191e-01   6.5457282e-01  -1.3066856e-01   1.1708099e+00  -2.2233485e+00  -5.4833546e-03  -2.0475288e-01
  -3.6533515e-01  -1.7431091e-01   4.7210353e-01   2.1061346e-01  -1.1347249e-01   1.2204137e-01  -1.2437038e-01
  -9.2570230e-02   9.0189806e-01  -1.5387306e+00  -6.7400549e-01   8.0107926e-01   1.3834398e+00  -4.6441667e-01
   6.3183547e-01  -1.7687497e+00   1.5662483e-01  -1.1798379e+00  -4.9797114e-01  -9.2038802e-01   5.4267210e-01
   3.1184463e-01   4.7023676e-02   3.0116455e-02  -6.1149272e-01  -7.7164951e-02  -3.4203475e-01   3.6082341e-01
  -4.1147358e-01   2.8613591e-01  -6.7247302e-02  -6.8093476e-02   2.0426937e-01   1.3391389e-02  -2.4558710e-01
   4.6628622e-01  -2.4644041e-01  -6.4718000e-02   1.5378617e-01  -1.4808689e-01   2.3269303e-02  -1.7204605e-02
   2.1669670e-01   3.1808524e-01  -3.6127843e-01  -3.7707077e-02  -3.7050961e-02  -4.1201599e-01   8.8251192e-01
   6.7506340e-01   3.0486236e-01   3.9877608e-01   9.0589660e-01   1.0144318e-01   1.9559915e-01  -4.7519492e-01
  -3.6071797e-01   2.7913106e-02  -4.6513054e-02  -1.9216577e-01   2.1078930e-01  -1.1317654e-01  -1.7320978e-01
   7.0414892e-01   1.7576351e-01   1.5896267e-01  -3.6946333e-01   3.9648322e-01  -6.5795189e-01   4.1316167e-02
  -2.6868515e-01   4.5414835e-01   5.6687767e-01   2.8792478e-01  -7.8115497e-01   1.2649817e-01  -6.1812130e-01
   6.0507982e-01  -7.1684626e-01  -1.7663907e+00   2.6889875e-01  -1.6629163e+00   3.2655553e-01   9.1995127e-02
   1.4583847e-01  -3.8848909e-01   1.7344593e+00  -7.5746589e-01  -2.2329405e-01  -6.0944733e-01   1.1675120e+00
   1.4527142e-01   4.3096781e-02  -1.4690935e-01  -5.6632416e-02   1.9680055e-01   2.0965761e-01   1.7250793e-01
   4.0654795e-01   1.6000952e-01   5.3270140e-01  -7.6474770e-01   4.1132604e-01  -3.2110820e-01   2.0749696e-01
  -1.8189726e-01  -6.5678399e-02  -4.1518372e-02  -1.3112606e+00  -3.9317308e-01  -3.8367188e-01   8.7701135e-02
   6.8802719e-01  -1.0047537e+00  -4.1144779e-01  -6.1856217e-02   5.3571389e-01  -3.2080412e-01  -4.3204883e-01
  -1.8081269e-01   3.9417201e-01   6.5059355e-02   1.1126903e-01  -1.1366110e+00   1.0482315e-01  -5.7873402e-01
   2.4657157e-02   1.3290366e-01  -3.8872822e-01   8.3776389e-01  -8.2346572e-01   5.1130400e-01  -3.7669880e-01
   9.1921557e-01   7.9812117e-01   1.8895604e-01  -7.0411968e-01  -2.2657924e-01   5.4250248e-01   3.3398763e-02
  -1.1963320e-01  -1.5580500e-02  -1.1415092e-01  -2.9924936e-01  -1.2022295e-01  -3.7108790e-01  -3.1293895e-01
   5.7911728e-01  -6.1413172e-03   8.6852521e-03   3.1460569e-01  -4.0912622e-01  -1.1031893e-01  -3.6982957e-02
   2.3614799e-01   2.8458773e-01   1.6130834e+00   3.7962198e-01  -6.4724477e-02   2.9914692e-02  -1.4985224e-01
  -8.4135867e-01  -9.0464548e-01   2.4182308e+00   7.8764267e-01   2.2979385e-01   1.6512179e-01  -5.3058422e-01
   1.7648350e-02  -4.0560433e-01  -8.7072729e-01   3.8012836e-01  -1.0358231e-01   7.6460956e-02   2.5166119e-01
   4.1369147e-02   1.4445540e-01  -1.4731373e-01  -3.5291219e-01  -6.9772806e-02  -4.5465977e-01   7.7096710e-02
   1.3257885e-01  -9.8256611e-02   1.3725017e+00  -3.8562304e-01  -1.9369043e-01  -2.7822173e-01   1.3004720e-01
   9.2146600e-02   7.2429173e-02  -2.5156115e-01   3.3200077e-01   2.9976781e-02  -6.8821489e-01  -1.0505157e+00
