  -6.7035072e-02   6.1735296e-02   5.9571723e-02  -8.1278124e-02  -2.3383252e-01  -6.7535317e-02   5.5004071e-03
  -2.7829064e-02  -1.0127353e-01   1.9445293e-03   7.2670746e-02   1.0848824e-01  -2.6964821e-02   2.7211052e-02
   3.0542163e-01  -3.0534304e-01   6.3172661e-02  -1.3605609e-01   1.9792564e-01  -4.4443874e-01   7.3277304e-02
  -5.9937047e-02  -8.0556622e-02   2.2178819e-02  -6.0684166e-02   8.5088662e-02  -6.6352946e-02   2.5682893e-02
  -1.8497524e-01  -1.1939959e-01   6.2301925e-02  -5.6021179e-04   3.4125986e-02  -2.5440513e-02  -4.4994224e-03
  -3.3876831e-01  -4.4343548e-01   2.2327622e-01   1.8324215e-01  -1.7085899e-01   2.1192863e-01  -8.2663478e-03
   4.3569422e-01   1.5180780e-01   1.5207160e-01  -8.4237936e-02  -1.5529701e-01  -1.3126140e-01   1.5311497e-02
  -2.3433484e-01   8.5841091e-02   1.1712366e-01  -1.0734608e-01  -2.2374592e-01  -8.2795139e-02   6.4557272e-03
   1.4631500e-01   3.2456838e-01   6.1776864e-02  -3.8993928e-02  -1.4197879e-01  -7.9888865e-04  -6.8882581e-03
   2.1449980e-01   3.1057081e-01  -2.0872934e-01  -2.5904297e-02  -1.8844354e-01  -3.9657527e-02   7.3601682e-02
  -1.5166751e-01   1.0854981e-01   9.8682633e-01  -3.8923822e-02  -2.1258492e-01   1.2582174e-01   1.5339961e-01
   2.6793314e-01   4.0894236e-01  -1.3480601e-01  -2.8736432e-02  -1.7907161e-01  -5.5970035e-02   5.2911468e-02
  -1.0546603e+00  -8.2891109e-01  -9.9594158e-02  -2.9997272e-03  -2.6174879e-01  -3.9568337e-01  -3.9853583e-02
   1.8142432e-01   1.0994587e-01  -4.1051652e-02  -4.2515140e-02  -1.5831131e-02   3.2730461e-02  -4.1154891e-02
   3.0926202e-02  -8.9978592e-03   2.0131876e-01   2.7821251e-02   2.6439130e-01   1.5637058e-02  -8.2165364e-02
   1.1519785e-01  -2.0661474e-01  -7.9908982e-02   3.4874943e-02   1.1949745e-01  -1.2199532e-01   5.4242709e-02
   4.9287496e-01  -1.0514380e-01   2.8308999e-02  -2.8737626e-02  -3.2893383e-01  -3.6643326e-01   5.5037088e-01
   3.7125744e-03   1.2994779e-01  -4.8635028e-03   2.9939858e-02   1.0092511e-01   4.3447277e-02  -1.4084782e-02
  -7.9460923e-02   2.2855483e-01   9.5619790e-02   2.1322060e-02   6.5289759e-02   6.9725702e-02  -4.0301541e-02
   1.5424365e-02  -3.4907544e-01   8.4152029e-02  -2.7489790e-02  -2.3991113e-01  -7.3314504e-02   2.1902344e-02
   6.3637329e-02   1.8678483e-01   6.0707662e-02  -3.2826913e-02  -1.6996668e-01   1.0143385e-01   2.6777905e-02
  -1.2660431e-01  -1.5283509e-01  -1.7264860e-02   1.0099290e-02   1.2283103e-01   1.7885611e-02  -2.7204862e-02
   1.4357639e-01   3.7392997e-01  -3.6293704e-02  -5.9898635e-02  -1.8829445e-01  -1.2263752e-02  -5.9186064e-02
  -4.5423895e-01   9.5153248e-01  -7.0763982e-01   2.6219446e-01  -6.1087924e-01   6.8972950e-02  -4.2055389e-01
  -1.1278058e-01  -1.5606498e-02  -5.9602567e-01   2.1856263e-01  -8.7039602e-01   2.8614034e-01  -3.1634587e-01
  -1.3789807e-01   2.4094148e-02   4.5488693e-02   8.7863176e-03   1.3578762e-01   7.3031283e-03   2.3871830e-02
  -6.8235041e-01   2.2614016e-01  -4.3192916e-02   1.7925487e-01   4.6974550e-01   6.5839245e-01  -5.8349278e-02
  -1.0034673e-01  -3.2040156e-01   3.3205516e-02   3.5706072e-02   1.6457308e-01  -4.6844045e-02  -1.0585852e-02
   3.2080735e-01  -1.2899274e-01  -1.6267018e-01   5.6956023e-02   4.7908211e-01   2.4522033e-01  -5.0651603e-02
   1.6210741e-02   1.5062089e-01   1.1571416e-01  -2.0766959e-03  -2.4953424e-01  -9.6785495e-02   6.0105582e-02
   1.9596457e-01   1.6763107e-01  -1.0315592e-01  -3.0898201e-02  -1.2315842e-01  -2.1007893e-02  -6.2719876e-02
   2.6906098e-01  -1.0862026e-01  -4.7478560e-01   2.7931397e-01  -5.7634046e-02   7.1293797e-02  -7.8604965e-02
   1.2109552e-01   2.6571931e-01   8.3429572e-02  -5.0579882e-02  -1.9172489e-01   2.0936092e-02  -6.1767148e-02
  -3.7253551e-01  -3.9590926e-01  -4.6283425e-01   1.1174201e-01   5.7681636e-02   2.2205130e-01   2.7668575e-01
  -1.4574374e-01  -3.0505891e-01   1.6285919e-02   1.3704119e-02   1.1006615e-01  -1.5021602e-02  -1.8313043e-02
  -1.5658153e-01  -3.9748628e-01   4.0676075e-02   3.6978671e-02   1.5373683e-01   3.3696084e-03  -4.5023552e-02
  -1.5361538e-01  -9.1522819e-02   3.2669621e-02   4.2166225e-02   7.9630915e-02   1.1551533e-02  -8.0511741e-03
   6.5968388e-02  -6.3776869e-02   2.4062408e-01  -2.2655227e-01   1.8544068e-01  -9.2974722e-02   8.7360332e-02
