  -5.9811784e-03   2.4107547e-02  -9.9465313e-05   2.1074963e-02   1.6929826e-02   3.3965553e-02  -1.7927678e-02  -2.0576710e-02   3.5026005e-02  -1.2099362e-02   2.1325270e-02   6.4027355e-02   7.0991555e-03   4.5418644e-02   1.2247219e-02  -2.2098225e-02  -1.5359832e-02  -6.2083993e-02  -4.1017278e-02   3.9817716e-02  -5.0664509e-02  -2.5664050e-02   2.2804742e-02  -7.9591400e-02  -8.0134913e-03   2.1339975e-02  -6.0267601e-02  -8.6368182e-03   3.9665947e-02   3.4492845e-02   2.2555243e-03  -5.2338427e-02   8.0504687e-02  -2.8974871e-03
   2.6513812e-02  -6.1950314e-02   1.4897989e-01  -6.7465145e-02   4.9101880e-02   2.7019202e-02   1.3511431e-01  -4.9111880e-02  -8.7806855e-02   1.3823127e-02   6.5427700e-02   1.2132538e-01   3.4313266e-02   6.9060961e-02   1.1550290e-02  -9.2832633e-02  -3.7451931e-02  -2.3654950e-01  -2.1812527e-02  -4.6905148e-02  -1.0662645e-01   1.0245465e-02   2.1854072e-02  -4.2308264e-03  -5.2379046e-02   5.1931741e-02   7.5431355e-02  -5.0189889e-02  -4.5616148e-02  -1.1900104e-02  -1.2704229e-01   7.3283681e-03   1.7409086e-01   3.1646506e-02
  -2.6803768e-01  -2.1489290e-01  -3.1117692e-01   1.8650103e-01   2.1941612e-01  -2.1645367e-01   3.9087837e-01   3.7274403e-02   2.1354211e-02   2.0961910e-01   1.5470032e-01  -4.5442869e-02   7.7961010e-02  -2.4450809e-02   5.5836640e-02   1.6491072e-02  -2.2243344e-01   1.4640352e-02  -9.9270484e-02  -1.5985119e-03   1.9006760e-01   7.9108779e-02   1.2444165e-01   2.9498392e-01  -3.9548082e-03  -5.7084896e-02   2.3500591e-01   1.4126447e-01   2.4497620e-01   6.2427844e-02   5.0480328e-02   5.1185351e-02  -2.0806214e-01   3.5158857e-01
   2.6625009e-02   1.1386495e-01  -8.3605156e-02  -1.1339757e-02  -1.1055401e-01  -2.4627440e-02   2.0465965e-02  -4.4113014e-02   2.5991850e-02   4.1364636e-02   4.1626350e-02  -1.3273921e-01  -6.3860668e-02  -5.3778335e-02  -2.9464791e-02   7.2915963e-02   5.7175175e-02   1.8280627e-01   3.9508661e-02  -1.0901340e-03   1.7551903e-01  -3.3134813e-02  -7.9000813e-02   1.0882774e-01  -5.9856930e-02  -7.9855079e-03   7.5234084e-02  -4.9904082e-02  -5.6678666e-02   1.1931760e-02   6.2478359e-02  -8.3410866e-02  -5.6184643e-02   5.0645042e-02
  -7.7087715e-02  -1.4823628e-02  -2.1518857e-01   5.2710108e-02   9.5116733e-02   2.6470444e-02   1.4591641e-01   4.2256917e-03   1.8376454e-01  -9.1321804e-02   9.0110454e-03   1.7378175e-01   2.1482992e-02   7.7072692e-02   4.4577693e-02  -1.6295979e-02  -1.6084775e-01  -4.0703897e-01  -3.5000064e-02   1.1437312e-01  -2.4046968e-01  -8.1722896e-02  -1.4142188e-01  -1.3248707e-01  -8.4258571e-02   2.0773745e-01  -1.3568375e-01  -7.4489793e-02   2.8195174e-02   8.9029072e-02   2.5481566e-02  -8.9143310e-02   4.5953808e-01   3.6140572e-02
   4.4396192e-01   6.2034986e-01  -1.4570267e-01  -3.0696701e-02  -3.5120683e-01   3.8218411e-01   5.0862408e-02  -1.1956479e-01   3.9989966e-01   3.5132732e-01   3.9370745e-01  -1.0452201e-01  -3.6927047e-01   4.3703305e-02   9.1996250e-02   3.2596313e-02   4.9686378e-02   3.1491514e-01  -2.2376135e-01   1.8990082e-01  -7.3367510e-02  -3.7125727e-01  -6.7582701e-02  -3.2418637e-01   7.7692827e-02   5.9314325e-01  -2.9612324e-02  -1.9564553e-01   2.3947201e-01   7.3647927e-02  -4.4894675e-01  -2.6574347e-01  -1.6337677e-01   2.5487648e-01
  -3.2976765e-02   1.0313508e-01   1.6198143e-02  -2.0889944e-02   2.0655414e-02  -1.2115666e-01   3.0718370e-01  -1.7807356e-01   2.5851424e-01  -5.3253200e-02   2.5379202e-01   1.1942200e-01  -3.0020899e-02  -1.5356039e-01  -6.2792256e-02   8.6132792e-03  -1.1521022e-01  -1.1317485e-01   6.8566734e-02   8.4057666e-02  -2.2796342e-01   9.9397195e-02  -4.7768423e-03  -6.0137155e-02  -2.1392408e-01   3.6232803e-01  -1.0653905e-01  -1.7620121e-01   7.2048596e-02   1.5263166e-01   2.7206855e-03  -3.2806890e-01   4.2128880e-01  -2.4938332e-01
  -4.0548607e-03  -6.1516524e-02   7.3999403e-02  -2.0925209e-02   4.3153293e-02  -2.8716261e-02  -1.7136672e-02  -5.1534566e-05  -4.4985208e-02   1.4081077e-02  -6.5550096e-03   5.1548577e-02   2.5043455e-02  -2.3412230e-02  -3.2255315e-02  -3.5884809e-02  -2.0526962e-02  -5.8014142e-02   2.5969440e-02  -2.3885642e-02  -7.1781780e-02   4.9195040e-02   4.9576112e-02  -1.0197714e-02  -8.2136130e-03  -1.0651897e-02   2.0884063e-02   3.2512749e-03  -4.6433783e-03  -6.2071782e-03  -5.5257619e-02   3.5790797e-02   1.0212639e-02  -5.2454267e-02
  -6.0249155e-02   1.2566203e-01  -1.7434788e-01   5.3616094e-02  -9.9136064e-02   2.7145757e-02  -2.9677591e-02  -6.4474603e-03   1.4661689e-01  -8.9013136e-02   1.4541300e-01  -8.3667563e-02   2.8071877e-02  -1.8906268e-01   5.7625459e-02   1.0679039e-01   1.6767460e-01   2.9251703e-01   2.2381966e-02   2.0462146e-01   3.3292648e-01   1.2173915e-01  -1.8234254e-01   1.4586314e-01  -1.0359691e-01   1.3470411e-01   1.1296038e-01  -3.6538253e-04   8.3407541e-02   3.4401571e-02  -1.5665263e-02  -8.5549090e-02  -9.2404033e-03   1.5203142e-01
  -1.5962656e-03  -8.7712396e-02  -1.0496781e-01  -4.6762705e-02   7.0308946e-02   3.0020251e-02   1.7738204e-01   2.5064982e-02  -7.3870515e-02  -9.1099595e-02  -1.1188923e-01  -1.6013176e-01   1.1047416e-01   2.1822161e-02   3.7916359e-02   3.3887614e-02   7.2210655e-02  -8.1975881e-02  -2.5754850e-02  -5.0667212e-02   1.6448742e-01   5.2876528e-02   1.0545349e-01   4.8417896e-02  -2.8206339e-02  -8.4153940e-02  -3.4121838e-02   3.7071391e-02  -1.3340061e-01  -9.6633425e-03   2.0185138e-01   2.2911428e-01   1.5271268e-01  -1.2113736e-01
   2.0114934e-01   2.2871762e-01   4.9831254e-01  -7.5342905e-02  -1.3840681e-01   1.2718577e-01  -3.6273884e-02  -8.9946386e-02   7.7070242e-02   1.7368741e-01  -2.7050616e-02  -5.9199387e-01   1.2557868e-01  -1.8338872e-01   4.9474371e-02  -1.0435128e-01  -1.7386915e-01   3.7556726e-01   6.2656481e-03  -4.1594916e-02   4.2535918e-01   1.3781466e-01  -2.2211301e-01   1.6618340e-01  -9.7635781e-02   4.2150417e-02   1.7331142e-01   5.8084375e-02  -7.2864772e-02   3.2235667e-02   3.0701116e-01   2.4106536e-01  -1.4869954e-01  -6.7638959e-02
   4.4927845e-02  -3.2041482e-01  -1.2688119e-01  -1.4739877e-01  -1.1568687e-01  -2.3247165e-01  -1.1041514e-01   4.9076270e-01   4.7040554e-02  -1.2500218e-01  -4.2195172e-01  -1.1633402e-01  -1.4353339e-01  -3.2905907e-01  -3.9255312e-01   5.0776243e-02   1.7757545e-01  -1.9616110e-01  -2.4410246e-02  -4.0688867e-01  -2.0085610e-01  -2.2406124e-01   1.8402107e-01  -2.6703461e-01   1.5662249e-01  -1.7049975e-01   8.6677514e-03  -7.5367108e-02  -1.0459065e-01  -1.8550638e-01  -2.4555913e-01   1.5337666e-01   3.2514869e-01  -9.6300612e-02
  -6.1982841e-02  -3.5813560e-01  -1.3342594e-01  -1.3067758e-01   1.3095585e-01  -1.7071001e-01   2.3948104e-01   7.7769132e-02   6.9012178e-02  -1.1908470e-01  -1.3276174e-01  -1.2261095e-01   3.0516343e-01  -3.6033343e-02  -1.7152921e-01  -1.8343889e-01   1.4872314e-01  -1.4756110e-01   8.3091361e-02  -4.6528469e-03   3.5601754e-01   4.4931555e-01  -5.9887661e-02   7.6580912e-02  -2.2221764e-01  -2.9479868e-01   2.1689045e-02   1.1787826e-01  -3.1330412e-01   5.4712236e-02   2.7024254e-01   2.9657393e-01   4.0573279e-01  -3.2041113e-01
  -6.8042488e-02   3.0858324e-01  -6.3850440e-02   2.1794102e-01  -1.2572749e-01  -3.9137707e-02  -2.3036705e-01  -1.8389508e-01   2.8308769e-01   2.6398856e-01   4.4133051e-01   4.1538116e-01  -2.5118648e-01  -4.8608475e-02  -7.9811548e-02  -3.5148465e-02  -2.3075896e-01   2.5219063e-01   5.4431343e-02   2.3174617e-01  -2.9549303e-01  -7.9736401e-02  -5.2724750e-01  -2.7375469e-01   9.4064496e-02   3.4585809e-01  -1.7023330e-01  -1.1482183e-01   5.1371038e-01   7.6214568e-02  -4.7913908e-01  -7.4051732e-01  -3.5748165e-01   1.8122314e-01
   6.3844920e-02   1.9795490e-02   1.2671878e-01  -5.3018603e-02  -7.8713630e-03   5.4091623e-02  -9.0675586e-03  -2.1257773e-02  -6.1789276e-02   3.7556390e-03   2.8874634e-02   9.5028374e-02  -1.4251146e-02   4.4215724e-02  -2.5729647e-02  -8.9082875e-02  -1.0557642e-03  -6.6974675e-02  -5.4211851e-03  -4.2840041e-03  -7.7095435e-02   2.4682194e-02   2.0836243e-02  -7.2865106e-02   1.2855494e-02   4.2542167e-02  -3.7792860e-02  -4.1581202e-02  -2.0698713e-02   2.7505004e-02  -8.0183649e-02  -4.1756893e-02   6.0371278e-02  -4.9598392e-02
  -2.3175812e-01  -6.7603254e-02  -7.6290557e-02   1.4133651e-01   2.4207428e-01  -6.0336246e-02   8.4132084e-02  -1.6619946e-01  -1.2527924e-01  -4.3397574e-02   1.8167938e-01   1.3868069e-01   1.8491144e-01  -4.8321277e-03   7.4316516e-02  -2.1262662e-01  -2.7969567e-01  -2.9569656e-01  -2.3275401e-02   4.2194712e-02   1.0221378e-01  -5.9172956e-02  -1.3964226e-01   2.1253207e-01   4.0411458e-02  -6.9419422e-02  -1.7055308e-02   6.4030974e-02   2.1441394e-01   4.1777346e-02   2.1764248e-02   2.0352190e-02   1.6331251e-01  -1.8400942e-01
   1.2357653e-01  -1.2025121e-01   6.7474244e-02  -1.6417354e-01   3.3571128e-02   1.2380810e-01   2.9903819e-01   2.2849698e-02  -9.5014468e-02  -1.1685648e-02  -1.2635406e-01  -3.2167719e-01   1.5467288e-01   1.2739638e-01   3.9623711e-02  -1.7216671e-01   5.3337892e-02  -1.1348947e-01  -1.0550959e-01  -9.5138530e-02   3.6473993e-01   3.7768587e-02   2.3898879e-01  -3.6755094e-02   2.4494143e-02  -1.6766386e-01  -7.9849792e-02   6.4164976e-02  -1.2402649e-01  -1.1230135e-01   1.3119756e-01   2.8662425e-01   2.7425318e-01  -2.5288583e-01
   2.7846661e-02   4.7234958e-01   9.9093687e-02   1.3198807e-01   1.1690298e-02   4.4444084e-01   1.2454969e-01  -5.1674814e-01  -1.6030113e-01   7.7324951e-02   4.0423710e-01   4.9387435e-01  -1.5575692e-01   5.6042930e-01   6.3731614e-01   7.8856013e-02  -6.2564450e-02   8.4140561e-01  -2.8776946e-01   2.3815517e-01   9.2007392e-01  -3.8375301e-02  -1.5605564e+00   1.5277347e-01   3.3693838e-01   3.0515789e-01  -2.6691186e-01   1.3673608e-01   3.3780654e-01   1.7404384e-01   8.5724503e-02  -4.3778093e-01  -3.8495219e-01   4.6009698e-01
  -6.6411612e-02  -2.4537268e-02  -2.9446976e-01   1.1830582e-01   7.5762134e-02   3.6468612e-02   2.0863768e-01   9.8341150e-02   1.1839595e-01   8.9541639e-02   2.4159266e-01   8.1603826e-02   3.1079883e-02  -1.0051312e-01  -9.0476055e-03   2.0223340e-03   1.3288268e-02   1.8479273e-01   1.3809339e-01   3.8309634e-01  -6.3649488e-02   2.6956648e-01  -3.3788080e-01   1.1075846e-01  -9.8108708e-02   7.0989288e-02   1.4024380e-01   7.3117260e-02   2.7962068e-03   1.0969671e-01  -5.0379145e-02   4.5766597e-02  -4.3037260e-02   1.1487040e-01
   6.2776218e-02   7.9402870e-02  -2.7349445e-02  -2.4279649e-02  -4.0154345e-02   5.2459470e-02   3.8527264e-02  -1.6384827e-02   4.5898956e-02  -4.3174390e-02   1.6975525e-02  -2.7783909e-02  -3.8054380e-02   6.0054104e-02   7.8599266e-02   3.4962069e-02   5.8605406e-02   1.6334593e-02  -8.3031516e-02  -3.6053564e-04   8.2506483e-02  -2.5553627e-02  -2.6144414e-02  -7.0053942e-02   5.3325114e-02   2.2280769e-02  -1.0887060e-01   2.0827190e-03  -7.7376764e-03   5.7832262e-03   1.0882564e-01  -9.7388672e-02   4.6214559e-02  -3.0253404e-03
   2.7770383e-02   9.3931991e-02   5.7875231e-01  -3.6037286e-02   1.2298901e-01   1.7196591e-01   4.2502793e-02  -3.2478573e-01  -6.5305304e-02   8.2494099e-02   2.2788502e-01  -2.6734204e-01   9.9020438e-02  -1.1569647e-01  -7.8780550e-02  -2.6387591e-01  -6.0678439e-01  -7.9804186e-02   3.6370011e-02  -1.4603444e-01  -4.1018419e-01   2.2949128e-01   5.3099911e-01  -2.2781000e-02   3.3772523e-02  -7.3846876e-02  -1.7430625e-01   3.1104784e-02   2.3363040e-01  -2.8816008e-02  -6.9828392e-01  -3.9194321e-01   1.1871398e-01  -5.4961099e-01
   3.0947382e-03  -3.1519745e-04   2.1461456e-02  -4.5338998e-02  -2.2556390e-02   4.4153869e-03   5.5701543e-02  -5.8105405e-02  -8.4166517e-02  -2.4013278e-02   2.6920015e-02  -1.1725656e-01   2.5020712e-02  -6.5872550e-02  -2.0173584e-03  -1.7656134e-02  -2.8329078e-02  -1.9914612e-02   7.1141308e-02  -9.5762017e-03   3.5392936e-02  -8.5132668e-03   7.3332689e-02   1.4221068e-01  -1.3195558e-01   1.1496902e-03   1.5939296e-01  -4.7964241e-02  -8.5738889e-02  -9.1216147e-02  -1.0101878e-01   5.0078183e-02   1.4636047e-02  -7.5477470e-03
  -1.0127825e-01   3.4412380e-01  -8.8268103e-02   4.3982506e-02  -3.7616053e-01  -2.3911508e-01  -4.0443791e-01  -1.5956530e-01   3.6455171e-01  -2.7785288e-01   3.3192010e-01  -3.9078787e-01  -1.9170169e-01  -6.4156811e-01  -1.0263991e-01   7.2364037e-02  -2.1199157e-01   1.7016085e-01   2.7855454e-01   2.3698977e-01  -7.2585943e-01  -1.3369257e-01   1.7697959e-01   1.0867604e-01  -2.0367759e-01   2.2108583e-01   7.7900690e-02  -3.4402349e-01  -2.3379751e-02   8.9897809e-02  -1.5717577e-01  -5.0962559e-01   4.9853884e-02  -6.1297533e-03
  -9.1448603e-02  -8.0815058e-02   1.5388435e-01  -4.7253463e-02   2.4935557e-02  -1.3883664e-01   4.6526104e-02   1.8347108e-02  -2.2195488e-01  -4.0872593e-01  -2.0779639e-01   2.6215271e-02  -2.3204266e-01   2.0486824e-01   1.1630230e-01   2.8636703e-01  -1.1825784e-02  -7.7119296e-02  -2.9520400e-02   9.5702424e-02  -5.6196036e-01   5.0855001e-02  -1.2176215e-01  -7.5788498e-03   2.0119109e-01   1.8738357e-01  -1.2265675e-01  -6.7632830e-02  -2.7955196e-01   1.8361036e-01   1.9248353e-01  -2.0117178e-01  -3.4176562e-01   3.4717922e-01
   5.9599971e-02  -5.7156901e-02   1.0193176e-01  -4.4722041e-02   2.1540179e-03  -3.1104719e-02  -2.3866698e-02   9.3027785e-04  -1.4097746e-01   2.0054678e-02  -1.8280955e-02  -7.1777114e-02   2.4239828e-02  -1.0311939e-01  -4.3036705e-02  -2.5969207e-02   7.7799259e-03  -3.2901987e-03   2.6856293e-02  -5.4709354e-02  -5.5555288e-02   5.5045708e-02   3.4635458e-02   7.5529126e-02  -1.9144677e-02  -1.4605192e-02   1.2839110e-01  -1.8995297e-03  -5.3961917e-02  -2.9546930e-02  -4.9455348e-02   1.1318745e-01  -2.9243963e-02  -6.2046905e-02
  -1.1356728e-01  -3.9405583e-02  -7.8392696e-02   1.0808292e-02  -2.1939695e-02  -8.1806698e-02   1.6934661e-02   2.4598071e-03  -2.0829592e-02  -1.7105926e-01   7.6425694e-03  -2.8349747e-02  -4.8191653e-02  -1.2848970e-01  -1.1043770e-01   5.6190850e-02   3.3260121e-02  -6.8866522e-02   1.7131795e-01   1.4271683e-01  -9.0788469e-02   3.8415134e-02   1.5306218e-01   2.0215263e-01  -1.7369883e-01   3.0428544e-02   2.2681985e-01  -4.2516245e-02   6.6728935e-03  -3.8228181e-03  -2.2673192e-01   3.0234623e-03   1.3211618e-01   1.6206860e-01
