  -8.6032159e-02
   3.1963884e-03
  -2.9855231e-02
   1.5820066e-03
   9.1476960e-04
  -3.6267397e-01
   8.0611036e-03
   4.7515481e-02
  -6.0294978e-03
   1.8590091e-02
   5.6513818e-03
  -8.8241933e-03
   2.7424793e-02
   8.0972693e-03
   6.3936041e-02
  -8.7484087e-03
   1.1049287e-02
  -2.6484308e-04
  -8.1984114e-02
  -5.8496131e-02
  -1.6810258e-01
   2.0230140e-02
   2.0552239e-03
   6.1588857e-04
   3.3328017e-01
   3.9109982e-01
  -1.3313130e-02
  -9.9256490e-03
   1.0818405e-02
   7.1489357e-03
