   1.2378961e-02
  -1.6053674e-01
  -4.4890121e-01
  -2.5362065e-01
  -2.4276763e-01
   1.4110157e-01
   7.1048138e-02
   1.6900262e-01
  -5.6792989e-04
  -2.4806022e-03
  -2.9227073e-01
   1.9512143e-03
   8.4053124e-02
   3.6433559e-01
  -1.1149342e-01
   2.7884405e-01
   1.7695221e-01
  -4.4490099e-01
  -2.3898761e-01
   2.7146501e-01
  -1.7495590e-01
   7.7961697e-02
   3.0204476e-01
  -2.1446043e-01
  -3.3718063e-02
  -8.2177798e-02
  -1.0565595e-01
  -2.9351562e-01
   4.9744711e-02
  -1.8080941e-01
  -3.7399082e-01
  -1.2611943e-01
   3.6356016e-01
  -5.2436946e-02
  -1.9277716e-01
   5.7926904e-02
