  -9.9906200e-02  -1.7603588e-01  -1.8202990e-01   2.8070887e-01  -4.8534842e-01   9.0248656e-02  -5.4993035e-02
  -5.0997641e-02   1.7944598e-01  -2.0743762e-01  -1.5034146e-01  -1.6457194e-01  -1.4191719e-01   1.2308704e-01
   3.8275711e-02  -2.7733674e-01   8.6256174e-02  -1.4855276e-01   2.5474006e-01   3.5362208e-02   2.2003962e-01
   1.8703370e-02   2.4768223e-01  -1.4200907e-01   2.3671929e-01  -3.2757650e-01   8.8719329e-02  -9.5731151e-02
  -2.8619094e-01  -1.7744108e-01  -5.4495902e-03  -5.1468648e-01  -5.8864680e-01  -1.1515221e-02   1.2546737e-01
  -8.8273276e-02   4.7826560e-01  -2.8368352e-01   1.2846555e-01  -1.9217382e-01   5.8379549e-01  -7.2677757e-02
  -2.2094146e-01  -7.9257330e-02   3.6184341e-01  -1.8340655e-01   1.4218765e-01   4.2087322e-02   2.4495948e-01
   3.4908262e-01   1.6786228e-01  -1.1070593e-01   1.4276198e-01   1.1565458e-01   2.8614981e-01  -1.0704465e-01
   3.3413943e-03  -7.3580077e-02  -7.5595319e-02   4.2471334e-01  -3.5245731e-01   4.6865488e-01  -4.6792029e-01
  -1.2443172e-01   4.1247643e-01  -1.0529536e-01  -1.8987393e-01  -3.8441472e-01   2.3539482e-01   1.3627644e-01
  -1.1827770e-01   4.5438330e-02   3.9952898e-02  -6.5368658e-03  -6.6351087e-02  -3.1626272e-01   2.9505598e-03
  -2.2110507e-01   4.5904727e-01   2.7179229e-01   3.0445730e-01  -1.0223325e-01  -5.4334122e-01   1.6633319e-01
  -5.7200659e-01   7.9102612e-01  -2.3821963e-01  -8.0937109e-02   3.7799741e-01  -2.1286493e-01  -2.2042550e-01
  -1.0388557e-01   1.2749531e-01  -2.9979779e-01  -8.8411209e-02  -1.8742199e-01   3.0763637e-01   7.9802289e-03
   5.1174982e-03  -2.3089858e-01  -9.6589381e-01  -3.3186582e-01  -2.9497792e-02  -9.0303437e-01   4.1000033e-01
  -8.1496317e-02  -4.3983709e-01   3.5783883e-01  -1.0377288e-01  -3.1638025e-01  -2.8906986e-01  -6.5476714e-02
  -8.8318960e-02  -1.0510144e-02  -5.7617784e-01  -1.3614505e-02   2.4155019e-01  -5.1803725e-02  -3.5117124e-01
   2.9135924e-01   1.2899749e-03  -4.5716626e-01   2.3883374e-02   1.2698298e-01   7.8015233e-02  -2.3208376e-01
   9.5525434e-03   1.8665773e-01   6.2692824e-01   2.4574114e-01  -3.9366329e-01  -2.6957916e-02   1.9154914e-01
   6.1159227e-02  -1.8882324e-02   2.9576750e-01   5.6780957e-02   1.2020513e-01  -3.1240039e-01   8.3897450e-02
   3.0184852e-02  -3.2909215e-02  -8.1003435e-03   9.5494566e-02  -2.2224415e-01   6.5310605e-02  -1.6590872e-01
  -2.1409648e-01  -1.8640948e-01  -2.2392254e-01  -9.3612385e-02   1.7001177e-03   2.3888068e-02  -5.9299453e-02
   5.4224478e-02   7.7808203e-02  -1.7791769e-01   1.3150666e-01   1.0678640e-01  -2.2669972e-01  -2.3355566e-02
   5.5098547e-02   2.0342772e-02  -2.1813652e-01   5.8588025e-02   1.2387898e-01  -4.0605890e-02   6.4137393e-02
   6.9163251e-02   7.5370134e-02   1.2449614e-01   5.4769572e-02   1.0457356e-01   8.9163548e-02   1.4644761e-01
   7.1517918e-02   3.4348164e-02   8.2323588e-02  -6.3486941e-02   2.2828549e-01   1.5295749e-01   1.0873777e-01
  -3.7450522e-01  -2.6502078e-01  -2.0821387e-02   1.2831072e+00  -1.1919613e+00   1.0619984e+00  -2.1189801e-01
  -3.7030722e-01  -4.5486418e-01   8.8042793e-01  -9.3688910e-03  -4.3593896e-01  -3.1335387e-01  -8.2926845e-02
  -7.5582229e-02   6.2595803e-01  -3.2192732e-02  -6.3092391e-01   4.9268218e-01  -1.3321248e-01   5.8696565e-01
  -9.4034221e-02  -2.7825277e-01  -8.0072728e-02   1.0165524e+00  -1.5321741e+00  -1.9942833e-01   3.8331081e-01
   1.1456851e-01   1.1852709e-01  -7.5674734e-02   1.4367279e-01  -1.3624605e-02  -5.6722202e-02  -9.3268745e-02
