  -2.7439083e-01  -4.5527501e-02   2.0839577e-01   5.2599476e-02   3.3345088e-02  -4.1081716e-02  -1.5350112e-01
   6.5695790e-02   7.5796577e-02   2.3553887e-02  -1.9478962e-01  -1.5617901e-01  -1.4644581e-01   2.0306029e-01
   1.6422990e-01   1.6844333e-01   2.0986415e-01   2.6508827e-02  -5.6418873e-02   4.0642806e-02  -1.0639273e-01
  -9.2454012e-02  -2.9789924e-02  -1.5527176e+00  -3.8072044e-01  -7.5425012e-03  -1.3065113e-01   4.5731798e-01
   1.7187121e-01  -1.8540093e-01   4.3492192e-04   4.8283914e-02   2.2226483e-01   1.0832880e-01   1.8156257e-01
  -1.5831622e-01  -1.8487212e-01   2.9020978e-02   1.6633845e-01   2.8287142e-02   4.9718155e-02  -3.9244750e-02
  -1.5644573e-01   9.4924865e-02  -3.8796364e-02   6.1179457e-02   1.5648812e-01  -1.5866957e-02  -8.9403822e-02
  -1.8598480e-02   8.5126912e-02  -1.8193461e-01   7.6412743e-02   5.9408613e-02   8.5374433e-02  -5.9630625e-02
  -2.4441397e-01   1.4212478e-01  -1.8297074e-01   6.1758655e-01   1.9996668e-01   3.7888407e-01  -1.3837589e-01
  -1.1201227e-01  -4.0752580e-01  -5.5526028e-01  -2.6786357e-01   1.7017899e-01  -5.8699828e-01   4.9577639e-01
   7.8186904e-04   3.4736371e-02   2.2983027e-02  -3.1610221e-02   1.9490102e-01  -2.7296444e-01   2.4415550e-01
   1.0859937e-03  -3.5687766e-02   8.4962114e-02   1.0431730e-01  -1.7807166e-03   5.0874869e-02  -4.9098766e-02
  -2.4770242e-02  -4.7768908e-02  -2.7133557e-02   1.9964605e-02  -1.0979052e-01   3.1898783e-02   2.3913810e-02
  -1.5176837e-02   1.3369725e-01  -1.7623145e-01   2.1012714e-01   9.2330132e-02   3.8538294e-02  -1.9191027e-03
  -1.3824926e+00   1.0238140e+00  -1.7437919e-01  -1.4483332e-01   5.2143359e-01   5.7621925e-02  -7.4305262e-01
   1.1036898e-01   9.3769298e-02   6.2643011e-03  -1.1992076e-01   3.1829956e-02  -2.8871297e-02   1.8316432e-02
   1.5967648e-01   3.4388239e-02   2.0999910e-02   1.0819532e-01  -3.0454433e-01   9.6509263e-02   2.1458268e-01
   2.6708482e-01   8.6263958e-02  -1.8859380e+00  -7.0019109e-02   4.0111724e-02  -1.7455934e-01   6.2987445e-01
  -2.8920415e-02  -1.1717906e-02   3.8577637e-02  -7.2147377e-02   1.3655740e-01  -9.3999008e-02   7.5023983e-02
  -1.5575828e-01   8.8819461e-02  -3.5900942e-01   2.5554781e-01   1.8693417e-01   1.6128378e-01  -1.5315945e-01
   1.0507223e-02  -3.8104427e-02   1.4083414e-01   6.4557393e-02   9.0147400e-02  -3.3683454e-01   3.0798213e-01
  -1.1803928e+00  -7.6597668e-01   1.9941327e+00   2.3932925e-01  -1.0542515e+00   8.8612600e-02   5.0687186e-02
  -1.4658057e+00   4.1175195e-01   4.1360585e-01  -7.9399362e-01  -5.3728463e-02  -1.3092044e+00   7.0317348e-02
   6.5691993e-02  -4.0583304e-02   6.1396563e-02   9.2073818e-02  -8.0036723e-02   1.2425682e-01  -4.1688520e-02
  -6.7034122e-01   6.7049121e-01   1.5838570e-01   1.0297542e+00   3.2951278e-01  -5.2609786e-01   8.6063951e-01
  -9.7904458e-01   2.9293791e-01  -5.4785806e-01   3.1194256e-01  -4.5487228e-01  -1.6067340e-01  -4.5631908e-01
  -5.2262746e-02  -4.0857903e-02   1.5629024e-02   4.4600836e-02  -1.4253629e-01   2.8603905e-02   3.5921979e-03
  -9.3400488e-02   1.4459777e-01  -3.7473462e-01   2.1183535e-01   1.8873304e-01   1.8970816e-01  -7.0700904e-02
   7.7678167e-01  -1.0526621e-01  -7.5780141e-02   2.0998298e+00  -7.2078220e-01  -2.9426737e-01   2.7063803e-01
   5.8430438e-03   6.5936313e-02  -8.1939615e-02  -3.0694908e-02  -1.2168786e-01   2.5880016e-01  -7.5996613e-02
  -4.2463290e-02  -7.3622991e-03   4.2668049e-02  -6.6173667e-02   1.7815413e-01  -1.6955793e-01   1.0317866e-01
  -1.0533089e-02  -4.2740047e-02   5.8461608e-02   6.4276751e-02   1.7095294e-02  -3.0238330e-02  -1.3084668e-02
