   5.3034502e-02   1.3371794e-01   2.0258681e-01  -1.7014559e-01   1.8915609e-01  -4.1418696e-01   2.6820092e-01
  -1.8902866e-01  -1.4605146e-01  -3.0127983e-02   2.4248853e-01  -5.1086936e-01   5.1391217e-02   1.4676163e-01
   2.8737230e-02  -1.3904877e-01  -4.3294811e-02  -1.3117663e-01  -2.1546642e-02  -2.1023507e-01   1.9913550e-01
  -1.1509955e-01  -1.6967433e-01  -4.8572673e-02   1.0406585e-01  -2.9977629e-01  -9.4121847e-02   2.3764670e-01
   8.0939089e-03   2.9539048e-01  -2.7990812e-03   1.8762227e-01   1.3430278e-01  -3.8339481e-01   3.1630362e-02
  -2.5844390e-01   5.8256049e-01  -1.4540710e-01   4.1289641e-01   4.5037466e-01  -4.7668423e-01   4.4620672e-01
   5.6921908e-02   1.0530717e-01   4.6158767e-01   8.1173456e-01  -9.3777518e-02  -1.9356647e-01   6.6960686e-02
  -7.3628889e-02  -1.4346168e-02   9.6277577e-02   1.7527415e-01   1.7252290e-01  -8.6059766e-02   9.3132341e-02
   7.8675198e-03  -3.2062455e-01   6.4512217e-02   9.3269788e-02  -3.0288665e-01  -3.2119273e-02   1.0451253e-01
  -1.4675379e-01   8.5743442e-03  -6.7891714e-02   6.2243243e-02  -1.2800925e-01  -1.7278725e-01   1.6854235e-01
   5.1525911e-02  -7.7000807e-02   1.9803353e-01  -2.0650130e-01  -1.7569704e-01  -1.3184113e-01   2.0456457e-01
  -4.4210466e-03  -5.1877187e-02   6.4287288e-02   1.9650823e-01  -9.6738855e-02   1.7214132e-01   2.7654049e-01
   2.0933577e-01  -5.3660730e-02  -1.7052343e-01   2.9431292e-01   4.5786818e-02  -1.1113578e-01   1.7990647e-01
   5.5156487e-03   2.5486421e-03  -8.0536229e-02   1.7591160e-01  -1.2345186e-01  -1.4390084e-01   7.9029772e-02
   1.1887753e-01   1.0868134e-01   2.5638402e-02  -2.6355731e-02   1.5926459e-01   9.0321252e-02  -1.9677087e-01
  -5.9165747e-02   1.1482780e-01   8.8052218e-02  -5.4311175e-01   8.4968012e-02  -8.8438247e-02  -8.8298669e-02
  -1.5383863e-02   2.5994864e-02  -5.0665559e-05  -2.0956107e-01  -3.0995473e-01  -2.5898865e-02  -2.8495218e-01
   1.8544935e-01   4.5392461e-02  -1.6606026e-01  -1.3757248e-01  -3.9537298e-02   1.3590483e-01  -1.0632876e-01
  -4.2534360e-01   7.8013626e-02   4.7253716e-01   4.2433252e-01   2.6790414e-03   2.4793760e-01  -5.9068682e-01
  -1.7992591e-02  -5.5084109e-02  -1.6343643e-01   1.7004541e-01  -4.9324704e-02  -2.4947574e-01   2.1060964e-01
   1.2294675e+00  -1.4507857e+00   3.8797762e-01  -2.8628670e-01  -1.3508764e+00   3.5640405e-01  -6.5314359e-01
  -6.9581483e-02  -5.1930672e-02   9.3370494e-03   9.4110539e-02   2.0851524e-01   8.7796439e-02  -3.3592868e-01
   1.3609626e-01  -4.8386246e-02   4.3362301e-02  -6.9695265e-02   4.1175511e-02   1.3473851e-01  -4.3688147e-02
   1.1614544e-01   2.1402952e-02  -1.7860569e-02   1.5660059e-02   1.1400318e-01  -9.6635359e-02  -1.5486237e-01
  -1.6532551e-01  -2.9212609e-02  -2.8853206e-02   7.1284254e-02  -5.7970068e-02  -1.2455305e-02  -7.8003275e-02
  -9.1365415e-02  -3.2774241e-02   1.2405476e-01  -1.7713794e-01  -5.7349881e-02   6.4331005e-02  -5.6712805e-02
  -5.7825061e-01   7.8953186e-01  -2.0258982e-01   7.3669149e-01   7.8372952e-01   1.2688192e-01   2.3135320e-01
  -1.3429356e-01  -7.6108774e-03  -1.3575527e-01   1.3515833e-01  -6.9929805e-02  -2.1908385e-01   1.0929343e-01
  -6.2144862e-02   2.4530311e-02   1.5328934e-01  -1.7464130e-01   4.1527113e-02   1.0121351e-01   2.1088357e-02
  -3.6106560e-01  -1.2303590e-01   3.7409385e-01  -3.3930386e-01   4.8991467e-02   2.0992204e-01  -2.4380698e-01
   1.5390031e-01   6.1202641e-02  -1.9779900e-01   1.8453093e-01  -4.5791620e-02  -1.3028810e-01  -1.2654400e-02
  -3.5829900e-02   9.9387673e-02   5.3070411e-02  -8.2442905e-02   2.0761125e-01   1.0359047e-01  -3.6604974e-02
   1.5681865e-01   3.9739594e-01   8.5830448e-02   7.2203109e-01  -2.2288341e-01   2.1714941e+00   1.2510637e+00
  -2.1426177e-01   1.5850621e-01  -4.5567847e-01  -2.1290091e-02   2.2251511e-01   9.7826465e-02   2.3195754e-01
   1.6750073e-01  -2.2666436e-02   6.2658275e-02   8.1691844e-02   3.5903795e-01  -1.3373007e-01   2.8634053e-01
  -5.0353355e-02  -6.9095691e-02   2.8454614e-01  -1.3799146e-01  -6.6320016e-02   2.1465785e-02  -2.7889077e-01
   3.2642536e-01   2.3017661e-02  -1.1463333e+00  -7.3815670e-01  -2.0307418e-04  -2.7125879e-01  -3.1996521e-01
  -3.2942560e-01  -6.7253517e-02   3.4561781e-01  -6.8512244e-03   3.2740210e-03   2.3601537e-01  -3.2436185e-01
   2.1438666e-02  -8.6755974e-02  -9.9276469e-02   1.6120176e-01  -8.9644591e-02  -2.1448671e-01   1.0590955e-01
  -1.5470165e-02  -4.9549129e-02  -1.9511653e-01  -4.7796970e-02   2.3355023e-01   2.1053642e-03  -1.6864188e-01
  -1.7331571e-01   3.3354485e-02   4.6887266e-02   4.9990877e-02  -1.4441786e-01  -1.4001840e-01   1.1828286e-01
  -9.2748997e-02  -8.7659534e-02  -7.9588388e-02  -5.9764286e-03  -4.3118525e-02   1.1574826e-01  -9.3173114e-02
   5.5986735e-02  -2.8406103e-02   1.5771236e-01  -1.1587233e-01  -2.9744887e-02   1.7549176e-02   2.1779658e-02
  -8.6566844e-02   1.3410171e-02   1.5732848e-01  -3.0702792e-01   3.6480661e-02   1.0756591e-01  -3.6303799e-02
  -8.0624738e-02   4.4418262e-01   1.5969770e-02  -2.0362188e-02   4.5008079e-01  -1.3362898e-02  -1.1242652e+00
   6.2090513e-03  -1.4442538e-01  -1.1010197e-01   1.7961491e-01  -5.8728069e-02  -2.0494665e-02   2.7695219e-02
  -2.4578448e-02  -6.2003782e-02   1.1901163e-01  -2.2204087e-01   1.2128333e-01   2.7353963e-01  -1.2060047e-01
  -4.4407319e-01   2.3318755e-01  -5.3036723e-03  -1.2794385e-01  -1.1245259e-01   5.3722483e-01   3.9467347e-01
  -8.5669587e-02   1.3260299e-02   9.5323740e-02   8.9343173e-02  -4.5095950e-02  -9.9607640e-02   7.6240872e-02
