   8.3192584e-02  -1.7921003e-01  -1.2029384e-02   4.8242120e-02   3.7208927e-02  -9.6277992e-02   1.4310014e-01   2.4318111e-02  -3.6394761e-03   7.3537452e-02   8.5692786e-03   5.3166191e-02   1.1238702e-01   6.2925568e-02   4.6758268e-02  -1.2624128e-01   7.0348161e-02   7.8538477e-02   3.4659875e-03  -4.1915858e-02  -1.0472800e-01  -4.2544329e-02  -1.1255842e-01   2.2103314e-02   4.2452662e-02   2.6078997e-02  -5.7332199e-02  -5.7009323e-02   8.8645258e-02   5.8403539e-02   6.7772847e-02  -5.1835454e-02  -7.1767206e-02   3.2734821e-02   9.7942815e-02
  -3.0940665e-02   2.2031768e-02  -6.9694772e-02  -2.8841557e-02  -2.7219479e-02  -3.9581148e-02   2.8680251e-02  -5.2302779e-02  -1.2311138e-01  -6.8211599e-02  -1.4480204e-03  -1.9293264e-02   3.4479661e-02  -4.7783933e-03   1.0656467e-01  -1.6255499e-01   1.0447484e-01   8.8535544e-02  -1.6026026e-02  -6.3418672e-02  -1.3555213e-01  -3.2734679e-03  -1.3515252e-01  -5.9646511e-04   6.9471687e-02   1.5552859e-01  -1.3795463e-01  -7.3506158e-02  -1.0359256e-01   2.6275273e-02   3.6063620e-02  -8.8777425e-02   5.8851421e-03   1.3254906e-01   3.4065859e-02
   1.4354969e-01  -2.6719406e-01  -8.1020617e-03   3.0630489e-01  -1.4003994e-02   5.3436220e-02   3.1748179e-01  -5.4415203e-02  -3.4337917e-02   4.1341997e-01   2.4240483e-01   1.6220173e-02   6.5042118e-01   5.5054651e-01   2.5597367e-02  -1.7082542e-01  -1.2330728e-01   3.1861977e-01   2.5377539e-01   4.0197414e-02  -1.3264168e-02   1.8654587e-01   3.2203115e-02   1.0731477e-01  -4.3985039e-03  -1.7693463e-01  -5.1820242e-02  -2.6132032e-01   4.1071469e-01  -5.7715709e-02   4.8514162e-02  -6.8875934e-02  -1.0704124e-01  -1.3021281e-01  -8.9120550e-02
  -1.7754717e-02   5.0930529e-02   5.3350277e-02  -1.0663129e-01   4.3044235e-02  -6.1308661e-03  -9.9339238e-02   2.1579088e-02  -1.4646148e-03   6.2523773e-03   3.2661000e-02  -1.0091557e-02   3.8758224e-02  -3.2460418e-02  -1.1085890e-01   8.7502744e-02  -2.9153560e-02   5.6224306e-02  -5.1389481e-02   7.9417298e-02   4.4344588e-02   4.6133608e-02   2.2024475e-02  -6.5848612e-02  -6.8352952e-02  -1.1024502e-01  -3.7718629e-03   8.7462700e-03  -3.5143756e-02  -1.1074661e-02  -2.5103587e-02   4.2551416e-02  -1.7730539e-02   4.4817313e-02  -3.8136564e-02
  -2.4256438e-01   1.7995950e-01   1.2839212e-01  -1.2190763e-01  -1.9813139e-03  -2.6472371e-01  -2.6041341e-01   3.7035639e-02   4.2657702e-02  -1.6895347e-01  -2.7137570e-01   3.1460155e-01  -2.1336006e-01  -3.9854599e-01  -3.0163249e-02  -1.2357156e-01   4.1891990e-01  -3.7200286e-01   1.7019088e-01   5.6185463e-03  -5.0777864e-01  -2.3520016e-01  -1.4854758e-01  -1.6043008e-01  -2.1164944e-01   2.7804313e-02   1.3998938e-01   1.5493776e-01  -1.2681275e-01   1.8687733e-01   3.7448971e-02   1.4179972e-01   1.6343403e-01   3.2755388e-02   2.3276511e-01
  -4.9796882e-02  -2.4803472e-01  -3.6713918e-02   8.0139793e-02   1.8884747e-01  -2.6105222e-01   1.5297167e-01   5.5536059e-02   6.7868390e-02  -1.4839588e-01  -1.1643738e-01   7.8272946e-02  -1.4831459e-01   2.5967508e-02  -1.4345364e-01   3.5700442e-02  -8.8249889e-02  -2.0841176e-01   6.9751900e-02   8.0815303e-03  -1.3844702e-02   2.6072953e-02  -5.6169124e-02   9.2681156e-02  -1.0248178e-01  -8.5010309e-02  -7.1809578e-02  -3.6776914e-02  -8.5824750e-02   2.7945803e-01   9.2544766e-02   9.8308242e-03  -1.6048727e-01   1.2875174e-01   2.2742228e-01
   7.9266633e-02   8.8888772e-02  -1.5774979e-02  -6.9338168e-02  -1.0798137e-01   1.3006038e-01  -4.3775676e-02  -5.8751932e-02  -5.9823367e-02   1.0639113e-01   9.8016111e-02  -8.3285006e-02   1.7805606e-01  -4.6921669e-02   9.8946175e-02  -8.6546382e-02   1.9021554e-02   1.4651188e-01   7.1400322e-02  -1.7198891e-02   3.2589966e-02   2.5345497e-02   5.3588832e-03   1.7470433e-02   9.3850593e-02   1.1551232e-01  -4.5027643e-02  -2.2657290e-02   1.3532325e-02  -1.0822503e-01  -5.0549709e-02  -6.2418775e-02   1.5414221e-01  -6.7958928e-03  -1.6095091e-01
  -1.5053675e-02   2.0250116e-03   4.3739590e-02   3.6327773e-02  -2.4538132e-02  -1.0357926e-02   3.4306933e-02   3.8834515e-02   9.1987647e-02  -4.4085674e-02  -6.3418519e-02   4.7715551e-02  -5.2233061e-02   1.3938437e-01   5.8114314e-02   9.8961463e-03   5.2627519e-02  -3.1066873e-02   4.3879667e-02  -2.0744994e-02   1.8405862e-02  -1.6857729e-02   2.9619018e-02   6.4431545e-02  -1.5942813e-02   3.3319349e-02   1.0030241e-02  -2.8481373e-02  -3.0965909e-02   1.7669308e-02   3.1747417e-02  -1.0257888e-02   3.4188497e-03   3.0861355e-03   7.4390426e-02
   5.3307862e-02   3.1588822e-02   4.5993539e-02  -8.4524388e-02  -2.8442971e-02   4.9896314e-02  -6.2099648e-02   4.5942534e-03  -2.9360779e-02   7.9201780e-02   4.8984724e-02   3.4110896e-02   1.1691096e-01  -2.5259571e-02  -5.0227679e-02  -3.5989939e-02   8.5743195e-03   6.3020704e-02   5.5167068e-02   6.4629733e-02   5.8276125e-03   1.0389518e-01  -2.5683909e-02  -5.2796669e-02  -6.1015120e-02  -7.0262786e-02   7.7741167e-02  -4.2640353e-02  -4.4204495e-02  -1.7693719e-02  -9.3172660e-03   4.7762687e-02   2.1457476e-02   3.8141062e-02  -5.6410145e-03
   1.3202398e-02  -1.0818339e-01   3.4361111e-02  -4.5706896e-02   2.0910729e-01  -2.1167157e-01   4.5071973e-02   3.9032834e-02   1.9740933e-02  -1.1761567e-01  -9.4289033e-03  -1.1455492e-02  -6.1304540e-02  -4.3934730e-02  -2.3297688e-01   7.7864416e-02  -5.7657749e-02  -4.9661637e-02  -6.5752791e-03   1.0535647e-01   9.9491047e-03   1.2764860e-02   4.7853484e-02  -3.7169977e-02  -7.7330591e-02  -1.2808176e-01  -8.8988742e-02   2.5120712e-03  -3.4022033e-02   1.5166875e-01   5.8483130e-02   2.4497528e-02  -1.3464563e-01   6.8071540e-02   1.0613145e-01
   4.8456539e-02  -1.7035525e-01  -3.5457158e-02  -5.1771780e-03  -2.6228163e-02   7.6055431e-02   1.4021345e-01   1.4695116e-01   8.2477958e-02  -8.4699245e-02   4.6388300e-02  -1.6116063e-01  -2.3549085e-01   1.2645849e-01   9.3293395e-02   1.0211214e-01  -2.2241851e-01  -2.7923488e-02  -1.3001120e-03  -1.5402197e-02   3.2819212e-01   1.8879321e-01   5.1707447e-02   1.5512289e-01   7.3128011e-02   6.9717630e-02  -1.5472785e-01  -9.4169362e-02  -1.9154754e-01  -5.0163155e-02   5.0366718e-02  -1.0055471e-01  -1.4347468e-01   4.7468924e-02   1.6444443e-01
  -1.0271845e-01   8.1917303e-02  -8.7205971e-02   4.6235984e-02  -1.7471184e-02   1.8308563e-02  -7.6886015e-03  -3.5578622e-02  -3.1028445e-02  -1.5629309e-01  -4.7122854e-02  -9.0605716e-02  -3.0839956e-01  -6.8805981e-02   4.0211095e-02  -2.9052972e-04  -3.6489633e-02  -7.2640329e-02  -1.8446584e-02  -6.6840725e-02   1.4552075e-02  -1.0718880e-02   6.6731684e-03   1.0715361e-01   2.7859065e-02   1.3177466e-01  -6.4222493e-02  -2.5613614e-02  -1.4198960e-01  -9.6240763e-03   1.4590340e-02  -7.3626639e-02   2.5758189e-02   3.1054703e-02  -7.4056086e-03
   9.0315327e-01  -1.2226114e-01   1.9473309e-01  -4.4522439e-01  -3.2272632e-01   6.0543504e-01  -1.7770156e-01   3.6822563e-01   1.3477879e-01   6.3298069e-01   3.7597258e-01  -1.1317683e-01   4.5152613e-03   5.1336001e-01   2.9200973e-01   1.7305204e-01  -6.7505809e-01   2.1327136e-01   1.4000407e-01   4.6477739e-01   9.0322821e-01   5.4625285e-01   1.4884891e-01  -3.5647755e-01  -8.2655708e-02  -1.0645966e-01   5.7498754e-01  -7.2673075e-02  -9.8948589e-02  -3.3580912e-01  -3.0834403e-01   3.3339451e-01   1.9773207e-01   1.5269374e-01   3.3444947e-01
  -1.7294814e-02   2.7010645e-02  -3.5711668e-02   3.5521414e-02  -5.4383899e-02   4.8488456e-02   2.3973663e-04  -3.1720924e-02  -1.1193206e-02  -2.7931905e-02  -1.1603542e-02  -2.7388786e-02  -5.8452088e-02   1.4773316e-02   7.9771610e-02  -2.8340494e-02  -8.8066069e-03  -3.1082668e-02   2.7066483e-02  -3.7226234e-02   1.2144936e-02  -4.7509466e-03  -9.3459258e-03   5.3345026e-02   2.2218526e-02   8.7712413e-02   1.0709847e-03  -2.3312869e-02  -1.3074557e-02  -2.9115940e-02  -1.2540568e-02  -2.7874739e-02   4.4468905e-02  -1.3793035e-02   6.8606481e-04
  -1.6052472e-02   9.0223795e-02  -8.7181277e-02   2.5554993e-02  -1.3525430e-01   1.4964718e-01   1.3943437e-02  -2.0555467e-02  -3.0031480e-02  -1.6644898e-03  -1.5686216e-02   1.8410876e-02  -2.1039803e-02   5.8189257e-02   1.8434694e-01  -1.2822032e-01   4.7364146e-02   5.2066697e-02   2.5804787e-02  -6.1991214e-02   1.8532351e-02  -1.4941251e-02  -4.5638612e-02   2.3198431e-02   4.5101892e-02   1.5777203e-01   6.9639694e-02  -3.0364688e-02   2.8637261e-03  -1.4996131e-01  -6.1253554e-02  -1.1094654e-02   1.2445854e-01  -2.1939994e-02   1.8467045e-03
  -2.6581549e-02   1.3034181e-02   5.0368869e-03  -6.8984072e-02   1.7835094e-01  -1.6103576e-01   2.6619347e-02   1.4061749e-02  -3.5799882e-02  -4.1845243e-02   3.1571163e-02  -3.7803837e-02   4.0097880e-02  -6.7795206e-02  -1.9034916e-01   5.1230610e-02   1.9682956e-02   9.2661321e-02  -1.3381020e-01   1.2068213e-01  -2.5003930e-02  -6.1663361e-02   1.1927471e-02  -1.4396637e-01  -1.8360316e-02  -1.0148085e-01  -1.0058080e-01   8.9346264e-02   6.8869930e-02   2.1834031e-02  -3.0048040e-02   1.7588340e-02  -3.8368041e-02   3.9578949e-02   1.0133385e-02
  -1.4719757e-02  -4.9999730e-02  -4.3249015e-03   6.1280566e-02   6.3486914e-04  -4.4373982e-02   2.9955931e-03  -2.3069782e-02  -1.2613564e-02   6.2573381e-03  -5.0910079e-03  -3.1337122e-03  -5.1361923e-02  -3.1299899e-02  -5.7428159e-03   2.8939575e-02  -2.5810165e-02  -4.2662398e-02   4.2316742e-02  -4.7068598e-03  -1.5415088e-02  -1.9218816e-03  -2.0778507e-02   4.0473302e-02   9.0112914e-04  -2.3138021e-02   1.2762410e-02  -1.3333662e-02   4.3158904e-03   5.3309815e-02   2.1437603e-02  -2.9334573e-02  -2.8311536e-02  -1.7662338e-02  -8.2613246e-03
   1.4091930e-01  -2.2179855e-01  -1.1823466e-01  -1.7936908e-01  -2.0875262e-02   1.8529882e-01  -2.8535339e-02   3.4118271e-01   7.5198632e-02   2.3972313e-01   4.4018252e-02  -1.4970409e-02   4.5916290e-02   1.6464944e-01   3.7089713e-02  -2.9788534e-02  -2.6553442e-01  -1.3423413e-01  -7.3847278e-02   1.2845097e-01   5.9565533e-01   3.5898206e-01   1.3926878e-02  -1.5496650e-03  -1.8035447e-01  -1.0490313e-01   2.3698019e-01  -1.7391645e-01   2.1520545e-02  -9.6454013e-02  -3.3624479e-02   1.8273258e-01  -3.5024474e-01   1.4747839e-01   4.3321816e-01
  -1.1296178e-01   2.6746624e-02  -3.8612169e-02   1.6816636e-01   7.8017416e-02  -9.7348198e-02   5.5151354e-02   3.8076521e-02   8.7396655e-02  -1.2580994e-01  -1.2120503e-01   1.0976376e-01  -2.6477537e-01   5.9067900e-02   2.3389374e-02   4.0941237e-02   5.8656809e-02  -7.2128548e-02  -1.1467761e-02  -3.5455448e-02  -9.5996892e-02  -1.5576872e-01   1.1386635e-01  -1.7829423e-02  -3.7468949e-02  -6.1171313e-03   5.5436824e-02   1.2678939e-01   8.8126025e-02   1.5787617e-02   1.9030158e-02   2.8439905e-02   1.7766644e-02  -1.1174114e-01   3.1746818e-02
