   3.7805074e-02   1.0816068e-01  -5.4394103e-02  -1.5127050e-01   3.8984548e-03   6.3229162e-03   7.9836511e-02  -1.5369132e-01  -4.8443829e-03   1.1534596e-01  -1.7578965e-01   1.3855586e-01   1.3028133e-01  -1.9948707e-01  -3.5283315e-02  -3.3382219e-01  -4.2937006e-02  -1.1931075e-01   1.4264755e-01  -1.3299911e-01  -5.2242281e-02   1.6801851e-01   1.0209302e-02  -2.1338050e-01  -2.3826085e-03  -6.7951608e-02   1.8768673e-01  -1.0324347e-01  -3.6483263e-02   1.6768658e-02   1.5945247e-01   4.3677480e-02  -9.6069790e-02  -4.1871102e-01  -1.6583485e-02   8.1395001e-03  -7.8310342e-02
  -1.6050448e-03   3.2767185e-03  -2.1503950e-02  -5.1040314e-04  -2.6275631e-02  -4.7070535e-03  -1.0276393e-02  -3.4787881e-03  -2.5146383e-02  -1.3584042e-02  -2.3867189e-02   4.6422468e-02   1.6371234e-02  -2.2232809e-02   1.9182324e-03  -3.7738628e-02   1.5218877e-02  -1.9232855e-02  -1.9285537e-02   6.8655503e-03   2.0865759e-02  -3.2463418e-02  -2.2255943e-02  -2.4340556e-02   4.8849766e-02   2.0124565e-02  -2.2954305e-02  -2.5915416e-02  -5.8397837e-03   1.2588448e-02   2.0863345e-02  -1.6770909e-03   1.3828204e-02  -1.4759730e-02  -1.4624972e-03   3.2948750e-02  -1.4653502e-02
   3.3220434e-02   9.9947268e-03   7.5967754e-02   1.9033357e-02  -6.0851051e-02  -5.4166175e-02  -4.2688256e-02   5.7144255e-02  -2.5114843e-02   4.2617589e-02   7.2634270e-02  -7.5865384e-02  -4.2147059e-03  -2.5363287e-02  -1.5179912e-02   5.5014303e-02   4.7070171e-02  -3.4508128e-02  -3.3410045e-02   2.3403761e-02  -4.9712894e-02   1.3440023e-01   1.1896589e-02   5.5162316e-02  -7.9075128e-02   3.8220884e-02  -3.5410899e-02  -8.4149239e-03  -2.6932601e-02   2.5697768e-02   7.3469085e-02   8.1046819e-02  -5.9769294e-02   2.6979220e-02   5.1113228e-02  -7.2497680e-02   6.1893229e-02
   1.5118953e-04   5.4703266e-03  -1.8052670e-02  -9.7557700e-03   1.1224879e-02  -1.2459228e-03  -5.6329117e-03  -7.0923995e-04   2.7736985e-02   1.3217507e-02  -4.2418063e-02   4.9560187e-02  -1.9642756e-04  -1.7500042e-02  -8.6280088e-04   5.5102368e-03   1.7034902e-02   3.2995986e-02   1.3695090e-02  -2.7369693e-02  -1.4406371e-02  -2.1462972e-02  -7.3204641e-03  -9.9252757e-03   1.7369971e-03  -3.2475127e-03  -2.8182820e-02   9.5700741e-03   5.8708190e-03  -1.6119828e-03  -3.0606225e-03  -1.4813283e-02   2.0329923e-02   3.3873999e-03   1.3666202e-02  -1.3880477e-02   2.5749419e-02
  -1.8924856e-02  -1.0778422e-02   1.5941291e-04  -1.5426697e-02   2.1884237e-02  -2.6571363e-02  -1.1545639e-03   2.5128183e-02   1.5099764e-02   3.6944933e-02   2.3233664e-03  -6.8241337e-02  -2.4594110e-02  -3.8926779e-02  -6.6774664e-02   1.1813043e-01   5.5275670e-03   4.9406626e-02  -2.4700695e-02  -3.6771572e-02  -1.9913011e-02  -1.5552943e-02  -1.6109494e-02  -4.2734337e-02  -7.9271769e-02   5.1292979e-02  -3.0326842e-03   2.1728983e-02   1.2923726e-02  -5.3127325e-02  -1.3764103e-02  -3.2557244e-02   2.9661050e-02  -1.5123944e-02   2.7200160e-02  -3.3433783e-02   6.4226378e-02
   1.3989120e-02   1.0888729e-02  -4.7390565e-03   1.1184895e-02  -2.8674921e-02  -1.0905385e-02  -1.7979103e-02   7.0583857e-03  -9.9540182e-03  -1.4516880e-02  -1.9525254e-02   1.2404334e-02   8.5282562e-03  -9.0182975e-03  -3.0736942e-03  -2.3681794e-02   1.7918137e-02  -6.8067455e-03   2.1276651e-03  -2.1443833e-02  -9.2212981e-03  -8.6325641e-03  -2.1617369e-02   9.9761662e-03  -9.8922577e-04   2.0858627e-02  -2.0592386e-02  -9.5421127e-03   3.7558676e-03  -2.4419757e-03   8.8585774e-03  -1.7676076e-03   2.3619524e-03   2.2901639e-02   1.8254703e-02  -5.0333750e-03   1.3980808e-02
   2.2355856e-01  -1.7957455e-01   2.6036253e-01  -6.6922596e-01  -3.3747980e-02  -2.4409701e-01  -1.4526761e-01   1.2404137e-01   2.2733295e-01  -2.8496255e-01   3.8901252e-01  -7.4772534e-01   7.8671570e-02   4.5344300e-01  -6.8729772e-01  -1.3908528e-01  -3.2482361e-01  -1.5069362e-01  -1.5229798e-02   1.5876251e-01   4.1382683e-01  -2.0409015e-01   3.1647286e-01   1.7439298e-01  -3.2275211e-01   1.0282990e-01   7.0167629e-01   5.9717522e-03  -7.1206795e-01  -3.6747056e-01  -4.5290160e-01   3.0755017e-01  -3.2274717e-01   2.2916803e-01  -2.9915627e-01   1.5162106e-01  -3.3638268e-01
   1.2980800e-02   2.5977858e-02  -1.9644701e-02  -3.6088624e-03   6.5397186e-03   2.6729259e-02   1.4636793e-02  -3.0705998e-02  -4.1492696e-02  -3.0310387e-02  -1.2961307e-01   1.4480329e-01   6.8849790e-02   1.8091241e-02   1.1674839e-02  -9.6858527e-02   1.1401206e-02  -1.2256919e-02  -1.1861780e-02  -1.8557737e-02   1.1043143e-02  -6.4261087e-02   7.8781977e-03   1.3186593e-02   9.6201633e-02   4.1730477e-02  -4.3882430e-02  -6.0666353e-02   1.2896695e-02  -1.4894686e-02  -7.3182264e-03  -1.4531237e-02   3.6609651e-02  -3.6477988e-02  -6.5939609e-03   3.8135329e-02  -7.5165359e-03
  -1.7682065e-02   2.8192703e-03  -3.6710340e-02  -8.2140056e-02  -1.6635835e-01   1.6007604e-02  -5.9545614e-02  -5.7389380e-02  -1.1975095e-01   6.0063713e-02  -8.1476090e-02   2.7399861e-02   1.3750238e-02  -1.5201878e-02   9.4084317e-02  -2.8761450e-02   5.4502280e-02   2.2532048e-03   2.3938212e-02   1.5498069e-02  -3.2495005e-02  -6.6694980e-03  -7.0739640e-02  -7.8178958e-02   1.7142151e-02   5.9997095e-02  -7.7773922e-02  -6.8283491e-02   1.6760127e-02   3.3817549e-02  -1.2722778e-03   8.1109739e-03   5.8744873e-02  -4.2436025e-02  -1.2809280e-02  -2.1780684e-02   8.1085076e-02
  -1.9579603e-03   1.6543048e-02  -1.6962963e-03  -3.5737592e-02  -1.7117537e-02  -2.1393415e-02  -2.1198897e-02   2.8901544e-02   8.5250804e-03  -4.0138988e-03  -1.5519499e-02   3.3908071e-03  -2.0032920e-02  -5.3324971e-02   5.8774731e-03   1.7146291e-02   3.5877806e-02   1.4465283e-02  -1.0599984e-02  -4.2170195e-02  -2.7112056e-02  -1.2518175e-02  -1.5597347e-02  -3.9322110e-02  -9.8820060e-03   2.5780432e-02  -2.4813282e-02   1.6565658e-02   6.7065796e-03  -2.4246276e-02   3.5045842e-02  -1.5817475e-02   8.9145605e-03  -2.2697284e-02   3.2613152e-02  -2.0396896e-02   2.1212415e-02
  -2.0922248e-02  -1.0245031e-02   4.3859509e-02  -3.3772349e-03   8.6768389e-02   2.3766856e-02   1.6680826e-02  -2.6109653e-03  -7.5556977e-03  -4.8789425e-03   7.5791044e-02  -8.3572051e-02  -1.6413935e-02   9.1646027e-02  -1.8487409e-02  -1.9457158e-02  -1.2558056e-01  -6.0619342e-02  -3.7062795e-02   1.0712081e-01   3.0746420e-02   2.9470893e-02   7.5305178e-02  -4.7382205e-02  -7.2680127e-02  -5.6820253e-02   6.3019022e-02  -3.8264600e-02  -2.3199826e-02  -2.1258702e-02  -4.7078977e-02   4.5122328e-02  -2.5479179e-03  -8.3636432e-02  -5.1604884e-02   6.3215849e-03  -1.5804891e-02
   3.3621634e-02   9.8009864e-03  -9.5514188e-02   1.8907691e-01   7.3296151e-02  -4.9727494e-02   8.9519550e-02  -2.0041148e-02  -2.3722659e-02  -3.9266039e-02   8.2141445e-02   1.7553130e-01   1.9006746e-01   8.1997035e-02   1.0135085e-01  -9.6990205e-03   7.8987575e-02   1.1565723e-01  -5.3442034e-02  -1.5843115e-01  -2.0492604e-02  -1.1640917e-01  -6.3904381e-02  -3.4245281e-02   1.9081015e-01  -9.8426375e-02  -1.9988520e-03   1.5596310e-02   1.4064134e-01   2.1306672e-01  -8.8623724e-02  -2.8411117e-02   9.0461124e-02  -1.1554002e-01  -1.0240969e-01   1.8472077e-02   1.3287845e-02
  -1.5322237e-02  -1.7494882e-02  -2.4730110e-02   2.4892856e-02  -1.6270528e-02   3.7387903e-02   2.9532573e-02  -5.9890189e-03  -5.2110076e-02  -5.0923931e-02   5.6656906e-02  -6.8539804e-02   1.5335583e-02  -2.7347872e-03  -1.7161179e-02  -5.7599180e-03  -4.0444427e-02  -1.6901324e-02  -5.8502687e-02   1.4153974e-02   2.5760228e-02  -1.7147263e-02  -8.8269241e-03  -4.8609846e-02   3.5474003e-02   8.7052004e-03   2.9821895e-02   4.9389206e-03   2.6500752e-02   2.3267876e-03  -4.4853540e-02   3.2332120e-03   1.5868907e-02  -2.5537694e-03  -2.8032740e-02   6.1892371e-02  -4.3118733e-02
   2.9287887e-02   3.0281808e-02  -1.6611562e-02  -5.8665971e-02  -1.8315739e-02   4.1898933e-03   3.9665799e-02  -1.4986724e-02   1.3139463e-01  -9.0350825e-02  -3.4652939e-02  -9.6498152e-02   9.1451798e-02   3.1612572e-02  -9.4503076e-02   4.6402160e-02   2.7281590e-02   1.8379346e-01   1.0224894e-01  -4.5509100e-02  -4.2794046e-02  -9.5225808e-03  -1.0513921e-01  -9.6390785e-02  -6.8392692e-02  -8.2668875e-03  -7.1368365e-02   3.1045453e-02  -1.1259492e-01  -1.0428725e-01  -1.5370767e-01  -1.5532170e-02   4.0454091e-02  -6.2596213e-02   2.7600442e-02  -4.8536151e-02  -1.2852180e-03
   3.9212092e-02   1.0546776e-02   6.9469550e-02  -1.5130731e-01   4.0722145e-02  -2.9335967e-02  -1.0948339e-03   2.1912818e-02  -4.8595592e-02  -2.2149967e-03   1.9270849e-01  -6.0184324e-02  -4.1605995e-02   1.9178057e-03  -1.0024323e-01  -3.7206284e-02  -8.3937192e-02  -7.1670099e-02  -1.2818490e-01   8.0916796e-02   7.1343671e-02  -1.1780965e-02   1.0862343e-01   4.6211452e-03  -8.2022371e-02   1.0528490e-02   1.4988998e-01  -2.0320245e-03   1.9688646e-03  -3.4943043e-02  -1.1757045e-02   6.1961920e-02  -8.9987438e-02  -3.1346298e-02  -2.4161669e-02   3.9638582e-02  -8.3703940e-02
  -3.2461919e-02  -2.5815319e-02  -6.1861048e-02   2.7375427e-02   3.1050070e-02   2.6155224e-02   2.5323944e-02  -2.4610535e-02   1.3793194e-03  -1.0288048e-02  -2.1413864e-02   7.6476228e-02  -1.8329860e-02  -1.1812256e-02   3.0171046e-02  -2.4555417e-02   2.7115559e-02   6.5508486e-02  -2.3237392e-03  -7.6517659e-02  -3.1166371e-02  -1.9298488e-02  -3.7272897e-03  -1.6182311e-02   6.2803885e-02  -5.9887924e-03  -4.2117632e-02   2.4412673e-02   1.6962091e-02  -1.1492043e-02  -2.3504731e-03  -1.9605702e-02   4.1242950e-02  -6.1670575e-03  -1.6997044e-02  -3.5183464e-03   4.4078441e-03
   9.1381014e-02   1.4408609e-02   6.1735809e-03   1.7393027e-01   4.0900952e-02   1.3532897e-02   1.1790663e-01   4.5522155e-02  -9.8590473e-02  -1.2252894e-01   8.4134879e-02  -9.9986528e-02   1.9367258e-02  -1.3405022e-01   2.9569060e-02   1.1228513e-02   1.7605752e-01   8.6257756e-02   1.2978146e-01  -2.8379531e-01  -1.4759753e-01   6.8875690e-02   3.6080081e-02   2.9270017e-01  -1.8492260e-01   3.4392702e-02  -2.4608560e-02  -8.7466908e-02   4.2254178e-02   4.4825449e-02   4.1487049e-02  -8.1991982e-02  -5.9214713e-03   1.2521624e-01   9.9888397e-02  -1.8426022e-01   1.0642745e-01
   2.4398070e-01   1.9192201e-01   2.0996196e-01  -4.4728526e-01  -1.0975690e-01  -9.1573048e-02  -1.5315433e-01   1.3049680e-01  -5.2034716e-02  -8.8283326e-02  -2.9837442e-02   6.5546120e-02   5.2834621e-02  -1.8812938e-01  -1.4208177e-01   1.4206352e-01   9.3499930e-03  -2.7994083e-01  -2.3000063e-01   2.6216994e-01   8.9651782e-02  -3.2284872e-02   2.2672662e-01   9.4842464e-02  -9.9677079e-02   1.6084337e-01   1.9680344e-01  -1.3197459e-02  -2.3870288e-03  -7.1836129e-04  -4.8232696e-04   2.1455989e-01  -2.5268240e-01   1.4598231e-01   1.0292199e-01   1.7678969e-01  -1.0991316e-01
   3.6782186e-01   3.2109009e-01   4.0596955e-01  -1.2657814e-01  -3.1385327e-01  -1.8052008e-01  -4.1869813e-01   3.4692406e-01  -2.1382511e-01  -4.0871057e-01  -1.6942576e-01  -2.0888824e-01   1.6540336e-01  -1.7753308e-02  -4.9883609e-01  -1.1334520e+00  -1.7426426e-01  -8.7835052e-01  -4.7220556e-01   5.1915723e-01   1.6736084e-01   2.0771862e-01   3.5859415e-02  -3.3594997e-02  -5.3788490e-02   2.2244925e-01   3.0528644e-01  -1.0850900e-01  -1.0811119e-01   1.5875057e-01   1.7437297e-01   4.3845779e-01  -4.0130252e-01  -3.6028264e-01   1.7399077e-01   5.1715847e-01  -2.5488934e-01
   2.6412776e-02  -1.2062380e-01   9.1420755e-02   2.6469729e-01   1.0234421e-01   7.4958045e-02   2.4596079e-01   6.1586459e-02   6.1218696e-02   6.4068864e-03   2.0997290e-02  -1.4734436e-01  -2.5696029e-02   1.5425683e-01   3.5218710e-01   4.7087628e-01   7.1833602e-03   2.5464180e-02   6.3742417e-02   4.6541987e-02  -1.4974177e-01   1.8224633e-01   3.1619163e-02   2.1742666e-01   4.0937248e-02  -3.2994823e-01   7.2016524e-02   1.7165492e-01   1.3042097e-01   3.5641192e-01  -1.4193391e-02  -2.9648848e-02  -2.2408901e-02  -2.1552855e-01  -2.7918328e-02  -1.4714547e-01   1.7027041e-02
  -1.1098171e-02   5.4447000e-03   2.2223621e-02  -2.9769578e-02  -4.3087403e-02  -4.5623805e-03  -3.3460091e-02   3.1029588e-02   3.4411727e-03   1.8183172e-02  -2.4458438e-02  -2.2411730e-03  -3.0455790e-02  -5.1499741e-02   1.8633951e-02   2.6608199e-02   4.0894259e-02  -4.5119029e-03  -2.7536880e-03   4.5800032e-03  -1.7469940e-02   1.3978296e-02  -5.0264204e-03   5.0130261e-03  -1.1773366e-02   2.3383253e-02  -3.7387132e-02   6.5876486e-03  -2.3909061e-02  -1.2071074e-02   4.7109678e-02   5.1709692e-03  -1.2401016e-02   6.2935822e-03   4.6878745e-02   4.9116256e-03   1.3196417e-02
  -3.0619552e-01  -1.9754093e-02  -2.3935154e-01   3.7486720e-01   7.5722571e-02   6.6013553e-02   7.7426000e-02  -2.1561817e-01  -1.5537551e-01   2.2934160e-01   2.9942874e-01   1.2123624e-01  -8.4853675e-02  -1.4267916e-01  -3.1797357e-02   1.9748740e-02   1.2670620e-01  -4.2567317e-02  -2.0724754e-01   1.5396901e-01   1.2394275e-01  -2.2314929e-01  -1.5663551e-01  -3.6632858e-02   1.4508695e-01   1.4988601e-01  -8.8236751e-02  -2.0876895e-01  -3.8841572e-02   6.4298907e-02   1.4296382e-01  -1.9981565e-01   1.6707868e-01  -8.9179118e-02  -1.0439536e-01  -5.6303519e-02   6.3894157e-02
  -1.3749016e-01  -1.3992507e-01  -4.5732981e-02   3.2975693e-01   1.2882116e-01   8.8644135e-02   9.1223109e-02  -6.4459473e-02  -7.5529362e-03   2.2628613e-01  -5.6100632e-02   1.4859376e-01  -3.3924012e-01  -1.3815448e-01   1.4199420e-01   1.3714979e-01   4.3546108e-02  -3.3644175e-02   1.2081737e-01  -9.0549750e-03  -5.3466529e-02   1.2545572e-01   1.3853456e-01   2.0687427e-01  -7.0462720e-02   2.2370112e-02  -1.9734077e-01  -1.2300395e-01   4.4712829e-02  -4.1113253e-02   1.3654284e-01  -7.7343421e-02   7.7366255e-02   1.4686820e-01   4.4954386e-02  -3.7333412e-01   3.0003862e-01
  -7.8605829e-03  -1.5658965e-02   5.3192611e-02  -2.5394633e-02   2.3157053e-02   6.7461416e-02  -1.0835221e-02  -1.3006132e-02   8.1026219e-02   5.7294858e-02   4.0253969e-02  -8.6139858e-02  -7.3215810e-02   5.9821502e-02   2.0520980e-02   1.0259057e-01  -7.4957398e-02   2.4843230e-02   5.6954673e-02   4.4807253e-02  -4.0325375e-02   6.4106606e-02   4.0005663e-02   6.2193014e-02  -1.6499512e-01  -4.9000099e-02   8.9541395e-02   9.0324952e-02  -8.3965674e-03  -2.0085400e-02  -8.1583811e-02  -3.1687466e-02  -1.3474312e-02   5.4023231e-02   1.6568177e-02  -6.8761077e-02   2.7813943e-02
  -9.3094781e-02  -2.7867629e-01  -1.8138372e-01   3.0275123e-01  -4.5387969e-02  -4.8327995e-02   2.2476500e-01  -1.0028528e-01  -5.7871662e-02   1.7991972e-01  -2.9626131e-01  -8.4016631e-02  -2.9405713e-02   3.3153205e-02   2.7856395e-01   3.1390703e-02   1.7486167e-01   1.7806319e-01   3.2427679e-01  -3.5364278e-01  -3.0074109e-01   4.0140369e-01  -3.5333186e-01  -2.9856512e-02   6.1043970e-02  -7.9429301e-02   1.8610953e-03  -6.8970725e-03  -1.9074951e-01  -7.3437375e-02   3.2476080e-01  -5.4495961e-02   8.8923456e-02  -4.2221718e-01  -2.8017390e-02  -2.7174363e-01   1.5133452e-01
  -1.8453912e-03   4.5649177e-03  -4.7724011e-02   1.5347233e-02   6.1021384e-03  -5.5018816e-02   2.8509728e-02   3.9094047e-02  -4.4088080e-02  -1.1316470e-01   1.8315565e-02  -1.3959787e-01   3.0708903e-03  -6.7168879e-02   3.5986229e-02  -2.8963814e-02   8.3008981e-02  -4.8272535e-02   3.5202055e-02  -8.3149453e-03  -4.6909579e-02   5.0479468e-03  -2.4782275e-02  -5.6317715e-02  -3.5013718e-02  -2.7373664e-02  -1.3129339e-02  -7.4192819e-02  -3.1145855e-02   1.1172151e-02   4.2852210e-03   1.8788950e-02   1.5696513e-02  -7.3121905e-02  -4.3139244e-02   3.2207211e-02  -3.5258616e-02
