  -6.1232835e-02
  -1.1703930e-01
   2.9431691e-01
  -9.1522444e-02
  -6.1262738e-02
  -3.3338967e-01
   1.5457518e-01
   1.9647818e-01
   1.6879332e-01
   3.2954549e-01
  -7.3040083e-01
  -2.0170502e-01
   1.4066314e-01
   3.8927076e-01
   1.0808701e-01
   1.5030865e-01
  -3.5936932e-01
  -2.4652470e-01
   1.7887520e-01
   1.0392810e-01
   1.4557611e-01
   5.8685268e-02
   1.3712930e-01
  -1.9784752e-01
  -2.1820180e-01
   3.0790309e-01
   2.0821624e-01
   2.9382819e-02
  -2.3243731e-01
  -2.1809553e-01
   7.2004532e-01
   1.7747719e-01
   4.1771810e-01
  -6.3331809e-01
   1.0185442e-01
   2.5241861e-01
  -1.0981364e-01
  -1.4833257e-01
   3.5929244e-02
  -3.8992045e-03
