   2.1308309e-01
   2.2175277e-03
   7.7774833e-03
   1.3783694e-01
  -2.2316382e-01
  -2.0771624e-01
  -4.4672145e-02
  -7.4733708e-01
   1.5837133e-02
   3.5423389e-02
   2.3239744e-01
  -1.8990467e-03
   8.9495693e-02
   5.7305256e-02
  -7.0075256e-02
  -1.4392650e-01
  -1.3036496e-01
   3.2632202e-01
   2.5348967e-02
  -1.5246123e-01
  -1.9416814e-01
   2.3711419e-01
   1.6803472e-01
  -1.1011749e-01
  -2.3335346e-01
   5.3452730e-03
  -2.2115367e-01
  -1.4006402e-01
   4.3451887e-02
   3.1067298e-02
  -4.0066732e-02
   8.3141988e-02
  -2.6405727e-01
   1.8582198e-01
  -6.9509253e-02
   2.0107449e-01
   3.0306229e-01
  -1.9928500e-02
  -2.5589161e-01
   7.4479112e-02
   1.7100801e-01
  -1.8851141e-02
