   6.0739654e-02   1.5533892e-02  -3.1839033e-02   4.0552908e-02   7.0085117e-02  -4.2519090e-02  -4.8901430e-02   2.1553638e-02   1.2842387e-02   1.4200170e-01   6.9097388e-02  -9.3348086e-02  -8.4985479e-02  -1.1891624e-02  -2.5723993e-02  -2.7014777e-02  -7.0840124e-02  -1.1292876e-01  -1.1136904e-01   1.2826695e-01   5.9888780e-02  -3.7569786e-02  -3.0197370e-02  -1.2934005e-01  -1.2708829e-04   3.3623461e-02   1.0636139e-01  -1.5386980e-02  -7.5057494e-02   1.4473769e-01  -1.2164026e-01   5.9465088e-02  -2.7006802e-02   9.8872508e-03   6.4915344e-02   4.3303483e-02
  -1.5796517e-01  -2.4679114e-03   1.2455149e-01   5.2940747e-02  -1.4617112e-01   1.6976344e-01   1.4577010e-02  -4.7885618e-02   6.7766063e-02  -8.3892176e-02   7.8676522e-02   9.6042453e-02  -1.1087285e-02   7.6665565e-02  -1.3217973e-01  -1.1666407e-01   1.8467948e-01   5.3956772e-02  -8.8092878e-02   9.8638258e-02   6.7708057e-02   1.3460855e-01   2.5119747e-01  -1.0175272e-02   3.4310425e-03   3.7181913e-02  -2.2738484e-02  -4.0315968e-02   1.9041998e-01  -1.6184365e-02   2.0414966e-01  -1.7298681e-01   5.0895116e-02  -7.9335957e-02  -9.5969681e-02   1.9601269e-02
   4.4266643e-02  -3.9921783e-02  -9.3188618e-02   9.5872475e-02   7.4715117e-02  -1.1176773e-01  -4.5703380e-02   1.6544704e-02  -8.2701132e-03   1.4752239e-01   3.0818437e-02  -2.0482808e-01  -6.2862629e-02   2.4600498e-02  -2.7256558e-02  -5.1860927e-02  -6.7051165e-02  -1.3922047e-01  -5.2201574e-02   5.0486504e-02   5.7645879e-02  -1.9907657e-01   1.4144360e-02  -5.4668197e-02   3.5345077e-03   3.2777906e-02   7.4331567e-02   1.0916973e-02  -3.1034667e-02   1.1867993e-01  -2.0033711e-01   1.3449600e-01  -2.9526510e-02   8.8804382e-02   2.5749089e-02  -1.2262717e-02
  -2.7107393e-02   7.0040525e-04   2.7433989e-02   2.8679786e-02   4.2438443e-02  -5.1291740e-03  -3.1474067e-02   6.7371767e-02   1.1169148e-01   7.3094627e-02  -1.6042228e-02   9.9748076e-02  -3.3735370e-02   1.7478071e-02  -1.9762101e-01  -8.7565350e-02   7.1659008e-02   7.9782602e-02  -8.9257676e-02   2.9597673e-02   4.2642461e-02   1.2034876e-01   1.7921858e-02  -4.5380867e-02  -1.9109621e-02   1.6882246e-03  -1.3802255e-01   1.2696605e-02  -3.5181121e-03   1.1505469e-01  -3.1204019e-02  -1.1294544e-01   6.1743184e-02  -6.0255712e-02  -7.6549641e-02   2.0519490e-02
  -1.5993852e-01   1.5289515e-02  -2.1651927e-02   7.6614134e-03  -4.6938823e-01  -3.0328924e-01   7.7317692e-03   2.9736741e-01  -8.5319696e-02   2.0562148e-01   1.9866177e-01  -1.6149110e-01  -2.4092332e-02  -2.6253465e-01   1.0045569e-01  -2.2620584e-01  -1.6259544e-01   3.3394689e-01   1.7186896e-01   1.0377079e-01  -4.5178135e-02  -5.3120159e-02  -1.7805209e-01   2.7233182e-01   8.3975309e-02  -1.4601482e-03   8.2353022e-02  -5.2940746e-02  -1.9788920e-01  -3.6038838e-01  -1.8452886e-01  -7.0454165e-02   2.7865895e-01  -9.0129143e-03   1.5739379e-02   1.4460600e-02
   2.9751275e-02  -1.8939280e-02  -1.1158847e-01   1.9661690e-01  -4.4935239e-02  -6.4812293e-02  -2.0676436e-02   1.9178871e-01   6.8459970e-02   9.2270626e-02  -2.5058257e-02  -2.9602193e-02  -1.1104315e-01  -5.0421854e-02  -2.4851505e-01  -6.0130932e-02   1.1870345e-01  -4.9466327e-02  -1.6970314e-01   6.6433616e-02   3.7402115e-02  -9.4445741e-03   1.3353484e-02  -2.4939527e-03  -2.8360023e-03   6.9493564e-02  -5.6978207e-02   1.0474492e-01  -1.1250580e-01   1.9461643e-01  -2.7626147e-01   2.8655653e-02   1.2447213e-02   1.2479528e-02  -1.7925777e-01  -2.5135670e-02
  -6.0635087e-02  -5.0915633e-02   6.9782817e-02   2.1238491e-02  -4.8854787e-02   4.0847537e-02  -5.5173190e-02   4.5326867e-02   2.7729592e-02  -6.6402993e-02  -2.8039749e-02   7.2794308e-03  -2.9128091e-03  -2.8610997e-02   4.0003903e-02   3.4454457e-02  -3.7442819e-02  -3.0280700e-02   1.0826593e-02   4.4638060e-03  -3.7887954e-02  -3.3820273e-02   4.2969866e-02   4.2556471e-02  -1.8303216e-02   3.3252546e-02   2.9152285e-02  -6.2430262e-02   7.6512023e-02  -7.4319823e-02   5.7716220e-02  -3.8749206e-02  -2.3293115e-02  -7.8359421e-02  -4.3811149e-02   5.7381942e-02
  -3.0994186e-03   1.3539685e-02   8.8656315e-02   5.3347267e-03  -2.7721253e-02   8.3347715e-02   6.5624822e-05   4.9250410e-02  -5.8999680e-03  -5.6688740e-02   3.6495307e-02  -1.6915531e-03  -2.8898487e-02  -2.4123533e-02   2.0968248e-02  -9.1302219e-03   2.2715592e-02  -9.2648138e-02  -6.4998881e-02   6.0071726e-02  -7.2209551e-03  -2.9464050e-02   1.5222274e-02   1.0007871e-02  -6.6262465e-02   3.1161845e-02   1.9800928e-02  -2.9640248e-02   2.0892812e-02   2.5101629e-02   7.1605037e-02  -2.8695969e-02  -7.6711575e-02  -2.2916219e-02  -3.2770070e-02   2.4068000e-03
  -9.4856560e-02   1.1371984e-02   1.1577799e-01  -2.6897008e-03  -1.0130314e-01  -4.7298505e-02   1.0054224e-01  -1.0271170e-01   1.1348952e-01   2.4668105e-01   1.3233148e-01  -1.3322745e-02   1.7776890e-01   1.7544262e-01  -3.6152335e-02  -3.3040227e-01   6.4201045e-02  -1.6039689e-01   2.5372764e-02   1.6070168e-01   2.5667063e-01   1.8917210e-01   1.9200286e-01   6.8516503e-03   2.7078002e-02   3.4818633e-02  -7.5621599e-02  -1.7431903e-02  -4.0799956e-02  -2.4369576e-02  -2.9620691e-02  -6.8970040e-02  -4.9389806e-02   8.1944122e-02   6.8099003e-02  -4.0550072e-02
  -8.2895396e-02  -1.4850662e-01  -1.6045749e-01   1.8675548e-02  -1.3848748e-01  -3.2660715e-02   5.5967823e-02   3.0395006e-01  -1.8297063e-02   5.9472014e-02  -2.0637362e-01  -2.4030157e-03  -1.8531634e-02   5.7702564e-02   1.8244194e-01  -2.5951403e-01  -4.2591279e-02  -2.9807887e-01  -1.1865601e-01   1.2351920e-01  -2.6706543e-01   6.3957384e-02   1.6037350e-01   4.4419190e-02   1.2280751e-01   7.8976460e-03   8.9965849e-02   2.2594090e-04  -6.8187485e-02  -6.1001239e-02  -4.0929349e-01   7.1765942e-02   1.3981607e-01   1.1173871e-01  -2.9921048e-01  -1.8161159e-01
  -2.4356170e-02   1.5174606e-02   2.7348642e-02  -8.1906711e-02  -1.6652847e-02  -7.1528927e-02  -3.3506317e-02  -1.3177177e-01   7.6147356e-02   3.7127890e-02   4.2246754e-02  -3.9412107e-02   2.0635940e-01   1.3246562e-01  -7.2271138e-02  -6.2032381e-02   8.6593134e-02  -7.9721455e-02   6.2044078e-02   9.0523278e-02   1.1813657e-01   8.0034997e-02   5.9412407e-02  -1.4502204e-02   1.3038387e-01   2.9455925e-02  -4.4845760e-02   8.7191977e-03   4.7971308e-02   2.1455742e-02  -8.4709113e-02  -1.3963023e-02  -3.1763869e-02   2.3714193e-02   6.4979022e-03  -6.6088263e-02
  -3.0435599e-02  -4.9522210e-02   1.4030264e-01  -8.9828514e-02  -4.8218577e-02   3.2482441e-02  -8.1463014e-03  -1.1947947e-02  -1.1805383e-01  -9.0467593e-02   7.6576984e-02  -8.5643507e-02  -1.6183260e-02  -3.4536918e-02  -4.1764747e-02  -9.7239441e-02   2.3248403e-02  -2.5662388e-01  -7.7837662e-02   3.8067629e-02  -9.1188117e-02  -2.0622303e-02   1.3777052e-01  -1.6401113e-02   9.6955001e-02  -1.0502650e-02   8.7231546e-02  -1.2260555e-01   1.8456843e-01  -7.9590742e-02   1.1343166e-02  -5.8230985e-02   4.2909780e-02   3.4147041e-02  -6.6160036e-02  -8.9503127e-02
   5.5325281e-02  -7.2488525e-02  -1.7781285e-01   2.6625630e-02   5.6438250e-02   6.4870772e-02  -5.7974238e-02   5.1361162e-02  -5.5775702e-02  -1.0014994e-01  -1.4328530e-01   1.4222173e-02  -1.2177918e-01  -4.6515972e-02  -1.7169301e-02   1.7056790e-01  -1.0856289e-01   2.2876186e-01  -5.2427147e-02  -1.0809386e-01  -2.2388607e-01  -9.6906312e-02  -3.6276959e-02  -1.3758563e-02   1.0274122e-03  -6.0054628e-02  -2.7419190e-02   1.2621501e-02  -1.4424430e-02  -2.8434746e-02  -2.9460647e-02   7.8153363e-04   1.1450492e-01  -2.1977099e-02  -7.7775430e-03   2.7627323e-02
   4.7097479e-03  -7.6011455e-03  -4.6962464e-02   2.5637789e-02  -9.1963887e-03   3.0334225e-03  -7.0058694e-03   5.8237056e-02  -6.6301062e-03  -2.7107904e-02  -2.9582612e-02   4.4134097e-02  -7.2590400e-03  -1.6981991e-02   1.9686439e-03   3.1247449e-02  -1.4678733e-02   5.4179469e-02  -1.6060439e-02  -3.1169564e-02  -1.5049355e-02   3.3330349e-02  -9.3281822e-03   3.5064296e-02   1.7486101e-03  -2.7314205e-03  -7.6937383e-02   2.5156648e-02  -3.3310243e-02  -1.4421672e-02  -1.2394945e-02  -9.0227453e-03  -4.7029457e-03   6.0810711e-03  -3.3273011e-02   1.9437234e-03
  -3.5708265e-02   1.6011045e-02  -1.3894266e-02   1.0599297e-01  -4.7684973e-02  -7.5630656e-02  -2.1916435e-02   5.6037277e-02   1.1422277e-01   3.5274260e-02   1.4955391e-02   8.4098608e-02   1.6160685e-02  -5.1273747e-02  -3.5712149e-02   3.4365767e-02   3.1216547e-02   1.5076224e-01   1.0533014e-02   9.6743246e-03   9.4070541e-02   4.4784813e-02  -3.0833025e-02   7.7659146e-02  -6.1650691e-02   3.7342589e-02  -1.1733035e-01   3.7084326e-02  -5.0758224e-02   2.0370781e-02  -2.1526771e-02  -2.5629646e-02  -4.5558859e-02  -8.3210313e-02   3.1183069e-02   1.1593378e-01
   9.3256942e-03   4.8242178e-02   8.7059323e-03  -2.2750114e-02   1.1004073e-02   1.5079641e-02   5.9994328e-02   1.6788173e-02  -5.1998126e-02   2.7793870e-02   7.5150394e-02   9.1563335e-03  -2.4492532e-02   6.8687294e-03   1.5289286e-02  -7.3555923e-02   1.4103844e-03  -6.4904703e-02  -5.9666695e-02   4.9655294e-02  -1.5626158e-02   3.1938172e-02   3.9620135e-03  -4.6449201e-02   4.5460033e-03  -3.3729355e-02   4.5624922e-02  -1.8242528e-03  -1.2316574e-02   4.6962288e-02   5.7245506e-03   2.3784628e-03   8.5688744e-03   1.6131923e-02   4.0127372e-02  -4.7883604e-02
   6.4393163e-02   2.1607269e-02  -6.4902605e-01  -1.4799544e-02   5.7808259e-02  -9.9264125e-02   3.8188529e-01  -2.0804502e-01   8.8117393e-02   3.9457153e-01  -7.0367022e-02  -4.0553059e-02   1.2613307e-01   3.8564153e-01  -2.1779572e-02  -4.7013895e-01   1.8140847e-01   2.7751024e-01  -1.2178161e-01   3.8687852e-01   1.5026529e-01   2.3016756e-01   2.0159787e-01  -2.3585596e-01   2.0985054e-02  -2.0449070e-01  -1.5133459e-01   3.7870517e-02  -2.9397926e-01   2.7108410e-02  -4.6348794e-01  -2.0533286e-04   2.8704875e-01   2.4611249e-01   8.6731788e-02  -9.2779495e-02
  -6.5655820e-02  -4.9421243e-02  -5.2881838e-01   3.0015607e-01   9.1912184e-02  -2.8413083e-01  -2.2928836e-01   5.5319135e-01   2.5896027e-02  -3.3815245e-02  -1.4968802e-03   8.0721727e-02  -1.7463571e-01  -3.1116152e-01   7.9978364e-02   5.2214262e-02  -2.5904543e-01   5.7692892e-02   1.3563325e-01  -5.4319134e-01  -1.4354855e-01  -6.5328787e-02  -3.3937228e-01   1.9358147e-01   9.5822753e-02   8.7181620e-03  -3.0828188e-02   3.7120877e-01  -3.7459235e-01   1.0092758e-01  -3.7859487e-01   2.5657045e-01  -1.6036713e-01   1.6062612e-01  -7.2141747e-04  -1.5711651e-01
   2.9746128e-02  -5.6883194e-02  -2.7974444e-01   5.9412569e-02   1.2578903e-02  -3.8949202e-02   2.6350727e-02   1.5193443e-01  -5.1466008e-02   1.0969541e-03  -6.0461562e-02  -1.8542569e-02  -4.9309917e-02  -5.8982015e-03   3.5228321e-02   1.1243330e-01  -9.6107776e-02   1.2165789e-01  -3.2639598e-02  -4.3671015e-02  -6.8983290e-02  -2.4751482e-02  -1.1892784e-02  -3.1449682e-02  -2.4357886e-02  -3.6613538e-02  -8.7901180e-02   3.7053060e-02  -1.1853476e-01  -1.9439029e-02  -1.2406886e-01   6.2416563e-02   3.9833358e-02   7.2372477e-02  -6.0917346e-02  -3.2074860e-02
  -7.4599620e-02   6.1243752e-02   2.3200712e-01   2.9552738e-02   2.2324166e-02   7.3648624e-03   1.6422822e-02   1.6580182e-03   7.6587098e-02   6.0496671e-02   1.0363803e-01   3.3376193e-02   8.8350428e-02   7.0677132e-02   3.6121743e-02  -2.0379126e-01   5.3452388e-02  -2.4657664e-01   4.0816081e-02   1.6742187e-01   2.2049103e-01   2.8267501e-03   2.5094398e-03  -9.9507497e-04  -2.9904448e-02   2.5277388e-02   5.0127171e-02   9.9787496e-04   1.5837245e-02   6.9962698e-02   7.8004673e-02  -2.1679619e-02  -1.3193265e-01  -1.4373932e-02   6.3050123e-02  -2.1224862e-02
  -1.2409682e-02   8.1103495e-02  -5.0505324e-02  -1.5307396e-01   1.6827205e-01  -2.4572397e-01   3.5520326e-03   1.6263379e-01  -1.1319491e-01   2.1534327e-01   1.4657714e-01  -2.2576075e-01  -3.5861005e-02  -8.1444955e-02   2.0143960e-01  -1.7045050e-01  -1.1884993e-01  -6.3262657e-01   7.2473789e-03  -1.6610652e-01   2.0909447e-01   5.4733003e-02  -1.0312210e-01  -8.7148581e-02  -3.8793653e-02   8.9061091e-02   2.3627213e-01  -3.2118445e-01  -1.0522876e-01   7.5531897e-02  -2.0895570e-01   1.1197687e-01  -1.4078254e-01  -4.3923655e-03  -6.8156755e-02  -5.1606676e-02
  -8.4947525e-02   1.6793217e-01   5.3735725e-02  -2.1691363e-01  -1.1562586e-01   2.2137107e-02   8.8987815e-02  -3.0184510e-02  -1.0036233e-01   4.8150752e-02   1.2979561e-01  -2.8808248e-01  -1.7282112e-01  -1.2077006e-01  -1.3261997e-01   2.0167762e-01  -2.3095136e-01   7.8575123e-02   1.3865962e-01  -7.7648849e-02   1.8527908e-01  -2.5925262e-02  -2.5066526e-01  -1.9478200e-01  -3.7712107e-03  -1.7716629e-01   1.4851492e-01  -8.0382140e-02  -1.9331829e-01  -1.5271664e-01   2.9089947e-02  -3.1558364e-02   3.9990492e-01  -5.2471424e-02   5.0625350e-01   1.0416518e-01
   4.6222582e-02   1.3774476e-03  -2.9394040e-02  -4.2624293e-02  -5.5450885e-02  -2.8860247e-01   6.8610345e-02  -9.3656996e-02  -9.2322063e-02   5.9090107e-01   3.1284823e-02  -2.2685274e-01   1.2654572e-02   2.8463993e-02   4.7479917e-01  -5.3014268e-01  -2.0854398e-01  -1.1903987e-01   8.3038824e-02   3.9253376e-01  -1.1858153e-01  -1.3701743e-01  -2.0360720e-01   1.5417670e-02   1.1069890e-01  -9.0849758e-02   2.0648813e-01   1.5810307e-01  -3.3055126e-01  -4.1549926e-02  -3.7754484e-01   1.6904625e-01   1.5808315e-01   2.3684761e-01   2.3482734e-01  -7.5138509e-02
   3.7014220e-02  -8.0739590e-02  -2.2425334e-01   1.2379183e-01   1.3694339e-02   2.9116076e-03  -1.3831393e-01   1.2842605e-01   2.5705489e-02   5.1636869e-03  -1.6748388e-01   7.9903951e-03  -1.4505921e-01  -8.3346310e-02  -1.3481903e-01   1.7919938e-01  -1.1199056e-01   2.3620638e-01  -9.1094775e-02  -2.0015705e-02  -1.3931409e-01  -3.7699917e-03  -1.9209487e-03   2.3032242e-03   1.2523420e-01   3.8410725e-03  -1.3572044e-03   4.9734929e-02  -9.6701129e-02   4.0586731e-02  -1.9604617e-01   3.6481959e-02   1.1539630e-01   1.1746107e-02  -6.9487244e-02   4.0640034e-02
