  -9.9566737e-02
  -5.1473113e-02
  -8.0312051e-03
  -1.2314009e-01
   1.9763461e-01
  -3.1009497e-01
  -4.1484715e-01
  -2.8082570e-01
  -3.0444461e-01
   2.6270118e-01
  -6.5812012e-01
   1.7326065e-01
   7.6318295e-02
   3.2320280e-01
  -1.8646696e-01
   4.9271152e-01
   1.2939636e-01
   1.9988520e-01
   1.6824869e-01
  -1.0473041e+00
  -5.0047495e-01
  -1.4394244e+00
  -5.3504410e-01
   5.8196237e-01
  -1.8969840e-01
  -3.5822233e-01
  -4.7152142e-01
   2.3604644e-01
  -4.1214919e-01
  -4.6135901e-01
  -3.9565673e-02
  -1.3772783e-01
   1.1165986e+00
   3.9395200e-01
   1.6720619e+00
   5.2160860e-01
  -5.1722113e-01
