   1.3092300e-01
  -1.0632611e-01
  -1.2920656e-01
  -4.3597360e-02
   2.5721044e-01
  -2.0300510e-01
   4.1111927e-01
   2.7147287e-02
   3.2788694e-01
  -1.0119475e-01
   6.6820549e-01
  -7.1112902e-02
  -5.0380513e-01
   1.0771675e-01
   1.1950720e-01
   1.3426869e-01
   7.4075956e-02
  -2.0727727e-02
  -2.7132043e-01
  -2.2250000e-01
   1.7827237e-01
   1.3547298e-01
   7.9253010e-01
   3.4011641e-02
  -2.0840035e-01
   1.8303328e-01
  -3.9499291e-01
   1.7556103e-01
  -5.5574451e-01
  -2.1413721e-01
   2.5782643e-01
   3.3606567e-01
   1.0891120e-01
   7.8753167e-01
  -4.4314537e-01
  -6.7654543e-03
  -9.8424154e-02
   2.9830076e-01
   2.5655357e-01
   3.4381539e-01
   1.2710526e-01
