   3.7222845e-02   2.5345188e-02  -6.4878567e-02   2.9664001e-02  -7.9467999e-02  -9.0790902e-02   4.7671454e-03
  -2.3251715e-01  -2.8988589e-01   3.3698233e-01  -1.9304203e-01   2.9217510e-01   4.8945274e-02   4.9434503e-02
  -6.1770774e-01   2.1894324e-01  -7.2697649e-01   2.1706036e-02   2.6858721e-01  -4.9213257e-03  -1.7341176e-01
  -1.0304923e-01  -1.0024386e-01   9.9272396e-02  -2.0658082e-02   1.5190055e-01   1.2070939e-01   9.6120605e-03
  -3.1802396e-02  -1.5652254e-01  -2.4415323e-01  -3.8411507e-01  -4.3913884e-01   5.9510430e-02   5.5343795e-02
   8.7656793e-02   7.8892223e-02   2.6226122e-02  -4.1565507e-02  -5.9012026e-02  -3.7110983e-02   5.4007340e-03
   1.4611981e+00  -6.3345578e-01  -3.7612827e-02  -1.2389362e-01   1.9030590e-01   2.4913716e-01  -7.6671282e-02
   1.3451895e-01   5.0303888e-02  -1.6466018e-01   1.0825146e-01  -8.4493100e-02   9.5020636e-02  -1.1408111e-01
  -1.8101138e-01  -8.3686644e-02  -1.5977637e-01  -4.7273295e-01   1.1489504e-01  -2.6421978e-01   2.1654549e-01
   7.0344159e-03   8.9672382e-02   1.0699501e-01  -1.1136684e-01   8.3537982e-02   7.6357573e-02  -3.6972898e-02
  -1.9643143e-01   1.3153288e-01   2.1866262e-01  -2.1357642e-02  -6.8644772e-02  -9.7078620e-02  -9.2195280e-02
  -4.2904561e-02  -1.6454492e-01  -1.1987545e-01   1.5955597e-01  -1.5894241e-01  -5.2424167e-02   3.7384715e-02
   4.3643376e-02  -1.3708516e-01  -6.1227473e-02  -1.4844832e-02  -4.0707087e-02  -1.4605773e-03  -2.8130038e-02
   3.4148564e-02  -8.7597593e-02   1.4393030e-01   1.3015508e-01  -6.7504368e-02  -6.8616649e-02   1.8873189e-01
  -1.0001303e-01  -5.2067971e-02  -3.8134314e-01  -3.9928315e-02   1.2819581e-03   1.4971914e-01  -4.9911345e-02
  -1.8960686e-01   7.0581324e-01   8.9774952e-01   2.7012291e-02  -9.1303417e-02  -3.0738149e-01  -1.4034940e-01
  -9.5984333e-02   3.9942572e-02   4.7809164e-01   2.6826290e-01  -1.0769557e-01   5.4687611e-01  -3.9698165e-01
   1.0576289e-01  -2.6205362e-01  -1.0682154e-01   2.8107819e-01  -2.2134560e-01  -1.2587241e-02  -1.1346660e-01
   1.7359598e-01   3.7698260e-01  -3.2243663e-02   1.1481867e-01   3.2560460e-02   2.5251164e-01  -2.8460862e-01
  -1.5655856e-01  -5.7358635e-01   8.0824053e-01  -1.1097222e-01   2.3466174e-01  -2.2422832e-01   5.1172702e-02
   4.8269363e-01   5.0269508e-01  -8.5761801e-01  -9.3353837e-02   9.0201748e-02   2.1359429e-05   2.5346011e-01
  -3.7777212e-01   1.0126198e+00   3.3242964e-02   1.9433087e+00  -8.9223263e-01   7.4941850e-01  -7.6564056e-01
  -1.5066382e-01   1.4037078e-01  -1.0320736e-01   7.8759206e-02   2.0367524e-01   8.3536003e-02  -3.0048512e-01
   9.9105599e-02   1.8356856e-01   5.7666219e-03   1.4776837e-01  -1.2415479e-01   9.7718360e-02  -1.4749481e-01
  -1.8208733e-01  -2.6225536e-02  -1.3287382e-01   9.3013397e-02  -7.6629523e-02  -7.5167968e-02   1.2908032e-01
   1.0656978e-01   1.4887806e-01  -7.9487508e-01  -1.1390079e+00   2.4988595e-01   1.5544014e-03  -4.8131934e-03
   9.4115695e-02  -3.2265399e-02   2.0333971e-01   1.9811579e-02   1.3642673e-01   1.6548915e-02   1.3775713e-01
   4.1535443e-01  -3.2376940e-01  -3.6717012e-01  -1.3886084e-01  -9.3152495e-02   1.7571600e-01   4.0886569e-01
  -8.3441671e-02  -7.0376954e-02  -7.7094244e-02  -1.2164173e-01   5.1657849e-02   2.1328655e-02   8.4619713e-04
  -2.6734225e-01  -2.5738034e-01  -1.7793188e-01  -4.7946024e-01   9.3903889e-02  -3.1471125e-01   2.7238795e-01
   1.7890233e-01   6.6992862e-01   7.8208263e-02  -3.8996106e-01   2.3123153e-01   1.2950690e-01   1.7087103e-01
   1.5093725e-01   8.6210989e-02  -2.3695135e-01   3.1025886e-02   3.9360412e-02   9.8672620e-02  -1.2397931e-01
   4.0556853e-02   2.3353440e-01  -2.9386952e-05   7.6203253e-03  -5.3105220e-02  -1.0314135e-01   2.6782562e-02
   4.5807440e-06  -3.4792278e-01  -7.4613155e-02  -3.3919722e-02  -3.3373040e-01  -4.5658471e-01   1.9747177e-02
  -4.6240766e-02  -1.8169223e-01   3.9287512e-01   8.5205237e-01  -1.0818376e-01   1.7161717e-01  -3.0614281e-01
  -9.0169969e-03  -2.2433786e-01  -2.3375569e-02  -6.1463629e-02   1.9359706e-01  -3.0879278e-02   1.8771290e-01
  -1.4754718e-01  -5.5675566e-01  -2.5982060e-02  -2.2923722e-01   6.5628611e-02  -3.4230173e-01   2.1380803e-01
  -1.7076033e-01   5.4057567e-02  -7.4070848e-01   6.0337758e-02  -2.3275067e-01  -9.6321397e-02   5.9993768e-02
   3.4586084e-02   1.0094679e-01   5.0660677e-01   7.4864186e-02   3.2222443e-02   3.4126092e-02   4.8654264e-02
   1.6284349e-02   1.0226169e-01   2.4605725e-01  -4.0233467e-02   1.6250310e-02  -8.3000619e-02   8.9892064e-02
   8.8641524e-02  -1.9058665e-01  -3.2444437e-02   1.4593240e-01  -9.2076491e-02   1.1045777e-02  -1.6952652e-01
