  -1.5663500e-01   7.2425702e-02   3.5908551e-01   2.0549788e-01  -2.0781086e-01  -8.7334693e-02   1.4730888e-01
  -3.1972495e-02  -1.2115916e-01  -8.0476151e-02   2.0481547e-01   5.1994400e-02  -1.0548826e-01   5.2105233e-02
   2.2990840e-01  -1.6060680e-01  -2.4240508e-02  -1.1292071e-01  -5.1663788e-02  -1.2522096e-01  -6.1606778e-02
  -1.4383606e-01   1.1405389e-01   2.5849892e-02  -3.0914707e-02   3.4720860e-02   1.8394918e-01   1.2773430e-02
  -2.4298910e-01   1.4601004e-01   2.4995277e-01   9.2819146e-02   5.7422639e-02   2.8369368e-01  -7.3098727e-02
   2.1947332e-01  -1.2668540e-01   2.4616189e-01  -5.7566196e-02  -9.4393279e-02  -7.0583437e-02  -1.3250052e-01
   4.5306831e-02   2.9935615e-02  -1.7490764e-02  -4.8749390e-02  -1.7699202e-01  -1.1104635e-01  -7.0854884e-03
   1.8351720e-01  -2.6439663e-01   4.4980978e-02  -4.5316468e-02  -1.6267205e-01  -1.9697203e-01   5.2116584e-02
  -1.9087214e-01   4.4858212e-01  -1.2262126e-01   3.4476968e-01   5.1496374e-01   3.5779602e-01  -3.1347988e-01
   1.4309589e-01   3.3763589e-01   1.1310256e-02  -8.7968413e-04  -2.8107002e-01  -5.7417349e-02  -1.8891627e-01
  -1.9106720e-02   7.5007313e-02   9.9172676e-02  -8.1724937e-02   3.2256600e-02   8.1955084e-02   1.0740603e-01
  -1.0990385e-01   3.1501071e-02   2.6989857e-01   2.2811248e-01   3.7097111e-02  -3.2580643e-02   2.0028439e-03
  -1.1076835e-02  -8.7605779e-02  -2.6588538e-01   7.4388650e-02   5.1417666e-02   4.1100651e-01  -2.1255291e-01
  -4.8480907e-02   6.5385145e-02  -2.2515375e-02   1.2087508e-02  -5.0514903e-02   2.5608632e-01  -7.3220975e-02
   6.6078192e-02  -5.7053759e-02  -3.3285528e-01   6.3529738e-02  -6.1388550e-02  -1.6163208e-01  -8.1211638e-02
  -8.2604280e-02   1.5105469e-01   2.8887373e-01  -1.5873866e-01   1.9498937e-01   1.0855248e-01   6.9230398e-02
   5.7457725e-02   1.5743747e-01  -1.0067100e-01  -7.4639910e-02  -1.4843863e-01   7.9102879e-02  -1.0637756e-02
   2.3356650e-01  -1.2236077e-01  -8.9479846e-02  -2.1866326e-01   2.1584966e-02  -1.0264408e-01  -6.6692770e-02
  -3.3899755e-01  -2.2975617e-01  -2.9119821e-01  -8.2157299e-01   1.6781452e-01  -4.6195090e-01   1.6088645e-01
   1.6965763e-01  -8.3925418e-02   1.8609509e-01  -1.9621719e-02  -9.5403547e-02  -9.5509108e-02   4.3559076e-02
   1.1326291e-01   6.1784722e-03   1.3511536e-01  -1.9431020e-02  -1.0271239e-01   4.7677111e-02  -4.5662398e-02
   1.8147769e-02   2.1879121e-01   5.1867848e-01   2.2440256e-02   4.2488368e-01  -2.6626261e-01   1.2493740e-01
  -1.0655595e-01   1.3669067e-01  -2.9202796e-02   2.2283535e-01   3.1920810e-01   1.4684208e-01  -4.7921087e-01
  -7.2875640e-02  -4.8438842e-02   3.1466787e-01   2.5278827e-01  -1.2957468e-01  -2.3031917e-01   2.3410216e-01
  -5.2956616e-03  -1.0411669e-01  -2.3083911e-02   1.9911004e-02   1.6029018e-03   5.9237541e-02  -2.6616806e-02
   5.1341477e-01  -4.3033594e-01  -5.3381309e-01  -2.0733072e-01  -2.7710805e-02  -2.1747009e-01  -1.4686156e-01
   3.2782388e-01  -2.9597125e-03   1.3010068e-01  -1.3630229e-02   2.1907767e-02   2.9488018e-02   7.9468730e-02
   1.8683259e-01  -1.5075408e-01  -3.5968998e-02  -6.4081807e-02  -1.2572086e-01  -1.6893658e-01  -1.1278513e-01
   2.8190700e-01  -1.9585089e-02   1.8079425e-01  -4.6643632e-02   4.8706649e-02  -7.9784465e-02  -1.1031946e-01
  -1.1533730e-01  -1.3247554e-02  -2.0476917e-01   6.6423279e-02   9.1942038e-02  -7.6060247e-02   6.9076803e-02
  -9.1071611e-02  -1.2669822e-01  -8.6507227e-02   9.8392283e-02   7.5170706e-02  -1.1582177e-02  -2.0433767e-01
  -1.6820494e-01   8.3691305e-02   4.5693184e-01   3.5569390e-01  -1.5271351e-01  -2.8570053e-01   1.1384149e-01
   8.3768721e-02  -8.7488431e-03   2.1829967e-02  -1.2537171e-01   1.2086031e-01  -4.4511882e-02   1.4723470e-01
  -1.2259822e-01  -1.4130574e-02   3.3867984e-01  -1.7440117e-01  -7.9800828e-02   3.1571285e-01  -3.5190579e-02
  -3.5278693e-02  -3.6302618e-02   4.5855031e-02   7.7528231e-02   2.9668306e-01   6.4251320e-02   1.5002273e-01
  -1.0164572e-01   3.3532182e-01  -5.0707001e-01   2.6367919e-01   3.3550537e-01  -3.1245203e-01   1.7975035e-01
