   4.4198583e-02   4.6101126e-02  -6.4407444e-01  -7.4319529e-02   7.5349705e-02  -3.8428747e-01   6.0398369e-01   2.1381567e-01   1.9106475e-01  -1.2849524e-01  -1.3488186e-01  -1.4199332e-01   6.6768040e-01  -3.9471582e-01   2.5894755e-01   1.3415482e-01  -7.3855971e-02   4.8033080e-01  -1.8412187e-01   6.9936271e-01  -7.1646551e-01  -3.4562928e-01   2.7278720e-01   1.8099478e-01   3.8581139e-01   2.3451777e-01  -3.4527510e-01  -5.0886670e-02  -5.1130211e-01
   2.2376837e-02   1.7175457e-02   4.5170799e-02  -1.3451750e-01  -1.5864300e-01  -5.6502284e-02   9.1676564e-02  -7.8828446e-03   8.5070430e-02  -9.2710630e-02  -2.2225718e-02   3.7465898e-02   1.1955628e-01  -1.5239246e-01   1.4108580e-02   1.5186635e-02  -6.3092892e-02   8.7308535e-03   8.6202068e-02   9.1446384e-02   3.8394594e-02   4.6866835e-02   7.3024550e-02   2.9710892e-02  -1.6459955e-02  -3.3276912e-02  -3.1248057e-02  -5.1656413e-02  -7.1967563e-02
  -3.1823158e-02  -6.1687072e-02   2.3581119e-02   1.0511553e-01   2.2936067e-01   4.8983668e-02  -7.9419588e-02   6.6132296e-02  -7.2191876e-02   8.6922438e-02   3.4560367e-02  -4.3862247e-02   1.7410548e-02   2.0018529e-01   2.5841908e-02  -3.9512852e-02   2.5615198e-02   7.2371767e-02  -1.2079462e-01  -8.2214281e-02  -2.1794617e-02  -8.7335761e-02  -6.2311331e-02  -1.1083478e-01  -1.7495109e-01   1.0179551e-01   4.4662261e-02   1.5173486e-02   7.5463165e-02
   9.7634271e-03  -2.5152674e-02  -7.3443334e-02   9.3323927e-02   8.0353523e-03  -8.4195312e-03   9.5331329e-03  -1.1098124e-01  -1.3155659e-03  -5.9447649e-02  -5.3911237e-02  -4.5039719e-02  -2.2257508e-02   5.4388887e-02  -2.0507122e-03  -2.7080871e-02  -2.8566039e-02  -3.4838743e-02   1.0222140e-02  -1.9165277e-02   1.0847607e-01  -8.3761846e-04  -3.5359802e-02  -1.1055064e-02  -5.4357571e-02   3.6309222e-03  -1.1007618e-03   3.8815775e-02   5.1394889e-02
  -8.5573850e-02   4.7941557e-02   1.3112816e-01   4.0755927e-02   9.3017531e-02  -6.6190879e-02  -1.5590093e-02   2.1631809e-02  -5.1893156e-02   4.0076035e-02   1.0360272e-01  -1.1042063e-01  -9.0430901e-02   2.6517652e-02   5.7056309e-02   9.0707623e-02  -1.8641422e-02   3.2744467e-01  -1.9776356e-01  -1.5187665e-01  -1.5533164e-02   3.4647713e-02   7.7077057e-03   9.2812316e-02   1.3100293e-01   9.3225988e-02   9.4775777e-02  -6.9315674e-02  -8.8974120e-02
  -5.9506853e-02   8.9680875e-02  -4.6629924e-03  -3.0883224e-02  -1.5091425e-01  -7.8633812e-02   5.4972421e-02   4.1030883e-03  -2.8611542e-02  -3.0694778e-02  -1.0796674e-02   1.4888542e-01   1.1667474e-01  -4.3348231e-02  -9.1067062e-02  -1.1367490e-01  -1.7668466e-02  -8.1534601e-02   1.4479842e-02   1.6360191e-02  -3.6061048e-02  -3.8683541e-02  -2.5396369e-02   7.4353094e-02  -9.8773655e-03  -1.0104122e-01  -1.9342159e-03   5.1338271e-02  -8.1032923e-02
   4.0073670e-03  -1.3084704e-02   7.3547726e-02  -7.9815003e-02  -1.4449414e-03   1.8321207e-02  -6.6055236e-03   7.3186725e-02   7.8452097e-03   8.6196137e-03   4.6138602e-02   1.4203494e-02  -1.6131984e-03  -2.6772835e-02   1.4667142e-04   1.3297537e-06  -5.7820001e-03  -1.9812325e-03   2.4692751e-02   9.0326719e-03  -6.5590761e-02   6.7088105e-03   5.0431909e-03  -1.4552254e-03   6.9513736e-03  -2.5813183e-02   2.8395368e-02  -3.8298380e-02  -1.8487689e-02
   2.0341025e-01  -1.8299018e-01  -9.9031333e-02   3.4075445e-01   1.6108076e-01   4.2166015e-02  -4.4829447e-02  -4.1635098e-02   1.9572425e-01   8.0414008e-02   4.2328311e-01   9.3493283e-02   9.6441695e-02   4.7042157e-02   1.8226169e-02  -9.7833995e-02  -7.5903416e-02   8.5831477e-02   1.1658872e-01  -1.8989126e-01   2.0739856e-01   9.1904039e-02  -2.4944501e-02  -5.8011788e-02   9.7720047e-02  -8.7116377e-02   3.1431329e-01   4.0459054e-02   3.0131041e-01
  -1.0219097e-02   6.3924767e-03   1.9122228e-02  -2.6903322e-02  -8.4239282e-04  -1.0212774e-02   9.2859060e-03   5.7436497e-02   1.6571395e-02  -7.8211156e-03   2.4255970e-02   6.1612191e-03  -1.9691025e-03  -2.0531502e-02  -3.5306048e-03  -7.9264193e-03  -1.2138495e-02  -3.2371041e-03   8.1389364e-03   8.8892794e-03  -4.7257061e-02  -6.5732616e-03   1.4526451e-02  -1.6959350e-04   7.0476427e-03  -9.6598138e-03  -8.4443891e-04  -1.4947081e-02  -2.3481238e-02
   7.3370586e-02  -3.4579743e-02   2.0311242e-01  -2.3253134e-01  -1.2884525e-01   2.8285390e-03   4.9116725e-02   7.1335743e-02   6.3022531e-02  -3.5458177e-03  -9.5888486e-03   7.4691363e-02   2.1424517e-01  -1.3037920e-01   1.5400545e-02  -8.9457220e-02  -4.6791313e-02   1.1460138e-01   1.2576833e-01   1.0552819e-01  -4.4218162e-02   3.3044135e-02  -2.8984957e-02   2.6269145e-02  -1.9843712e-01  -8.6247488e-02  -3.0955110e-02  -4.5203305e-02  -6.2941997e-02
  -8.9260055e-01  -1.5482076e-01   7.7354800e-01  -5.6530626e-01   7.2597727e-01   1.4654577e-01  -2.5508640e-01   4.3640676e-01  -4.6461706e-01   2.2166223e-02   3.8473151e-02  -5.2267615e-01  -3.9777150e-01   9.0226733e-01   1.4511989e-02   7.8299005e-02   2.2743585e-01   4.0638726e-01  -3.0712531e-01  -3.9912929e-01  -1.8643490e-01  -1.6198584e-01  -2.6800089e-01  -2.0436804e-01   7.6252177e-02   2.9489267e-02   4.7001807e-01   4.7562876e-02   8.1874852e-02
   1.3079954e-01   9.4538091e-02   3.0455833e-01   4.5365505e-01   3.0648450e-01   3.6525657e-01  -2.9874977e-01  -1.5149489e-01  -3.3487222e-01   2.6007465e-01  -1.1539991e-01   2.3917741e-01   9.4240167e-02   1.5272717e-01  -4.5539568e-01  -1.0549123e-01   6.4580243e-01  -7.3545003e-02   1.8458365e-01  -2.9785097e-03   1.0485733e-01   2.0122416e-01  -2.5263922e-01   3.1936895e-01  -2.4380722e-01  -3.2840208e-01   3.0568111e-01   2.5055858e-01   6.8806715e-01
   4.7878231e-01  -7.5159759e-03  -1.0411724e-01  -1.9650481e-01   2.4571487e-01   1.1127285e-01  -1.0665232e-01   3.6879381e-01   4.1124691e-02   1.3251815e-01   1.8269602e-01   7.8453617e-02  -1.8179314e-01   5.2249128e-02   2.2875606e-02  -7.9951117e-03   3.2720365e-02  -9.5063908e-02   2.1938147e-02  -1.5492367e-01   1.6302630e-01  -3.3628070e-02  -7.6580189e-02   2.0672618e-03   6.7576939e-01  -1.7893486e-01   6.3403721e-02   1.2621407e-02   5.6589062e-02
  -1.1985505e-02  -1.2970382e-03   8.6434247e-02  -9.9137847e-02   2.9516556e-02   1.5877659e-02   9.3916883e-03   1.0441191e-01   3.0866779e-02  -3.4225391e-02   6.8038971e-02  -5.0096306e-02  -6.0287980e-02  -1.6966278e-02   8.4201666e-03   1.9194500e-02  -1.1427335e-02   5.0240265e-03   1.7400766e-02  -1.3617306e-02  -8.9197048e-02   1.9709733e-02   1.0141173e-02  -2.7542334e-02   3.4436476e-02  -1.2814314e-02   6.0846098e-02  -7.9154963e-02  -2.2639573e-02
   4.6362730e-01   9.5789574e-02  -7.6428572e-01   1.2279108e+00  -1.5192297e-01  -2.2594183e-01   3.6491526e-01  -4.1343724e-01   3.3789469e-01  -2.4338896e-01  -3.4482327e-01  -3.6627234e-01   3.6980737e-01  -3.1228052e-01  -2.8923524e-01  -2.1473377e-01  -7.0366379e-02   2.3690273e-01  -5.4849701e-01   2.2219434e-01   3.8806890e-01  -1.0297888e-01   7.4541725e-05  -2.9920908e-01   7.7881219e-01   4.9923825e-01  -4.3930517e-01  -5.2363289e-01   6.9588313e-02
   4.8886321e-02   1.1749194e-02   1.0089003e-01  -6.8839530e-03  -8.0271594e-02   2.7423330e-02  -7.3675587e-02  -1.1565912e-02   7.3052697e-02   3.1834786e-02   2.2115656e-02   1.6657831e-03  -1.0539845e-02  -6.3469226e-02  -7.1399260e-02  -3.2199493e-03  -3.1184930e-02  -4.1417101e-02   6.1123332e-02  -8.2968637e-02   4.3433004e-02   1.1480834e-01  -5.1271020e-02   8.2600708e-02   1.6476869e-02  -5.9726337e-02   3.0221052e-02   3.0036433e-03   2.2512911e-02
   7.9469089e-01  -7.2906559e-01  -7.7800549e-02  -5.5359332e-01  -7.7312091e-02   2.0446787e-01  -3.1601037e-01  -2.1123947e-01   2.9206863e-01   3.4884843e-01   4.4547332e-01  -9.4111353e-02   6.7323970e-01   8.0056799e-01   3.5900102e-01  -4.1622769e-01  -4.6494578e-01  -8.2050159e-01   5.8903398e-01  -2.6645063e-01  -2.4137538e-01  -2.7489935e-01  -5.0078381e-01   2.6522523e-01  -6.2945451e-01  -8.5898305e-01  -7.9207283e-02   2.1838512e-01   3.5010851e-01
  -1.2564008e-01  -7.7588585e-02   1.5207088e-01  -2.9113972e-01   5.3154551e-02   2.8113550e-03   4.5818930e-02   2.3443414e-01   7.9407715e-02  -9.4145179e-02   2.1585627e-01  -5.1160706e-02  -2.2608860e-01   1.1612504e-01  -3.3362536e-02   1.2975490e-01   4.3982739e-02   3.5626872e-01   6.6763363e-02  -2.2484390e-02   1.3709173e-01   1.0284276e-01   8.5012380e-02  -8.1220849e-02   8.6061135e-02  -5.8821144e-02   1.1954204e-01  -2.6260189e-02  -2.6608046e-02
  -1.9659767e-02   1.5642661e-02   1.3680175e-01  -1.4115475e-01   1.5125580e-01  -5.0053174e-02  -9.0546262e-02   3.3633462e-01  -1.1823589e-01  -2.3436592e-02   2.1843467e-02   6.1088987e-02  -1.1144309e-01   3.9431117e-02   7.4124259e-02  -5.4045674e-02  -1.0227944e-01  -1.3231512e-01   9.4205293e-02  -4.3075949e-02  -5.7023224e-03  -1.9762373e-01   7.7786019e-02  -4.1829295e-02   1.0568045e-03  -9.5564420e-02   7.4175712e-02  -8.7439641e-02  -3.6757527e-02
   2.1310569e-02   6.0574467e-03   2.1754110e-02  -1.3260289e-01  -1.0370196e-01  -3.9302722e-02   6.8990175e-02   5.3421028e-02   6.3401689e-02  -7.1102754e-02   1.7428106e-02   1.2702759e-02   7.9870971e-02  -1.0725101e-01   8.0521592e-03   1.5951270e-02  -4.7232874e-02  -3.4758018e-03   6.0062843e-02   5.2962973e-02  -4.4427377e-02   4.7315370e-02   5.9592881e-02   8.6965278e-03  -1.3718169e-02  -1.9324743e-02  -6.6947214e-04  -5.1826232e-02  -5.6127519e-02
  -5.1230668e-01  -1.5281149e-02  -1.3186164e-01   2.5459637e-02   1.4215238e-01  -1.8613552e-01   9.7011196e-02  -2.8534149e-01   1.9749469e-02   1.8341065e-01  -1.2584266e-01  -7.0085551e-01  -6.1438967e-01  -2.8498058e-01   1.2401034e-01  -5.0835680e-02  -2.8208149e-01   5.4282178e-01  -3.9756411e-01  -2.2287043e-01  -2.3143179e-02  -1.4010180e-02  -1.9420430e-01  -1.7075268e-01   1.4133647e-01   2.9858469e-01  -1.1381009e-01   2.3542337e-01  -2.1420549e-01
  -5.5780853e-02  -6.3261833e-02  -3.1215228e-01  -1.1604105e-03   1.3053876e-02   2.7713770e-02   5.3572424e-02   7.9216007e-02   1.3110319e-01  -2.2359163e-02   7.7331595e-02   8.1873445e-02   1.3541750e-01   4.1033372e-01  -4.9610678e-02   8.9215359e-02   2.1283368e-02   1.6572854e-01   2.2659015e-01   3.3560927e-02  -3.5251179e-01   6.4707328e-02   3.6602520e-02   5.2556968e-01  -2.3976823e-01  -2.5099751e-01  -2.4849735e-02   4.0738655e-01   1.1392877e-01
  -3.2855385e-03  -3.6348216e-03   3.1640871e-02  -3.5523604e-02  -4.4721993e-04   3.3627247e-03   3.3957192e-03   3.9783922e-02   6.3016196e-03   2.3087056e-03   2.0791893e-02   9.8693583e-03  -1.5975828e-03  -1.4964737e-02  -3.8097975e-04  -2.3292983e-03  -6.0112176e-03   2.7168098e-03   9.1307092e-03   8.9891258e-03  -3.7520695e-02  -3.2559615e-03   4.0654343e-03  -4.5538124e-04   6.4096808e-03  -9.7969287e-03   9.1909912e-03  -2.0046662e-02  -1.3076476e-02
   2.5348714e-02  -2.8213483e-02  -1.7553158e-01  -7.8173234e-02  -2.1089959e-02  -6.3100194e-02   9.9914539e-02  -1.2499196e-02   1.5998324e-02  -2.0676591e-01  -1.5334101e-03  -1.3291121e-01   5.3167489e-02  -5.9202340e-02   1.5209157e-02   3.4269539e-02   7.5622474e-03   4.6154403e-02  -8.5016642e-02   4.8056515e-03   6.4540751e-02   3.1212146e-02   3.5423834e-02  -1.2843415e-01   2.9947961e-02   1.9148274e-01   4.6572571e-02  -9.8302334e-02   1.6352816e-03
   2.0194843e-02   9.3915724e-03   3.7714170e-02  -1.2948282e-01  -8.4982551e-02  -2.3401386e-02   5.2014071e-02   6.7229822e-02   4.8784254e-02  -2.8744806e-02   3.7646861e-02   2.3315785e-02   7.6826927e-02  -8.9256180e-02   1.9160114e-02   2.0396333e-02  -2.8171148e-02  -2.1895552e-03   4.8680246e-02   4.3739109e-02  -7.0944915e-02   3.3501305e-02   5.2113988e-02   3.5683648e-03  -7.0055949e-03  -1.8371140e-02  -1.3024093e-03  -4.6082126e-02  -5.9792088e-02
