  -4.0723910e-01
  -9.4469031e-01
   1.9812949e-02
  -6.5443689e-02
  -7.5322695e-02
   2.6409912e-02
  -2.6378648e-01
   1.4166661e-01
   6.7997981e-03
  -7.2177589e-02
  -1.5035253e-01
   6.5790746e-03
  -1.2821975e+00
   5.4601218e-01
  -2.3324526e-01
  -7.9066230e-02
  -5.4124271e-02
   4.6181061e-02
  -2.6226793e-01
   5.7289879e-02
  -2.5366537e-01
  -6.0749847e-02
  -3.2841245e-01
   8.2998743e-02
   1.1226064e-01
  -5.2751662e-02
   1.1476865e-01
   9.2452271e-02
  -5.5137542e-01
   9.0243140e-02
   9.2914914e-02
   8.6401443e-02
   4.0462561e-02
   1.3301099e-01
   1.2602935e-01
   3.8278992e-02
