   2.1225993e-01  -1.8780742e-02  -4.2840914e-01  -8.9190208e-02   4.5457190e-02  -2.2555741e-01  -6.4767147e-02
  -7.2593371e-02   1.9762230e-01   3.5598605e-01   2.3330531e-02  -1.5636247e-01  -5.4025496e-01   5.6554424e-01
   1.4740437e-02   4.0985500e-01  -3.5642907e-02  -7.7852507e-02   1.7558797e-01   5.8552302e-01  -8.2368493e-02
   1.1083880e-01   1.4379465e-01  -1.9649371e-01   7.8250568e-02  -1.3904812e-01   1.4510726e-01   1.6702408e-01
  -3.5315062e-02   7.7045200e-01   6.9879747e-02   1.3998065e+00  -1.7411593e+00   6.8084472e-01  -1.1080947e+00
  -1.9570510e-03  -4.8128176e-01   6.0547778e-01   6.1934997e-01  -1.5383835e-01   1.3329523e-01   1.3395799e+00
   1.2106718e-01   1.4600320e-01   5.7696153e-02  -2.2517606e-01   9.9012551e-02   7.8810970e-02  -1.2339102e-01
  -2.2951778e-01   6.6560548e-01   5.6366581e-02   7.3267851e-01  -1.5136255e-01  -3.7352370e-01   7.1442014e-02
   2.9915669e-01  -2.7755720e-01   3.8021056e-03  -3.3759802e-01  -1.1727207e-01   1.9164128e-01  -3.1297037e-02
   7.2172450e-02  -2.2283577e-01   7.2529678e-02  -1.0553873e-01   4.0329226e-02  -2.2789938e-01  -1.1544647e-01
  -1.1939005e+00  -1.2847443e+00   4.0849291e-01   9.2436520e-01  -7.5192132e-01  -6.2744462e-01  -7.8383633e-02
   2.3994724e-01  -1.1088461e-01  -5.3492608e-02   1.4936743e-01   1.8312327e-02  -9.6242553e-02  -1.8610297e-01
  -3.4735653e-01   1.6029421e-01   5.8353480e-01  -6.3920709e-01  -9.7633409e-02   1.4889304e-01  -8.5389300e-02
  -8.5715858e-01   2.1244462e-01  -6.6918625e-01   1.1592065e+00  -1.3781771e+00   2.5712188e-01   1.6288886e-01
   1.1881620e+00  -1.4571157e+00  -3.3508859e-01  -6.9689665e-02  -7.2694643e-02  -6.7786611e-01   5.9367767e-01
  -4.7801258e-01  -7.2074106e-01   7.0361879e-01   4.9746809e-01   2.3020862e-01   4.9368974e-01   3.8227190e-01
  -1.4290496e-01   5.1043406e-02  -2.4596828e-02  -7.3527045e-02   1.7718194e-02  -1.4731067e-01   2.3694698e-02
  -2.0801650e-01   1.1710976e+00   6.1671086e-01  -3.9591805e-01   6.1923208e-01  -3.0578053e-02   3.4509260e-01
   9.9656283e-02  -3.1186449e-01  -3.1876112e-01  -2.5228351e-01  -3.4215282e-01  -1.1084993e-01  -2.1432904e-01
   6.3640919e-01  -1.2074042e-01  -2.8877408e-01  -5.7654674e-01  -1.1477643e-01  -7.9862935e-01   4.6789234e-01
  -7.1993291e-01   8.3460975e-01  -3.4498554e-01  -6.3952712e-02   1.0497897e-01  -5.7588621e-01   1.0202653e-01
   6.4097399e-01   7.8142372e-02   9.8973633e-01  -5.6932711e-01   2.7152915e-01  -1.7981104e-01  -1.2079504e-01
  -3.5974989e-01  -1.9738880e-02  -2.9974182e-02  -2.3289276e-01  -7.8734995e-02  -2.6274984e-01   2.7745949e-01
   1.0189229e-01   6.9335110e-02  -1.6492461e-01  -5.6134765e-02  -1.5733026e-01  -4.2866480e-02   3.7132665e-02
  -1.2029349e-02  -1.0290179e-01  -7.0480847e-02   5.5079293e-02  -5.4417089e-01   7.8746859e-01   5.8780701e-01
   3.3737386e-02   1.2160392e-01  -6.2473671e-01   1.5134284e-01   8.3292445e-02   3.9719520e-01   5.8129575e-01
   1.7212080e-01  -5.7727257e-02  -1.1062913e-01   1.6787370e+00   6.5144563e-01   2.1957500e-01  -1.4272905e-01
