  -9.2671692e-04  -3.7059845e-01  -3.5564215e-02  -4.4833319e-01  -2.6357942e-01   9.0068122e-04   2.0455200e-01   2.9393561e-01   1.6247464e-01   2.3882052e-02   5.3225208e-02   3.1752360e-01   1.7398814e-01  -4.4736976e-01   8.5662050e-03  -3.8740311e-01   2.0313510e-01  -7.8436838e-02   4.7187801e-02  -2.2132442e-01  -1.9880182e-01  -3.1019923e-02  -1.8408634e-01  -5.7507445e-03  -1.8538787e-01  -4.8067826e-01  -3.2714355e-01  -4.6417847e-01   1.7227937e-01   2.2469604e-01   1.4876410e-01  -7.4985017e-01  -7.4796754e-01  -3.8103486e-02
   1.5489793e-02   1.1308238e-02  -8.2148991e-03   1.3473704e-02   9.8380812e-03  -1.6207778e-04   4.8305631e-03  -2.2324318e-02  -3.4266904e-03   9.6751810e-03  -4.9208336e-03  -4.1568988e-02   4.3160866e-02   7.8035569e-03   2.9364923e-02   3.1916346e-03  -1.9913890e-02   3.6786378e-02  -1.3503656e-02   9.1725464e-03  -9.6024151e-03  -1.0071137e-04   1.1413794e-02  -3.6460549e-03  -7.5252860e-03   1.8032104e-02  -1.7729015e-03   6.9664259e-04  -3.7536191e-03  -1.1839877e-02   2.2804150e-02   2.3789065e-02   3.0866214e-02   1.8370840e-03
  -1.3873847e-01  -1.1116218e-01   8.6064851e-02   1.5054682e-01   4.0092115e-02   3.7189265e-02  -2.3726306e-01  -1.6536288e-01   8.7171669e-02   3.2311198e-01  -7.1740380e-02  -7.5009535e-01   4.5106129e-01  -1.3901255e-01  -6.0919619e-02   3.1354772e-01  -2.4117415e-02  -5.4437296e-01  -1.7896857e-02  -3.2398635e-01   1.5103230e-01  -7.6431627e-02   1.6386381e-01   6.9377794e-02  -2.3247694e-01   2.4926641e-01  -3.3599865e-01  -7.0021983e-04  -2.6675164e-01   1.1310440e-01  -1.1099693e+00  -1.6764818e-01   1.4611292e-01   2.1310950e-01
   3.0688120e-02   5.1932196e-03  -1.8219130e-02  -3.5129885e-03  -4.9338024e-03  -3.8955360e-03   1.8329187e-02  -1.6533564e-02   1.6946581e-03   3.3184876e-02   1.8626665e-03  -9.0167634e-03   6.6505427e-02   3.9417972e-03   4.7131136e-02  -2.4369265e-02  -3.0052900e-03   5.3459211e-02  -9.0595915e-03   1.5729118e-02  -3.2232026e-02  -8.2872730e-04  -4.4167031e-03  -1.3321183e-02  -2.2583577e-02   3.1351882e-03  -1.3904115e-02  -1.2709814e-02   4.6879325e-03  -3.3451010e-03   5.3298918e-02   3.7716128e-03   8.1799494e-03  -1.0111683e-02
  -2.3984095e-02  -4.2483803e-03   2.0949265e-02  -3.8773362e-03   1.0231853e-02   2.0228612e-03  -9.3109641e-03   1.4349563e-02  -1.1442902e-03  -1.6360742e-02  -1.0313575e-02  -1.3870729e-02  -6.7341909e-02  -2.2908923e-02  -3.9476539e-02   1.8512895e-02  -1.5934696e-02  -4.1171679e-02  -6.4978279e-03  -1.3462337e-02   1.6357792e-02   3.0214266e-03   1.0128288e-02   7.1462380e-03   1.8932860e-02   1.2313320e-02   1.8137006e-02   9.3691597e-03  -6.8814253e-03  -8.7426464e-05  -5.6110261e-02  -4.7308928e-03  -2.3434366e-02   2.0796873e-02
   8.6597599e-02   4.8147392e-03  -2.8638244e-02  -8.8357516e-02  -2.5969983e-02  -1.0010984e-02   3.8040788e-02  -3.6824313e-02   4.8037242e-03   6.4006489e-02  -2.1068027e-02  -8.2611402e-02   2.0247842e-01  -1.6842522e-02   1.6704908e-01   8.4728988e-03  -2.3674175e-02   1.4214931e-01  -2.3174648e-02   5.7768385e-02  -7.7884764e-02   4.8811434e-03  -1.1549178e-02  -1.5524538e-02  -3.4902300e-02   1.5408399e-03  -6.1154339e-02  -1.0378956e-01   2.9560968e-02  -2.0993425e-03   7.5383677e-02  -6.0606675e-02  -7.5017348e-02  -2.8932803e-02
  -1.7408990e-01   4.9624119e-02   2.8515553e-02   3.1186696e-01   6.5367987e-02   3.2384112e-02  -6.3876158e-02  -4.0397115e-02  -1.1260308e-02   2.3307745e-02   6.6034192e-02   2.8347521e-01  -1.7169999e-01   1.3952143e-01  -1.3970709e-01  -1.5027106e-01   2.0760229e-02  -3.3175508e-01   1.4110674e-02   9.7818949e-03   9.7830273e-02  -1.1619373e-02   1.9814719e-02  -8.1862815e-03   6.2981200e-02   2.2261308e-02   1.4842988e-01   1.7482140e-01  -6.1838495e-02  -5.3572925e-02  -1.6576854e-01   2.4589382e-01   3.3424033e-01   3.8809792e-03
  -1.2212532e-01   2.3455013e-02   3.6565248e-02   2.0901788e-01   7.1985486e-02   3.1114218e-02  -6.5204617e-02  -1.7352171e-02  -2.7046511e-02  -4.1267356e-02   5.5382082e-02   1.6898414e-01  -2.6787606e-01   5.4101008e-02  -2.2533522e-01  -5.1938914e-02  -3.3393945e-02  -2.2246732e-01   9.7747346e-04  -5.3853923e-02   1.1030767e-01  -1.0832991e-02   5.3253880e-02   1.5305081e-02   4.8136649e-02   3.5072456e-02   1.1707206e-01   1.3000671e-01  -6.9712274e-02  -3.3372955e-02  -1.2040194e-01   1.8664234e-01   1.8422745e-01   5.8667791e-02
  -1.1843011e-01  -6.4137325e-03   4.8202391e-02   1.3534863e-01   2.6281495e-02   1.5544909e-02  -6.2631759e-02   5.4272107e-02   1.6286393e-02  -1.1143483e-01   6.6279347e-02  -3.3907908e-02  -1.1628170e-01   2.6471471e-02  -2.8488059e-02  -1.2293710e-01   6.2728489e-02  -1.9301287e-01   3.3488214e-02  -3.3247315e-02   1.0042056e-01  -1.0962761e-03  -1.9975262e-02  -2.4356101e-03   6.0212765e-02   2.4177123e-02   3.8704917e-02   8.7250534e-02  -3.8532512e-02   6.7566196e-03  -2.1762627e-01   1.8098635e-02   3.6729896e-02   3.0164021e-02
  -4.5210353e-02  -3.0366378e-01   1.0145982e-02  -3.3601869e-01  -2.8626946e-01  -4.3278659e-02   6.0731052e-02   5.9206706e-01   1.1876514e-01  -2.3548769e-01   1.8261131e-01   4.9711989e-01  -2.0307168e-01  -2.4111044e-01   3.4730975e-01  -1.0382269e+00   4.0285741e-01  -2.1110117e-01   1.8926095e-01  -2.1342903e-01  -4.1990421e-02   1.3248549e-02  -3.0316471e-01  -8.1368154e-02   1.1509103e-01  -5.8550859e-01  -1.8576700e-01  -1.1844349e-01   2.1829957e-01   2.6808248e-01   8.5834609e-02  -8.0898300e-01  -1.1785071e+00  -1.1100920e-01
   1.0199984e-01   1.2562602e-01  -4.3464497e-03   8.0782566e-02  -1.8942814e-02  -4.5373837e-02   8.9303418e-02  -3.9070465e-02   3.1094057e-02  -2.0884527e-01  -5.1218487e-02  -2.6761233e-01  -3.7150758e-01   1.5141055e-03   3.5891255e-01   4.4032034e-01  -2.2308022e-02   2.8440954e-01  -1.1108264e-02  -7.3957752e-02  -6.3859652e-02   2.7044424e-02  -1.8724530e-02   2.3429257e-02   4.1322049e-03   1.2868612e-01  -8.4693192e-02  -8.2057581e-01   5.2586807e-02   2.7914579e-02   1.9216392e-03   1.0878901e-02   3.9716063e-01  -7.1848561e-03
  -9.2206979e-02  -1.9420901e-01   5.5067105e-02   3.9520342e-02   5.2171023e-02   5.9737711e-02  -9.6524544e-02   6.0383529e-02   1.7205369e-02  -1.7100606e-01   2.6745827e-02  -9.0901217e-01   1.0769572e-01  -2.1214598e-01  -2.9092051e-02  -1.7795129e-01  -5.9744616e-02  -1.4804704e-02   1.5745984e-02  -4.9543053e-03   8.0870779e-02  -2.5914326e-02   7.3931060e-02  -3.0741142e-02   1.1386884e-01   1.4065782e-01  -1.7847305e-01  -3.2331700e-02  -9.9229877e-02   4.4097343e-02  -9.7383036e-01  -1.4453532e-01   5.9361441e-02   8.1138684e-02
   5.5116213e-02  -6.6110808e-03  -2.7957467e-02  -5.0034637e-02  -1.1688171e-02  -7.7650709e-03   3.1906714e-02  -2.5458685e-02   6.2254782e-03   5.7528726e-02   3.8519998e-03  -2.4453490e-02   1.3410712e-01  -1.0591106e-02   9.4079515e-02  -5.8005830e-02  -7.4977889e-03   1.0143663e-01  -1.5795057e-02   1.5269855e-02  -5.2184084e-02   1.2233458e-03  -7.9870524e-03  -2.1475135e-02  -3.7461623e-02  -1.3603787e-02  -3.6588266e-02  -3.3388114e-03   1.2252021e-02   5.0082586e-04   1.1385298e-01  -2.4669877e-02  -4.3372213e-02  -1.2044914e-02
   9.7581498e-02   2.5220279e-02  -1.7490364e-02  -8.8174106e-02   3.8800452e-03  -7.2768670e-03   2.3957347e-02  -5.8779190e-02  -2.3344001e-02   8.5874992e-02  -1.4673859e-02   4.3098153e-02   6.7453108e-02   2.7474713e-03   4.9630294e-02   8.5894946e-02  -6.6829921e-02   1.4176399e-01  -1.9210544e-02   2.7485791e-02  -4.7335709e-02   1.2969496e-03   1.4282640e-02   5.5152766e-03  -1.8905113e-02   1.0343205e-02  -1.8310522e-03  -1.8801416e-02   6.1060062e-03  -1.0735101e-02   1.7071447e-01   3.9535864e-02   2.8303215e-02   5.1974335e-03
  -2.4894103e-02  -7.7520609e-03   7.3206063e-03   9.6922154e-04  -5.7710004e-03   1.5976647e-03  -5.6202504e-03   2.2240041e-02   7.0160479e-03  -1.1531439e-02   4.6007013e-03   2.5836647e-02  -4.1766073e-02  -6.6781003e-03  -2.6654475e-02  -8.8251211e-04   1.8463051e-02  -4.1267439e-02   9.7203507e-03  -1.0076519e-02   1.2656594e-02  -1.3901317e-03  -7.5595156e-03   3.8630745e-04   3.2871262e-03  -1.6437415e-02  -5.2475008e-04   1.2170157e-02   1.4377975e-03   7.7080138e-03  -2.9150394e-02  -1.9792250e-02  -1.9954854e-02  -5.4916132e-04
  -1.1140476e-01   2.5153302e-02   2.4776008e-02   2.1158635e-01   5.4090667e-02   1.7808346e-02  -6.1062715e-02  -1.6361084e-02  -1.2871943e-02  -5.0782874e-02  -9.6358930e-03   1.7796886e-01  -2.3844931e-01   8.0307995e-02  -2.3569034e-01  -4.9156824e-02  -9.5369507e-03  -1.9098253e-01   2.2199235e-02  -6.7803830e-02   1.0785611e-01  -1.2487767e-02   4.9794137e-02   3.2702963e-02   4.9295520e-02   4.2930984e-02   9.6259527e-02   1.4208265e-01  -6.2293201e-02  -1.9813521e-02  -9.8655100e-02   1.7415303e-01   2.3006432e-01   3.8783122e-02
  -2.5854610e-02   1.5964296e-02  -5.8610752e-02   7.6565568e-02   6.9816920e-02  -2.3521163e-02   3.4169808e-01  -4.9492002e-02  -8.3520617e-02  -5.5220081e-01  -1.5695852e-01  -6.8923158e-01   2.5123120e-02  -1.0068792e-01  -2.4492815e-01  -1.6119514e-01  -2.4354275e-01   3.6726034e-01  -1.5057107e-01   4.4148381e-02  -1.5949993e-01   1.6842297e-02   1.5500524e-01  -1.2345329e-02   1.9195652e-02   3.1968403e-01   1.7583779e-01  -6.7227270e-01   1.1106938e-01  -9.2489306e-02   4.9634726e-01   1.3609024e-01  -4.2280639e-01  -2.3483963e-02
   2.2259183e-02   3.2349110e-03  -4.9324307e-03  -1.7281852e-02   1.7571282e-03  -1.5076879e-04   5.4579436e-03  -1.4088614e-02  -6.0849135e-03   6.8185681e-03  -2.9825510e-03  -6.4262075e-03   2.7548987e-02   2.4700975e-03   1.2762617e-02  -2.0915649e-05  -1.8411037e-02   3.3766593e-02  -5.3369989e-03   7.7330043e-03  -8.2157604e-03  -5.4749093e-04   1.0669153e-02   2.0534711e-03   6.7517418e-04   8.4737715e-03  -1.3269018e-03  -2.4101210e-02   4.8407606e-03  -1.8678924e-03   3.3580742e-02   1.1417299e-02   4.9997244e-03  -2.1508574e-03
   5.8815350e-02   1.9569777e-01  -1.2201233e-01   2.9990700e-01  -5.5716024e-02  -1.0777131e-03   2.8109500e-01  -1.9053146e-01   3.5112585e-02   8.0410607e-02   2.7231092e-02   5.2115742e-01   8.7112944e-01  -5.5418574e-02   2.8676307e-02   3.3151645e-01  -1.1401376e-01   1.3894120e-01  -2.6959814e-01   1.7027506e-01  -3.4092723e-01   2.2761827e-02  -1.5859932e-02  -2.4965039e-01  -3.8668847e-01   1.0606728e-02   7.1566255e-02  -2.5385931e-01   8.3439085e-02  -1.8606680e-01   4.1795940e-01   2.8503815e-01   3.9379912e-01  -1.2286353e-01
  -5.6012766e-02  -1.5812671e-02   2.8351722e-02   7.9972993e-03   1.2200605e-02   9.5936814e-03  -2.2196673e-02   3.0583290e-02  -4.1779061e-03  -6.7735246e-02   2.5575710e-03   2.2688488e-02  -1.2758243e-01  -1.6751407e-02  -1.0324974e-01   4.7560735e-02  -9.4265526e-03  -9.4861674e-02   9.2544513e-03  -3.1442431e-02   5.0016181e-02  -1.1290788e-04   1.7417230e-02   2.1282561e-02   3.4597267e-02  -1.8934640e-03   3.0523996e-02   6.4815783e-03  -5.1973723e-03   5.0823861e-03  -7.5317280e-02   1.0455491e-02   4.3204820e-03   1.9532221e-02
  -3.9640874e-02  -8.0366498e-03   2.5138568e-02  -1.8831230e-03   1.2195893e-02   3.9652241e-03  -2.3142369e-02   1.4794029e-02  -7.8761239e-03  -5.3707453e-02  -7.6970055e-03   1.2261432e-02  -8.9947283e-02  -2.1655478e-03  -6.7823744e-02   5.3266503e-02  -2.0628540e-02  -6.9332481e-02   4.3041673e-03  -1.7856964e-02   4.6532095e-02   6.3778330e-04   2.2509375e-02   2.4668243e-02   3.8694341e-02   7.4676568e-03   2.4232900e-02  -1.5798894e-02  -2.0819023e-03   1.6655960e-03  -5.9899691e-02   7.0831289e-03   4.1264178e-03   1.6174430e-02
  -3.1143727e-02  -6.2383555e-03   4.2093267e-03   7.3125702e-03  -4.7152929e-03   2.6365812e-03  -3.5927895e-03   2.2145837e-02   8.7019845e-03  -1.5148251e-02   7.4066414e-03   2.1594986e-02  -4.6565131e-02  -9.4231062e-03  -2.6447076e-02  -8.0217539e-03   2.7079435e-02  -4.5956620e-02   8.8929485e-03  -9.2770636e-03   5.7706345e-03  -1.7271187e-03  -1.7395388e-03  -5.7865467e-03   3.1718162e-03  -1.8094172e-02   2.5927452e-03   1.5043674e-02  -1.3507906e-03   4.2643677e-03  -2.5999924e-02  -1.9939904e-02  -1.4406607e-02  -4.6477804e-03
  -1.9446915e-02  -3.5386303e-03   8.1882340e-03  -3.3881875e-03  -1.5134280e-03   3.0291455e-03  -1.1766449e-02   1.1659295e-02  -2.7550493e-03  -2.2910458e-02   2.3977684e-03   7.4811861e-03  -4.0823603e-02  -2.0410214e-04  -3.0034209e-02   1.4229971e-02   4.3224324e-03  -3.9189086e-02   7.7443909e-03  -8.1106204e-03   1.7354723e-02  -8.7688896e-04  -8.6040645e-04   5.4907452e-03   1.3493177e-02  -4.4300158e-03   6.4802043e-03   1.0401128e-02  -3.1133324e-03   2.0954178e-03  -3.4338306e-02  -8.4979914e-03  -7.0283035e-03   7.1719495e-03
   5.0747396e-02   2.3781244e-02  -2.4388126e-02   4.8962967e-03  -4.1790562e-03  -1.0078419e-02   5.4938352e-03  -3.3001342e-02  -3.0197592e-03   5.0376362e-02  -1.5643104e-02  -3.3953742e-02   1.2160302e-01   3.7421542e-02   8.7840212e-02  -1.6750352e-02   5.4611324e-03   8.7257376e-02  -1.1673749e-02   2.9242247e-02  -3.2995587e-02  -5.9966501e-04  -8.3642070e-05  -7.1461638e-03  -2.0876041e-02   9.8241124e-03  -2.6486328e-02  -1.5406903e-02   3.7289816e-03  -5.5661719e-03   5.8670717e-02   8.2233951e-03   1.4533789e-02  -1.9443870e-02
   7.8044119e-02   3.3803988e-02   8.5461100e-02  -3.7414542e-02   6.2445260e-02  -7.6902768e-03  -3.9865909e-02  -5.1501936e-02  -2.3116415e-02   7.2982382e-02   1.5763175e-01  -3.1090096e-02  -7.4883571e-03   6.6244580e-02   2.3110656e-01   9.3514555e-02  -3.1437405e-02   1.6357877e-01   8.4250657e-03  -6.3238092e-02   7.0908783e-02   1.9262732e-02   1.3523093e-02   2.8770514e-02   5.4154793e-02   2.3455642e-02   5.7843903e-02   1.8173774e-01  -3.5356224e-02  -1.5149679e-02   1.9961847e-01   1.8297553e-01   2.1627841e-01   1.0305609e-01
   2.2695314e-02   3.5313883e-03  -1.6505439e-02   9.3340115e-03  -6.7342080e-03  -5.1066776e-03   1.4501140e-02  -9.2244391e-03   4.0982853e-03   2.8401358e-02   8.5731659e-04  -7.9906797e-03   5.4667608e-02   8.9315787e-03   3.9422256e-02  -2.6776753e-02   1.2975635e-02   4.1422241e-02  -2.5335532e-03   1.0468588e-02  -2.7649604e-02  -2.4303799e-04  -1.2891949e-02  -1.2284229e-02  -2.1648646e-02   7.1695560e-04  -1.3545293e-02   4.5446205e-04   2.2542714e-03   1.0914903e-03   3.5595367e-02   1.2692241e-03   1.5060029e-02  -1.2456267e-02
  -5.9389269e-04   9.9848168e-03   2.5649755e-02  -2.2529151e-02   3.2404598e-02   8.0705997e-03  -1.0711430e-02  -3.6565862e-02  -1.9493977e-02  -3.8029040e-02  -1.2034099e-02  -2.2656222e-02  -1.7037364e-02  -1.4170859e-03  -1.3583115e-02   6.3523055e-02  -7.7727635e-02   9.4481627e-03  -1.0025397e-02  -4.3536882e-03   3.5814695e-02   5.2221949e-03   5.0919293e-02   2.5271490e-02   3.3679875e-02   2.3076708e-02   2.9754246e-02  -3.0152949e-02  -7.6223550e-03  -1.9647019e-02   4.5748002e-03   4.4060635e-02   6.9401989e-03   2.3018634e-02
