  -7.9404179e-02   6.5076831e-02   1.0611528e-01   1.5222806e-01   4.3369582e-02   1.6578764e-01   2.5086911e-01
   2.1194716e-01   1.7577783e-01   9.0773792e-02  -2.8063950e-01   9.4603454e-02  -2.4827019e-01  -1.0314766e-02
   4.0821775e-01  -6.9761411e-01  -4.6801787e-01   2.5532584e-01   4.1128751e-02   4.5528027e-01  -4.0120851e-01
   1.8981683e-01   3.5957740e-01  -1.8120767e-01   3.0909291e-01   4.6423466e-01   2.0568254e-01   3.7284117e-02
  -1.4055458e-01   2.0235650e-01  -1.3114403e-01  -3.1889998e-01   8.9539228e-02   2.2387187e-01  -1.0543136e-01
  -2.8280400e-02   1.1903476e-01  -1.3059323e-01   8.1259308e-02   1.5642431e-01   2.5118119e-01  -2.2308884e-01
  -1.0064860e-01   1.4888660e-01   2.0026441e-01  -4.0770024e-01   3.0283012e-01   2.7138266e-01   5.4574568e-02
  -9.8479625e-02   1.8867571e-01   9.0261836e-01  -6.7030899e-01  -4.6417949e-02  -2.9379995e-01   5.4067710e-02
  -8.2106245e-02   2.2888649e-02  -1.9360783e-01  -1.3827280e-01   9.9862459e-02  -1.7006196e-01  -2.8605704e-02
   4.4456666e-02  -1.6511305e-01   1.3704332e-01   9.9197000e-02  -1.5720676e-01  -1.0173441e-01   3.8483345e-02
  -7.3270482e-01  -7.9563690e-01  -3.3359690e-01   6.7231082e-01  -2.2328902e+00   2.7620618e-01  -2.3347962e-01
   5.2905091e-02   1.1878743e-01  -1.1850291e-01  -1.9367567e-01   2.3755706e-01   3.3744742e-02  -8.6635748e-02
  -1.3600163e+00   8.9527028e-01  -1.0862516e-01   5.8278923e-01  -1.2149176e-01   2.2577687e-02  -1.2374686e-01
   7.1068799e-02   6.5825462e-01   7.6258405e-02   5.3687353e-01   5.2084600e-01  -1.0987180e+00   2.6559153e-01
  -2.8497533e-01  -2.9301165e-01   1.7450359e-01   3.7882172e-01  -5.0116249e-02   1.7476414e-02  -1.6618637e-01
  -1.4528591e-01  -8.6936179e-02  -3.4666518e-02   4.6968453e-02   6.5324378e-02   1.8074603e-01  -2.6329927e-01
   1.1633877e-01  -1.1504056e-01   8.3024040e-02   1.5292401e-01  -1.2535101e-01  -1.7231406e-01   1.8856290e-01
   4.4683456e-01   3.9944117e-01  -1.4067721e-01   4.4450992e-01   6.5791642e-02   3.4805595e-01  -4.8267689e-02
   6.3839864e-01  -1.9384976e-01   1.8510259e-01   1.5179470e-01   1.0574997e-01  -4.2227325e-01   2.2642408e-01
   3.8389618e-02   3.3196731e-02   1.1711359e-01  -1.9237281e-02   3.3279842e-02   1.0951635e-01   1.0072074e-01
  -3.8797931e-02   3.1464333e-02  -1.0195018e-01  -3.9717278e-01  -3.6444009e-01  -1.8069419e-01  -6.2190644e-02
   2.0597381e-01   1.4590175e-01   5.6255485e-01   6.4514591e-01   3.8703821e-02   3.1481364e-01  -6.1282197e-01
   7.9460553e-02  -4.5730875e-01  -7.6589353e-02  -9.1640186e-01   9.7156868e-02  -1.0159943e-01   6.1840329e-01
   1.1104391e-01  -1.3285550e-01   4.8166807e-02  -3.0550747e-02  -2.6665847e-01  -1.0797180e-01   8.4464091e-03
  -1.7995132e-01  -1.1516086e-01   1.8014859e-01   1.9741689e-01  -2.4299483e-01  -2.9973597e-02   1.4719735e-01
