  -4.0019086e-01  -4.4491477e-01  -1.9572653e-01   1.5624580e+00  -1.2084667e+00  -8.4594237e-01   5.9800828e-01
   1.1683749e-01  -1.8403945e-01  -2.2523871e-01  -5.8120780e-04   3.0199705e-01  -1.7206608e-01  -7.9179262e-02
  -1.4224076e-01   3.9685440e-01   4.7650680e-01  -3.9844867e-01  -2.2171240e-01   2.8611150e-01   2.8632216e-01
   1.9879127e-02   3.6315992e-01   4.7733763e-02   3.1486971e-01   1.6182592e-01  -3.0429382e-01  -2.9211693e-01
  -6.9490143e-02   6.3033307e-02   1.5114763e-01   9.6592888e-02  -1.8093178e-01   3.9466975e-01   5.7731996e-02
  -2.6660001e-01   3.2343899e-01  -4.5386248e-02  -3.1210859e-01  -1.7528119e-01   4.5236052e-01   1.3841812e-01
  -4.9168987e-01  -2.1475779e-01  -1.6399454e-01   3.6266395e-01  -9.3969530e-01   1.1911202e-01  -4.6170324e-01
  -8.5888693e-02  -1.4490984e-01   2.0997209e-01   1.0555891e-01   4.4369707e-02   4.3969579e-01  -4.3433619e-01
  -4.7075466e-01  -3.0436212e-01  -3.3793435e-01  -8.7227189e-01   3.7675117e-01  -4.0172991e-01   1.0042219e+00
  -3.9143723e-01   2.0720410e-01   3.3689805e-01  -1.2558149e-01   1.4113906e-01  -4.4758280e-01  -1.7617521e-01
  -7.9407048e-02  -2.3540302e-01   4.5297187e-02  -1.0162794e-01   8.9327510e-02  -4.2708345e-01  -1.4226738e-01
  -8.4452395e-01   5.4629044e-01  -1.3021786e-01   1.7001739e-01  -1.3646741e-01   3.3677298e-01  -3.3049845e-01
  -2.3102989e-01   8.0933141e-02   1.6214027e+00  -3.5320643e-01   1.6350327e-01  -1.9815728e-01  -3.6048243e-01
  -4.7783122e-01   1.1286450e-01   1.4251764e-01   8.4625876e-02  -4.2406138e-01   5.2783680e-02   1.1458244e-01
  -3.4613418e-02   4.1860798e-01  -8.1067256e-01  -5.6564523e-01   1.0207579e+00   2.4047292e-01   3.6758715e-01
   2.7121923e-01   4.2619777e-01   2.2334792e-02  -1.2607522e+00   1.1055246e+00  -1.4493173e-01   3.8421280e-01
  -6.5287323e-01  -7.0560739e-01  -2.1134797e-01   3.5214230e-01  -1.3076798e-01   1.6163257e-01   2.4673257e-01
  -5.9028129e-01  -9.3085961e-02  -1.4606249e-02   1.6750463e+00  -1.2522763e+00   7.9119884e-02  -6.0993248e-01
  -7.7439380e-02   3.2232142e-01   4.9186741e-01  -2.9956663e-01   2.4072966e-01  -7.5305886e-02   6.4849321e-02
   7.7544578e-01  -6.4373686e-01   1.7350356e-01   7.4600328e-01  -1.5072435e-01   2.1019889e-01  -1.6449910e-02
   2.6617141e-02  -1.9883427e-02  -2.9303546e-01   5.4526478e-02  -1.7134822e-02  -2.1268452e-01  -1.5113142e-02
   5.4308529e-01   3.9289744e-01   1.3705921e-01   4.6451458e-01   4.0818184e-01   6.4247176e-02  -8.4251568e-01
  -2.9723598e-01  -4.9904649e-01  -4.0132647e-01  -1.9016366e-01   1.1741015e-01  -5.1502634e-01   2.3510989e-01
  -1.4457085e-01  -1.1322016e-01  -1.3208654e-01   2.7447204e-01  -3.3860359e-01   2.8529885e-02   2.7709011e-01
  -1.8424643e-01   5.3005484e-01  -2.4336166e-01  -6.7895629e-01   6.8265510e-01  -2.0724531e-02   2.6871351e-01
   2.0033528e-01  -6.4499354e-02  -3.6014118e-01   6.1023507e-01  -2.0277843e-01  -1.8097649e-01  -8.2617711e-02
   2.6212157e-01   1.4192227e-01  -8.7041544e-02  -1.2261223e-01  -1.9410880e-01   1.3389532e-01  -9.8918172e-02
  -1.8787236e-01   3.0060748e-01   4.9824597e-01  -2.3913201e-01   9.8206889e-02   5.6599495e-01  -5.8635119e-01
  -5.5122983e-01  -1.0826143e-01   2.5059034e-01  -7.0439724e-01  -2.2620031e-01   2.2177832e-01   3.5799052e-01
   1.1548982e-01  -2.3980040e-01   1.6514454e-01   2.4417882e-01   1.3680384e-01  -4.3765341e-01  -2.7663563e-01
   2.2144442e-01  -4.6800720e-01  -2.9757441e-02   1.7152313e-01  -1.7117393e-01   1.8695940e-01  -1.6745557e-03
   1.3505095e-01  -7.0919986e-01  -4.3153581e-01  -1.5715069e+00  -9.5760447e-01   5.8651843e-01  -6.7161099e-01
  -1.5877280e-01  -3.9223375e-01  -6.2143636e-01   1.2161893e-01   1.2356806e-01  -5.9817749e-01   1.5285912e-01
