   1.4851374e-01
  -9.1029122e-02
   8.0420989e-01
   7.1271462e-02
   5.3430785e-01
  -1.0518539e-01
  -6.1892886e-02
  -4.4360493e-02
  -6.2396724e-01
  -3.0220268e-01
   3.1256168e-01
   1.8906918e-01
  -7.8297994e-02
  -1.0919989e-01
  -3.0910662e-01
  -9.3883723e-02
  -7.6774107e-02
   3.4035757e-01
   1.0216526e-01
   1.8858289e-01
  -4.8484520e-01
  -1.8780455e-01
   1.9463860e-01
  -1.8072421e-02
  -5.4823374e-02
   1.7389471e-01
   3.2495010e-03
   3.2879667e-02
   1.6350430e-02
  -1.4826183e-01
  -1.1985235e-01
   5.2261474e-02
  -6.9002863e-02
  -1.7436552e-02
  -3.7879640e-02
  -2.5163644e-02
   5.7601744e-02
   9.3871472e-02
  -6.5807517e-01
