  -2.0946476e-01   2.9837862e-01  -1.4703881e-01  -1.6887304e-02  -4.3124398e-01   1.8950066e-01  -2.0948662e-01
  -7.2785990e-02   5.4169114e-02   2.7731045e-01   7.3061104e-03  -1.4872439e-01  -3.5105325e-01   1.7555158e-01
  -3.1465508e-01   5.8831310e-02  -3.3406613e-01  -1.3677734e-01  -1.5713029e-01   2.5886161e-01   5.3223106e-02
   2.0934023e-01  -4.5418010e-02   5.7225959e-02  -3.6787128e-02  -2.4695616e-01  -4.6447679e-02  -6.2083079e-02
  -1.5499915e-02  -1.9424324e-01   2.7512229e-01   2.7569131e-01  -9.4164614e-02  -2.9473566e-01  -4.6760997e-02
   1.3666265e-01  -2.4330621e-01  -4.2088329e-02  -6.7451032e-01   1.1775127e-01   5.7790863e-01   4.8131531e-02
   9.9086589e-02  -2.3950939e-01   1.0895722e-01  -4.1869980e-01   8.0885170e-02   8.8508600e-02   4.5068884e-02
  -1.4143920e-01   1.5042021e-01   4.2974808e-01   8.2787267e-01  -1.4634887e-03   1.1732270e-01  -1.0801070e-01
  -4.7687348e-02  -3.5263443e-01   4.3803936e-01   7.6174496e-02   2.7002424e-01   4.8380232e-02   4.1514912e-02
   8.4330735e-01   1.0199221e-01   6.7859125e-02  -3.8469368e-01   5.7200541e-01  -9.3922734e-01   2.5255519e-01
  -1.2240627e-01  -5.7306542e-02  -2.0171229e-01   6.6903875e-02  -9.2673321e-02   6.4746981e-02   2.5703769e-01
  -1.2164464e-01  -2.8760116e-01   1.4511891e-01  -6.4057506e-02  -3.6548905e-02   2.3887060e-02  -2.0974681e-02
  -8.4380115e-02   4.7125058e-02  -7.5603795e-02   4.0172220e-01   1.0973771e-02  -1.1995072e-02  -1.7515546e-01
  -2.6780856e-01   2.2883859e-01  -3.3443864e-01  -1.2169793e-01   1.0040797e-01   1.0274411e-01   1.7651003e-01
   9.7579591e-03  -9.4246994e-02  -5.2621911e-02  -1.2267918e-02   1.0380436e-02   1.9999167e-01  -1.7638748e-01
  -5.1596358e-02   2.7413927e-01   3.9631674e-01   3.4425044e-01  -4.5872733e-02   2.4313440e-01   6.7378635e-03
  -8.9674593e-01  -1.0949468e+00  -1.2293650e-01   8.0112735e-02  -3.8626297e-01  -4.9565398e-01  -2.6980467e-01
   2.2822571e-01  -1.1732970e-01   8.9431978e-02  -1.0145334e-01   1.4806250e-01   4.7149333e-02   2.8541349e-01
   8.1455691e-02  -1.2515586e-01   7.0482755e-02   1.9762905e-01  -1.8156009e-02  -2.7081709e-01   6.0347554e-02
  -1.2892641e-01  -1.4572534e-01  -7.0833365e-02   1.2713884e-01   1.2130622e-01   3.6531872e-01  -2.2705354e-01
   3.5639213e-02   2.4121578e-01  -4.5643780e-02  -4.3802566e-02  -2.7393920e-02  -2.7370736e-01  -4.1301861e-01
  -3.2460064e-01   2.4394995e-01  -7.0292668e-03   3.5879753e-01   2.1784311e-01   1.7960077e-01  -6.8067861e-02
  -2.4800751e-01   1.2501316e-01   4.4104562e-01  -1.2415269e-02  -3.2927396e-02   3.2382880e-01  -2.6742889e-02
   4.8296602e-01   5.3044611e-01   3.0331412e-01   4.2020201e-01  -1.6432892e-01   5.7561399e-01   5.4926108e-02
   1.9677989e-02   2.1754458e-01  -1.5733648e-01  -1.8441485e-03   4.2243417e-01  -2.9041363e-01   2.8314313e-01
  -1.4745682e-01   6.6009624e-02  -6.3918142e-03   2.5008854e-01  -5.7912680e-02  -2.5469167e-01   1.4229812e-01
   1.7088168e-01  -4.0980952e-01   7.1300629e-02  -2.9361423e-02  -4.0317719e-01  -1.5324103e-01   1.7604122e-01
  -3.1203352e-01  -2.2372308e-01  -3.2383870e-02   8.7885850e-03  -1.0830182e-01  -2.0850186e-01   2.3239506e-01
  -6.3870492e-02   6.2510838e-02  -7.6016165e-02  -5.7450117e-02  -1.4785696e-01  -8.3337763e-02   1.0154700e-01
  -3.6885980e-03   3.9526747e-02   1.7519788e-01   9.3698271e-02  -1.9480508e-01  -8.1480537e-02   2.7220691e-01
  -4.8943639e-01  -5.3109350e-01  -2.4362689e-01   2.1646263e+00  -3.1792114e+00   4.2295340e-01  -4.8447332e-01
  -3.7869170e-02   4.0542098e-02  -1.1092724e-01  -1.0688512e-01  -8.0129632e-02   4.6088468e-04   1.5445022e-01
  -6.8452312e-01   3.7628948e-01   2.2338309e-01   3.9096450e-01   4.4947855e-01   5.5482535e-01  -5.1853108e-02
   6.0931196e-02   3.8625541e-02  -1.7874618e-01  -7.3261062e-02   1.8455500e-02   2.4908514e-01   8.8682398e-02
   2.0213921e-01   5.1233811e-01   4.1952675e-01  -1.7925220e-01   9.1847606e-01  -4.0072903e-01  -4.3987998e-01
  -1.4236360e-01  -2.2632878e-01  -2.7371779e-02  -1.9779289e-01   8.9605098e-02   1.7910969e-01   2.3009352e-02
   1.0648784e-01  -1.8254765e-01   1.2336409e-01   2.3723243e-02   8.4247874e-02   2.2295102e-01  -4.2493152e-02
  -3.8021124e-02   4.1741962e-01   3.2506063e-01   4.0996790e-01  -7.1700604e-02   1.7737511e-01  -1.0843469e-01
   1.4914515e-02   8.8798861e-02  -5.9219529e-02  -6.5671965e-02   1.7220100e-01   2.9075524e-01   2.1999117e-02
   1.4246060e-02   2.8890521e-01  -9.1649403e-02   3.6524499e-01  -1.9270868e-01  -3.8082723e-01   4.9887671e-02
  -1.9606601e-01  -1.0384829e-01  -1.4960974e-01   1.5857477e-02   3.8079547e-02   1.0235195e-01  -1.9765502e-01
  -1.4813698e-01   1.4410642e-01   4.9546034e-01   4.7496203e-01  -2.3816780e-02   2.1937045e-01  -1.8191086e-01
   1.2674892e-01  -2.1446247e-02  -3.1321152e-01   1.1701835e-01  -6.6727509e-02  -1.5403990e-02  -3.0738518e-01
  -2.3607959e-02  -6.4905467e-02  -1.0338706e+00   1.4645450e-01  -7.5033022e-02   1.5918124e-01  -3.9403038e-01
