   2.5029788e-01
  -3.2726590e-01
   2.3103434e-01
  -5.6295502e-01
   4.6232567e-02
   9.4532446e-03
   1.2285263e-01
  -3.1479602e-02
   5.6386119e-01
   3.7719438e-02
   6.4420347e-01
  -2.0843242e-01
   2.2330141e-01
  -1.7004600e-01
   2.5811120e-01
   4.0097582e-01
   9.8803130e-02
   4.0592144e-01
  -3.5334733e-02
  -5.4827543e-02
  -2.6342549e-01
  -2.5191470e-01
  -1.3658340e-02
   1.6390864e-01
   2.3350580e-01
  -3.0173630e-01
  -1.1189359e-01
  -3.9900510e-01
   1.8374666e-01
   7.6021257e-02
   3.1615563e-01
  -4.9423869e-02
   1.7868126e-01
  -3.6191484e-01
  -5.2995067e-02
   9.7030458e-02
  -7.2308002e-02
   3.7229561e-02
   2.5784128e-01
   1.2327039e-01
   2.2265199e-01
  -1.8374033e-01
   1.7734506e-01
