   5.2217962e-01  -5.6199191e-01   4.6518255e-01  -4.2513663e-02   2.6547368e-02  -5.5389931e-02   6.4060686e-01
  -3.1066485e-01   5.5242461e-02  -4.0444887e-01   1.6089984e-01  -2.7392450e-01  -9.0693044e-02  -6.7830468e-03
  -6.0717423e-03  -1.2243285e-01   6.0930738e-02   2.7355325e-01  -3.8301541e-01  -2.4610318e-01   1.8903468e-02
   2.2437422e-01  -3.0215832e-01   5.5893394e-02  -2.0689100e-01   2.4170234e-01   2.2844033e-02  -4.8435355e-02
  -7.0356367e-01   3.2758437e-01   3.3116106e-01  -2.1253303e-01   5.1721698e-01   8.1411649e-01  -4.6050288e-02
  -6.5081616e-03   3.7521797e-02   2.9731041e-01   2.1827276e-01  -2.3095365e-01  -3.1050174e-01   1.7562507e-01
  -9.5513255e-01   5.0475604e-01  -8.7068077e-01  -2.3003526e-01   6.5579358e-01   4.2547971e-04  -4.0930273e-02
   4.4774397e-01   4.5642606e-02  -3.8086246e-01  -6.3319672e-02   1.0902989e-01   2.2312405e-01   2.8188064e-01
   1.5807437e+00  -1.5190392e+00  -5.0989640e-01  -1.2780940e+00  -4.4376333e-01   7.3154191e-01   3.6450624e-01
   1.4977517e-01  -1.9627938e-01  -9.5396130e-01  -3.4288117e-01   2.0093266e-01  -3.9726006e-01   2.8662675e-01
   1.0203910e-01   1.4093030e-01   2.1837567e-02   9.9287061e-01   1.4188037e-01  -6.3946874e-01  -3.9344931e-01
   7.7951440e-01  -3.1468578e-01   2.0905304e-01   9.4596177e-02  -3.6098880e-02   4.9134498e-01  -8.3660673e-01
  -8.6136865e-01  -2.7743583e-01   2.8407536e-01   5.5211919e-01   3.9654210e-01   6.1673183e-01  -4.5492691e-01
  -5.8159251e-02  -4.5862883e-01  -5.3784439e-02   2.3998471e-01  -1.6585428e-01  -1.4494178e-01  -5.0247425e-02
   1.0963802e-01   2.9240737e-01   2.3064393e-01   2.9723520e-01  -4.3412033e-01  -2.4983121e-01   1.8197654e-02
  -4.8128647e-01  -2.3591034e-01  -4.1373919e-02  -9.0034327e-01  -2.5820341e-01  -1.9308105e-03  -4.3915110e-02
  -1.4172361e-01   1.0052471e-01   5.4570737e-01   1.3490096e+00   2.0350464e-01  -5.5415242e-01  -3.3063958e-01
  -4.4734683e-01  -2.6457419e-01  -2.9739169e-01   1.9835444e-01  -4.8013869e-01  -2.4592369e-01   2.3811428e-01
  -6.1503386e-01  -5.9502639e-01   2.7294262e-03  -1.1898503e+00  -1.3055289e-01  -6.6682078e-01  -1.6933761e-01
  -3.0299630e-01  -2.7052571e-02  -2.3124813e-01   1.9203897e-01  -1.6852329e-01   9.8965829e-02   1.1257901e-01
  -1.0996572e+00  -5.4177974e-01  -1.3917260e-03   1.6582240e+00  -1.8112756e+00  -1.5640110e-01  -8.3756700e-01
   2.2821130e-01   1.3697009e-01   1.2696705e+00  -7.8254927e-01  -2.3119384e-01  -5.2029793e-01  -3.2380846e-01
   1.4082398e-01  -1.9431936e-01   7.5635743e-01   9.5010256e-02  -8.0977522e-02   3.1675891e-01   2.1060562e-01
   6.1458445e-01   8.0656488e-01   2.9580856e-01  -1.0482055e+00   1.9275973e+00  -3.0331401e-01   6.9770790e-02
   1.4486700e-01  -4.6512624e-01   4.8127373e-01  -2.0497157e-01   1.5896355e-01  -6.0628168e-02   3.6662409e-01
   6.8245290e-01   5.6006425e-01   2.2724133e-01  -2.7671924e-01   5.1076764e-01   8.7012996e-01  -5.9499663e-01
  -6.0109793e-01  -8.2019667e-01   2.6249924e-01   3.4573162e-01  -9.9711396e-03  -6.7844831e-01   8.2209642e-01
   5.5010462e-01   2.1618695e-01  -1.9215058e-01   9.6309390e-02   1.5240196e-01   7.6840029e-01   2.0407428e-01
