   2.6415928e-02  -3.3454428e-02   4.3731515e-02   1.3799258e-01  -3.4249509e-01  -2.1060664e-01  -7.5477185e-02
   3.3886336e-01   5.7957267e-01   4.5096103e-01   3.1889713e-01  -2.6365888e-02   2.9008889e-01  -8.4588873e-02
  -2.9078432e-01   7.1953088e-01  -3.8396698e-01   4.3456101e-02   1.8386560e-01  -3.8597619e-01  -4.0840471e-02
  -5.4808619e-02   2.5161781e-01  -4.6453107e-01   3.0607774e-01  -3.8953198e-01   2.2346830e-01  -1.7397239e-02
  -1.5258731e-01   3.1452310e-01   6.7874158e-01   1.2047323e-03   2.6317132e-01   1.8736866e-01  -3.2977568e-01
  -1.2574938e-01   2.2795183e-01   1.0060930e-01  -7.5127092e-01   4.3297025e-01  -2.4782137e-01   2.0420919e-01
  -1.5491473e-01  -4.7611278e-01   2.1580769e-01  -1.6479413e-01   3.3788723e-01  -2.3432204e-01   4.5729083e-02
  -4.4515157e-03   7.9679526e-01   3.4401519e-01   4.4372161e-01   2.3506799e-01  -4.3079433e-02  -2.1848002e-01
  -6.6825802e-01   1.5890938e-02   3.3756113e-01   2.7162160e-01  -7.0140154e-01  -1.1370652e-01  -3.5570945e-02
   2.5851435e-01  -2.1014648e-01   3.3022723e-01  -2.7874391e-01   1.5508886e-01  -5.6212064e-03   2.9555690e-02
  -4.3469258e-01   2.6665131e-01  -9.7508060e-02  -6.8938540e-01   1.6694423e-01  -1.5047734e-01   4.8554399e-01
  -9.7920088e-02   2.5376987e-01   1.1070907e-01  -4.0732457e-01   3.9062982e-01  -6.1095824e-02   1.7504858e-01
  -1.8883139e-01   2.0869090e-01  -1.3917730e-01  -3.3494449e-02   1.2316600e-01   2.9026601e-01  -9.9220404e-02
  -3.0358942e-01   1.6342904e-01  -2.8178620e-01   2.2368730e-01  -3.2469485e-01   2.7096285e-01  -4.8964208e-02
   2.8827911e-01   1.0814554e-01  -3.0169867e-01  -9.6643572e-03  -1.7632152e-02   1.2587513e-02  -2.0397819e-01
  -2.6279899e-01   1.0655583e-01   9.7663625e-02   6.7511014e-02  -2.3593348e-02   1.5370906e-01  -3.4037748e-02
   3.0728447e-01  -5.2859042e-01  -4.4684599e-02  -1.0896702e-01   1.0377013e-01   3.4047806e-01  -2.4456770e-02
   3.0993198e-01   1.2244418e-01   2.3266539e-01  -7.3742273e-01   6.0910356e-01  -5.6132307e-02   7.8847605e-02
  -2.8808783e-01  -9.2803376e-02   1.3787020e-01   1.9831517e-01  -3.3209833e-03  -8.8654287e-03  -3.4764801e-02
   3.6625536e-01   4.4428037e-02   2.5063762e-01  -1.0883356e-01   6.1266008e-01  -3.3424488e-01   2.1289863e-02
   1.5982434e-01  -3.8319033e-01  -1.3928618e-01   3.2788554e-01  -4.9086121e-01   3.1675492e-01   5.6741275e-02
   2.1641592e-01   2.6927782e-01  -5.4616018e-02   6.0736831e-01  -5.5005035e-01   5.2380729e-01  -1.7731386e-02
   4.1591095e-02   2.8406235e-02  -3.5610990e-02  -2.7217947e-02  -5.3804928e-02   7.4351090e-02  -1.6252865e-02
  -1.3022321e-01   5.2702156e-02  -2.5304902e-01   7.4415058e-02   1.5353450e-01   5.9953144e-02  -1.6225622e-01
  -2.8049005e-02  -3.9903557e-01   7.5236744e-02  -2.5882565e-01  -3.2168456e-02  -1.6564338e-01   3.0446443e-01
   1.4123512e-01   2.0797487e-01   5.0743742e-03  -2.5132913e-01   6.1730969e-01   2.0100719e-01   7.9598283e-02
  -8.9278488e-02  -6.8104370e-02   3.5506885e-01   2.8458336e-01   2.4726470e-01   1.0617981e-01   6.7441859e-02
  -2.6683419e-01  -2.5040931e-01   3.5430198e-01  -2.8682302e-02   2.7476286e-01   8.2160789e-02   6.1747776e-03
   3.4310582e-01   4.4962716e-01   1.1290199e+00  -1.0462079e-01   1.0091682e-01   3.8660235e-01  -2.0306121e-01
  -7.2204793e-01  -2.8566569e-01   1.9247895e-01   3.5827507e-01  -6.6383202e-01  -2.7456656e-01  -2.9380806e-01
  -7.3493559e-01   3.2274087e-01  -3.3231835e-01   8.3129666e-01   6.1004601e-01  -7.5758437e-01  -4.7201952e-02
   2.2784519e-01  -2.7901025e-01  -4.6272785e-01  -5.1140624e-01  -2.5047153e-01   3.1724207e-01  -8.4793114e-02
  -8.6654983e-02  -3.6436312e-01   6.0328065e-02   9.3799392e-01  -6.4933679e-01   3.5662117e-01  -1.7570063e-01
  -5.4033608e-01   1.3935723e-01  -8.5508815e-02  -2.8260881e-01  -1.2256505e-01  -9.4845342e-02   3.1289873e-01
   3.7920603e-01   3.3664052e-01  -1.8926589e-01   2.7934517e-01  -1.8440413e-01   2.0546660e-01  -5.0180141e-02
  -1.7818876e-02  -2.2048779e-01   9.7951828e-02  -2.7271673e-01   5.8322869e-02  -8.0426958e-01   2.7862490e-02
  -4.3444057e-02  -3.2874170e-01   8.2616379e-02   1.1218713e-01   2.1500165e-01   1.8014948e-02  -6.4556095e-02
  -5.0326202e-01  -3.2424688e-01  -2.6074716e-02   3.6355109e-01  -8.8406251e-01   3.3375124e-01  -2.1643183e-01
  -2.9403443e-01  -1.8838874e-01   2.1789720e-01  -3.7904650e-01   1.8458460e-01  -2.4550992e-01   1.8254116e-02
   3.4623279e-01   2.9662457e-01  -1.7305897e-01  -1.3455996e-01   2.2929794e-01   1.1220566e-02   1.9924308e-02
