   1.6372577e-02
   2.8312501e-01
   1.1279996e-02
   1.5991723e-01
   2.2206417e-02
   5.2030223e-02
  -5.3187292e-02
  -2.9582057e-02
  -1.8869915e-02
   8.3608653e-01
  -1.6208217e-02
  -5.8862353e-02
   1.0023722e-02
  -2.9586591e-02
   1.3546018e-02
  -1.3083023e-02
  -5.8400449e-02
  -1.3164870e-01
   1.2872518e-03
   3.3363928e-03
  -7.1290311e-03
   1.2048254e-02
   1.2120666e-01
   4.9087760e-02
   1.4449375e-02
  -3.9932687e-01
  -1.6917601e-01
  -8.4891005e-02
   1.5377512e-02
  -8.0723587e-02
  -3.6171403e-02
  -6.6257671e-02
  -9.4996279e-02
  -8.9429246e-02
   1.3063476e-02
  -1.5696846e-02
   4.4903419e-03
   2.8973480e-02
   4.1045990e-01
  -3.8476942e-01
  -1.0669263e-01
