   4.1443931e-01   6.5207758e-02  -1.4542364e-01  -1.9811822e-02  -3.0648106e-01   5.7879608e-01   9.1621714e-02  -8.6278955e-01  -2.5972165e-01   1.5777777e-01  -1.1412342e-01   2.2826829e-02   2.0014279e-01   3.7297660e-01   1.3224148e-01  -4.6261200e-01  -7.7702804e-02  -2.2270183e-01   2.2306647e-01   1.2600108e-01  -2.2791533e-01   1.0371181e-01   6.3240295e-01  -2.1345343e-01   1.7376991e-01  -2.1215051e-01   8.0579987e-02   2.3727997e-01
  -1.7205394e-02   3.0504640e-02   2.2334814e-03   2.1986184e-02   3.3207067e-02   8.4888631e-03  -1.9506064e-02  -6.8739442e-03   1.0788288e-05  -3.8952450e-03   1.2090361e-02  -1.2522723e-02  -9.8001750e-03  -3.8485653e-03  -2.0589197e-02  -2.4302420e-02  -2.4898585e-02  -1.2446751e-02   1.0107425e-03  -1.2380185e-02  -8.7656260e-03   3.8526461e-02   2.1840087e-02   3.1896894e-02   5.1997393e-02   4.6943871e-03  -1.4876590e-03  -1.1357065e-02
   3.7204735e-02  -3.9971236e-03  -5.5356169e-02   2.1339752e-02  -1.1479732e-01  -3.9348129e-01  -8.1443277e-03   2.1334022e-01   1.2501387e-01  -2.9180754e-01   1.3138869e-01  -6.6281396e-02  -2.3685990e-01  -2.4798381e-01   3.0149045e-02   4.3788804e-01  -1.8459361e-02   1.7875146e-01  -1.7506219e-01  -2.8525814e-01   4.0054711e-01  -6.5451435e-02  -3.8157049e-01   1.1689545e-01   1.8860402e-02   6.3923286e-02  -1.3927994e-01  -3.1902583e-01
  -7.6036989e-03   1.8482360e-02   6.7957716e-03  -6.2195370e-03   2.4708073e-02   7.3147174e-03  -4.4793195e-03   2.9872446e-02   8.1766994e-03  -3.0995938e-03   1.6544801e-03   1.9413743e-02   1.0409460e-02   1.1024525e-02  -1.3715124e-02   3.5585154e-03   2.9725101e-02   2.5783030e-02   5.9976968e-03   1.1100558e-03  -2.5974294e-02   1.4367367e-04   1.1383677e-03  -3.7717248e-03  -8.6365343e-03  -4.5821389e-03   5.9519763e-03  -3.4578192e-03
   1.1370417e-01  -2.5585024e-01  -1.3266014e-01  -5.8883436e-02  -1.2856467e-02   1.8262003e-01   1.8419878e-01   3.1481515e-03  -1.0498997e-01  -1.1317647e-02  -1.4810341e-01  -4.0532202e-02  -2.4110118e-02   3.2154654e-03   1.6169583e-01   1.1360297e-01  -2.9982686e-02  -1.3230894e-01   1.8028737e-01  -1.9825352e-03   7.2525034e-02  -1.5857627e-01  -3.3027185e-01   1.5810930e-01  -8.8324433e-02   7.2834116e-02   1.8000134e-01   1.2900499e-02
  -3.1437108e-02   6.4594195e-02  -9.8358159e-04   3.6193440e-02   5.5812923e-02   1.9702043e-02  -3.7018290e-02  -3.4368937e-03  -6.4829989e-03  -2.1687227e-02   4.7214447e-02  -3.0209858e-02  -1.4161529e-02  -1.0496853e-02  -4.7981146e-02  -4.8358215e-02  -2.3371720e-02  -6.0290823e-03  -1.7273153e-02  -1.9796081e-02  -3.2823860e-02   6.8246256e-02   4.5789054e-02   3.1231059e-02   1.2189779e-01  -4.3715287e-03   1.2359939e-03  -2.7493974e-03
  -4.7495306e-02   8.1144618e-02   1.2389833e-02   5.6376347e-03   1.1240831e-01   1.0194445e-01  -7.3112463e-02  -7.6988059e-02  -1.7071620e-02   1.9112191e-02   2.6088136e-02  -2.0497684e-02   1.8425699e-02   2.2732796e-02  -5.0530068e-02  -1.3326755e-01  -4.3680580e-02  -5.1839357e-02   2.4544738e-02   9.7675308e-03  -1.0437054e-01   9.2183465e-02   1.3359844e-01   4.1716494e-02   7.0096162e-02  -9.5280990e-03   5.4064326e-02   6.6129207e-02
   7.3643370e-03   1.6430491e-01   9.3944751e-02   1.5664835e-01  -1.0301836e-01  -5.5682216e-02  -1.3545236e-01  -3.6725439e-01  -2.1273223e-01  -1.6635574e-01  -3.1884764e-02   3.5393772e-03   8.2112511e-02  -2.9084890e-01   1.8156284e-01   2.4160285e-01  -1.0492054e-01   1.6266570e-01  -2.3554066e-02  -7.1692107e-03   1.2401125e-01   2.0396667e-01   2.5820343e-01  -2.7306877e-01  -1.3949287e-01   4.8346190e-01  -1.8128450e-01   2.1192626e-01
   1.3054943e-02   3.7248658e-02  -2.2098229e-02  -1.3372682e-01   4.8686106e-02   7.4987924e-02   5.8904636e-02   3.4487940e-02   1.1138125e-01   1.6917279e-02   5.2120003e-02   9.9851287e-02  -6.7088696e-02   9.7223225e-02   4.6578452e-02   2.3124062e-02   4.1359990e-02   8.3775432e-02   3.4164143e-02  -8.3837463e-02  -3.1188928e-02  -9.7364754e-02  -9.3559661e-03  -5.5585946e-02  -1.8263122e-01  -5.0863919e-02   7.2486950e-02   7.5325783e-02
   7.5964815e-02  -7.7581538e-02  -1.0281256e-01   6.2798619e-03  -6.1102814e-02  -1.6061984e-01   1.0123740e-01   1.4243679e-01   5.3162953e-02  -1.8949566e-01   4.0102324e-02  -1.0915558e-01  -1.0255353e-01  -1.5130768e-01   7.6084768e-03   1.9324521e-01   3.4927727e-02   1.1462832e-01  -3.6453442e-02  -1.5578624e-01   1.9760423e-01  -1.4086558e-01  -2.7054284e-01   9.5201551e-02   1.4236869e-01  -2.2179021e-02  -7.8601135e-03  -9.3616901e-02
  -1.7822612e-02   4.2390505e-02   2.1351014e-02   3.6260361e-02  -1.0138754e-02  -2.5480819e-02  -2.9776953e-02  -2.0759839e-02  -1.0796635e-02  -3.8058309e-02   2.7285963e-02  -3.0111126e-02  -2.8580187e-02  -4.9357949e-02  -1.0610504e-02  -1.0934869e-02  -4.6121067e-02  -1.6097761e-02  -4.3318201e-02   3.1934234e-04   6.0469450e-02   3.0366139e-02  -2.2731051e-02   2.6300099e-02   3.2901371e-02   2.9365027e-02  -4.0281911e-02  -2.8009667e-02
  -1.1156134e-01   8.4607948e-02   9.7304343e-02   2.0438589e-02   1.9591677e-01  -1.7058504e-01   2.4262656e-02   4.3895006e-02   2.0194463e-01  -1.3749844e-02   5.3925694e-02  -3.3640178e-02   6.8778104e-03   9.8884807e-02  -2.0831318e-01  -1.5943682e-02  -1.1081147e-02   9.2926175e-02  -6.5287062e-02   9.8231281e-03   2.4244618e-02  -9.1887260e-02  -1.3896740e-01   7.6151360e-02  -7.8829153e-03  -1.1585319e-01  -4.7744220e-02   1.3715646e-01
   1.4100293e-02  -1.2788696e-02  -8.7378687e-03  -2.5122699e-02  -9.3230689e-03   2.0499959e-02   1.9699849e-02  -7.3603964e-04   1.8493108e-02   1.3483510e-02   1.2379032e-02   6.5644903e-03  -1.4859566e-02   1.5603571e-02   9.1151193e-03  -4.0450135e-04   1.2185792e-02   1.1735451e-02   5.7431104e-03  -1.2611952e-02  -1.6473583e-02  -2.3834965e-02   7.3749809e-03  -3.2871354e-03  -4.9862895e-03  -1.8553478e-02   2.4532875e-02   1.0556619e-02
   1.7551294e-01  -1.7759923e-01  -1.2527895e-01  -1.1767168e-01  -6.8745521e-02   1.2743893e-01   2.5522058e-01  -1.5845381e-01   6.9661377e-03  -7.3179715e-02   2.6823238e-02  -1.9683920e-02  -9.6347452e-02   4.8875961e-02   5.0033877e-02   7.5555487e-02  -1.0983402e-01   2.8954814e-02   2.2040751e-02  -1.1327127e-01   7.8750465e-02  -1.2178554e-01  -2.6276108e-01   5.6890347e-02   1.8607026e-01  -8.6827866e-02   1.2123975e-01  -4.2161151e-02
   9.7585239e-02  -1.6836923e-01  -2.0279146e-02  -7.4520969e-02  -9.8671323e-02   3.9920798e-02   8.8113673e-02  -5.8903247e-02   9.8856919e-03   3.9827039e-02  -9.1088788e-02   4.6272799e-02  -1.2294879e-02   4.8366428e-02   1.1466655e-01   5.0593959e-02   5.0194157e-03  -1.0457644e-02   5.5198112e-02   5.7697421e-03   3.4847269e-02  -9.2802731e-02  -7.6937993e-02  -8.7182151e-04  -1.4272833e-01   3.3940574e-03   3.9133049e-02   1.2962174e-02
  -1.7378925e-01   3.9849656e-01  -3.0268492e-02   4.0504699e-02   2.2904034e-01  -2.3808392e-02  -9.5264029e-02   6.4307418e-02   1.4493572e-01  -1.2861920e-01   2.1646483e-01   1.5200141e-01  -3.8795576e-02   3.1563631e-01  -2.0812339e-01   2.1426408e-01   3.2500571e-01   4.1279285e-01  -4.0919520e-02  -9.8292981e-02   2.4907739e-02  -6.9180747e-02   8.8426014e-03  -4.0181166e-01  -1.8930021e-01  -1.3141406e-01  -1.9884865e-02   3.6663812e-01
   4.6434747e-03   1.9086509e-02   1.2069893e-01  -7.1270391e-02  -3.8511436e-01  -5.2102988e-01  -2.7089935e-01  -4.0303634e-02   2.7375261e-01  -9.0865742e-02   8.6489175e-02   1.2581035e-01   1.6130364e-02  -1.6813538e-01   3.7497866e-02   2.4153663e-01  -4.9667237e-02   1.5929574e-01  -7.8362654e-02  -9.5103500e-02   6.8337018e-02   5.9594668e-02   7.1967986e-01  -6.1017805e-02  -3.5488908e-01  -8.0741188e-02  -3.2118231e-01   1.9435790e-02
   5.5985096e-02   3.2972123e-03   7.0249282e-02  -8.7494993e-02  -6.6311418e-02  -5.2515673e-02  -1.3004459e-02  -5.6513111e-02   9.7347452e-02   6.2485295e-02   2.2720720e-02   3.6394015e-02  -1.0924662e-02   7.7424806e-02   9.2082727e-03  -5.2608445e-03   3.3643976e-03  -3.5873190e-02   7.6534466e-02  -3.8230404e-02   3.5361311e-03  -8.0572132e-02   3.9017331e-02  -2.6624854e-02  -1.2955386e-01  -4.0047493e-02   5.0308758e-02   7.0060347e-02
   9.6056820e-02  -1.3786208e-01  -4.2324691e-02  -7.5501452e-02  -9.4506530e-02   1.0746619e-02   1.1098359e-01  -8.9093213e-03   4.5184929e-02   3.8745087e-02  -7.1055064e-02   4.2944139e-02   9.5148368e-03   2.1249861e-02   8.3035166e-02   7.1144777e-02   3.4967296e-02   1.8667064e-02   4.4315638e-02  -1.1180737e-02   9.2580326e-03  -1.1393847e-01  -6.5028601e-02  -5.3009198e-02  -1.7132677e-01   5.0785297e-03   3.2495371e-02   2.7901809e-02
  -7.5283523e-02  -2.6775839e-02   7.9138929e-02  -3.4059143e-02   1.1136446e-01   5.3215086e-01  -1.5968381e-01  -6.1369130e-01  -2.9672083e-01   3.4285972e-01  -1.9217014e-01   2.7502920e-02   3.5286346e-01   5.1258589e-01   1.0420987e-01  -3.9041249e-01  -6.8333074e-02  -1.9429948e-01   2.0865867e-01   4.0959564e-01  -4.6051837e-01   1.8012911e-01   9.2707815e-01  -3.5012184e-01  -3.1760849e-01   1.1381589e-01   2.3151886e-01   6.3289349e-01
   5.5857277e-03   1.6569560e-02  -4.2917346e-02  -5.4022503e-03  -4.2057691e-02   8.8528343e-02  -1.8460523e-02  -2.0367328e-02   6.8480225e-03   3.1607840e-02   1.0519717e-01  -4.8055048e-02  -8.1404510e-02  -3.3114209e-02  -3.3539671e-02  -6.8952266e-02  -2.4192772e-02  -6.4522802e-02  -1.1343828e-01   2.4414358e-02  -6.8852827e-02   2.8750257e-02  -3.3499331e-04   2.1914814e-02   1.3260226e-01  -6.8029606e-02   3.6883485e-02   3.2868682e-02
   1.1188661e-03   1.4805311e-02   5.4625653e-03  -8.8473446e-02   2.5220221e-02   1.9016816e-02   6.4928214e-03   4.9724912e-02   7.7649049e-02   1.0264555e-01   3.1044351e-02   1.3075571e-01  -7.4468353e-03   1.4153759e-01  -3.0728669e-02   4.4475193e-02   8.1569153e-02   4.8921965e-02   4.6903489e-02  -3.6270564e-02  -6.6111734e-02  -7.3571884e-02   9.4260261e-02  -7.2891079e-02  -1.7815065e-01  -5.6144783e-02   4.6405203e-02   2.4905989e-02
  -7.5345753e-02   8.4593456e-02   1.1498089e-01  -4.2104679e-02  -4.5180584e-02  -1.6275495e-01  -1.9131077e-01   3.9473296e-02   7.1017995e-02  -1.3104841e-01   6.2310573e-02  -9.3070499e-02  -9.1913043e-02  -2.3837180e-01   3.8967349e-02  -4.7146367e-02  -6.9898423e-02   8.8529583e-02  -1.6788874e-01   4.2990011e-02   1.5023618e-01   1.6047174e-02  -1.8016973e-01   1.3362250e-01   1.0756567e-02   4.8261144e-03  -1.0894636e-01  -9.8047147e-02
   1.9066154e-01  -6.8111344e-02  -1.0459270e-01  -5.6038963e-02  -5.6097111e-02   2.8768317e-01   6.7335694e-01  -3.7933627e-01  -1.8172937e-02   9.8911652e-02  -3.0425350e-01  -3.4067858e-01   2.3676855e-01  -5.1165285e-02   7.9979222e-02  -3.6169958e-01  -3.9525268e-01  -3.0222479e-01   4.0380372e-02   1.1054624e-01   5.2139313e-03  -3.9913789e-01  -7.1240610e-01  -2.1268212e-02   1.1398819e-01  -1.3894969e-02   2.5077573e-01   3.8662241e-01
  -5.7919691e-02   5.4881614e-02   2.3069930e-02  -8.0334034e-02  -2.0751303e-01   3.1790169e-01  -2.4126820e-01  -1.8754965e-01  -3.0743224e-01  -1.2296113e-02  -7.0587619e-02   2.0905890e-02   1.9454588e-02  -3.2608256e-01   3.8424099e-01  -2.0708903e-01   1.3174265e-02  -7.3328149e-02   1.1537638e-02   8.3962278e-02  -1.2002451e-01   3.0095702e-01   2.5518405e-01  -1.5566783e-01   4.8622375e-02   2.1178501e-01   3.7683682e-02  -9.3619963e-02
   1.3136209e-02  -9.1263491e-02  -1.8730247e-02   8.9769363e-03  -7.9247431e-02  -4.6406843e-02   4.0775958e-02   5.4434095e-02  -3.9130135e-02   1.9901901e-02  -4.7446004e-02   6.5237976e-02   3.7313074e-02   1.2983301e-02   5.7791565e-02   1.1554074e-01   4.7460927e-02  -5.5356149e-03  -2.8508939e-03   3.3962555e-02   4.6413613e-02  -5.2682455e-02  -8.3010455e-02  -5.3775125e-02  -1.6657394e-01   4.2141280e-02  -4.5675247e-02  -5.1498262e-02
  -2.4861918e-01  -5.7936591e-02   1.3005194e-01   2.4168050e-01   8.0988694e-02  -3.8841421e-01  -1.2769782e-01   2.8276748e-01   1.3581041e-02  -1.2650047e-01   3.0091729e-02  -9.8172277e-02  -4.4268460e-02  -3.3911532e-01  -3.6900060e-02   3.8875852e-01  -6.6099361e-04   9.5095442e-02  -2.0064302e-01  -7.4769691e-02   2.2196063e-01   4.0532010e-02  -4.2751526e-01   1.2179532e-01  -3.3133297e-03   3.9314827e-01  -2.4535249e-01  -5.5361015e-02
   1.4921835e-01  -2.8460256e-01  -7.0867606e-02  -1.2028832e-01  -3.0799815e-01   1.5596507e-01   2.2112661e-02  -3.8449844e-02  -1.9497765e-01  -3.8374163e-02   3.5069110e-02  -2.0261476e-02  -1.3733582e-01  -1.1626686e-01   2.2687985e-01  -4.6410447e-02   1.6280840e-01  -4.7486949e-02   7.3390434e-02   7.6894252e-02  -6.4839663e-02   1.1776221e-01  -3.1120747e-02   1.1558257e-01   3.0494956e-01  -8.0211616e-02   6.8654803e-02   7.8660224e-03
