   2.6603206e-02  -2.2264545e-01  -7.5515035e-02   2.9338046e-01   2.8250390e-02  -5.3057414e-02  -2.0696264e-01
   3.9306873e-01   1.7398096e-01   1.3358594e+00  -8.4725640e-02   5.6005658e-02   7.5795985e-02  -1.1152992e-02
  -9.0075830e-02   1.9427607e-01   2.3612123e-01   1.3484301e-01  -2.4422190e-01  -4.7208484e-01  -1.2966822e-02
  -6.7429292e-02  -3.2293802e-01  -8.1411275e-02   2.9109028e-01  -4.4229110e-02   1.0633659e-03   2.5160899e-01
   5.5453779e-02  -6.3869109e-01   1.3986289e-01   7.8542475e-02  -8.0772928e-01   7.0006983e-01   2.0767920e-01
  -4.8513236e-02  -1.5864614e-01  -1.7686569e-01  -3.1600353e-01   3.3557122e-01   3.3777220e-01  -1.1199030e-02
   1.6089004e-01   5.7569139e-02  -3.1849744e-01  -4.0697778e-01  -1.5768512e-01  -1.5946293e-01  -5.4656642e-01
   9.5831851e-02  -2.7760030e-01   2.7137445e-02   2.1353376e-01   2.3221833e-01   7.1696556e-01   1.5786321e-01
  -3.0962008e-01   8.4377691e-02  -2.3956245e-01   2.5153568e-01  -3.5001255e-01   5.1199437e-01   9.6397533e-01
  -1.8232368e-01   2.9883304e-01   9.8988612e-02   3.0113008e-01   4.2017709e-01  -1.1373482e-01   1.6525165e-01
   1.8502713e-02   1.3701680e-01   1.2093730e-02   1.7495434e-01  -4.3347090e-02   1.3525575e-01  -1.6186591e-01
   1.4125626e-01  -2.0064005e-01  -8.4094186e-02  -6.1611685e-02  -1.8945802e-01   2.2379110e-01  -2.0025004e-01
  -1.8625870e-01  -1.7056867e-02   2.9629156e-01   6.0916233e-01  -2.7499296e-01   5.5328821e-01   9.0539803e-01
   3.8103237e-01  -7.0780416e-01   1.3897171e-02  -9.7777184e-01   8.7896706e-02  -1.1843096e+00   2.7890320e-01
   1.8284514e-01  -4.4851443e-02  -3.6148079e-01   1.1878402e-01  -7.4744745e-01   1.0500048e-01   2.6250567e+00
  -1.1630796e-01   9.8181871e-02  -1.9788204e-01   1.3271141e-01   1.0640034e-01   5.0315446e-02  -7.4752271e-02
  -2.0410734e-01  -7.6376643e-02   2.4981913e-01  -2.7030146e-01  -3.8783764e-03   9.0026752e-02  -2.4654945e-01
   7.7628287e-01  -7.5500786e-01   6.7533862e-02  -8.0199233e-01  -6.8338798e-01   4.3183105e-01  -1.6525858e-02
  -1.8054625e-01  -4.8604786e-02  -1.8257990e-01  -1.3901714e-01   6.9833813e-02   1.9328722e-03  -7.5905190e-02
   1.9777690e-01  -2.7134023e-03  -1.9019641e-01   6.5029890e-01  -1.3459446e-01  -3.0063318e-01  -1.7909755e-01
   2.6630470e-02  -9.6811337e-02   1.8912193e-01  -2.2141791e-01  -8.4981896e-03   1.0970198e-01   1.1359656e-01
  -1.2573581e-01  -9.7870139e-02  -1.5996844e-01  -2.6506583e-02  -6.1768035e-02   1.9297368e-02  -3.8051949e-02
  -1.6249503e-02   6.4884900e-03  -1.9742734e-01   1.1298389e-01  -4.7244266e-02  -3.4882637e-02   2.2551271e-01
   1.3203265e-01  -8.3220757e-02   5.3788178e-02  -5.8926637e-01  -1.3690734e-01   3.4576793e-02   7.1974781e-01
   1.1598347e-01  -3.5599143e-02  -1.9406340e-01  -2.3038194e-01   1.5847958e-01  -2.7083747e-01  -2.0856252e-01
  -3.5079763e-01  -1.8426920e-01  -3.2290094e-01  -5.6225823e-01  -7.8637855e-02  -2.2174690e-02  -5.3356733e-01
   2.3683362e-01  -1.6150253e-01  -2.0852595e-01   5.1453914e-01  -6.6408725e-02  -2.4157695e-01   7.5374493e-02
   1.5378389e-02  -2.3329551e-01   1.4787813e-01   2.5838257e-02   3.3217715e-01  -2.2796260e-02  -1.8303073e-01
  -2.8127704e-01   2.7377039e-01   1.4000201e-01  -1.1934332e-01   5.1819667e-02  -1.3355527e-01  -1.9890201e-01
   1.3392434e-01   5.7173560e-02   2.7461384e-01  -1.4923854e-01   2.4902727e-02  -1.9243479e-01  -2.4470160e-01
  -1.9164130e-01   5.6283514e-01  -1.9384188e-01  -4.3899155e-01   1.0586355e+00  -6.5009802e-01   3.8052045e-02
  -3.9986260e-01  -2.8871077e-01  -1.1583907e-01  -3.0335162e-02   1.6785069e-01   1.6889015e-01  -1.9016994e-01
  -3.4536742e-01   3.3552196e-01  -6.3567200e-01   3.3805577e-01   3.8620664e-01   7.4236280e-03   1.7341038e-01
  -3.3089934e-01   7.6961681e-02   3.4997399e-01   2.3031694e-02  -1.4220236e-01  -1.1997967e-01  -2.7787049e-01
